53 
14 
15 
46 
78 
53 
12 
36 
53 
53 
14 
15 
15 
32 
112 
97 
31 
63 
32 
176 
207 
102 
4 
127 
274 
260 
149 
12 
84 
110 
96 
65 
66 
20 
42 
16 
14 
19 
78 
160 
145 
97 
16 
64 
81 
74 
19 
11 
42 
32 
144 
17 
14 
62 
46 
14 
49 
65 
33 
32 
14 
12 
33 
41 
133 
176 
163 
148 
53 
42 
58 
83 
100 
101 
37 
33 
97 
80 
32 
15 
46 
5 
26 
43 
43 
21 
69 
174 
197 
108 
37 
112 
147 
180 
133 
173 
27 
62 
209 
195 
133 
101 
14 
49 
65 
64 
0 
64 
48 
47 
31 
0 
1 
17 
26 
26 
10 
42 
59 
43 
43 
68 
100 
35 
132 
116 
76 
20 
101 
126 
110 
69 
28 
20 
33 
1 
83 
142 
161 
131 
84 
37 
21 
10 
3 
11 
26 
1 
48 
65 
51 
20 
5 
10 
65 
33 
30 
0 
128 
192 
191 
93 
5 
105 
164 
255 
289 
250 
30 
305 
387 
212 
204 
122 
0 
41 
68 
175 
225 
187 
171 
107 
14 
96 
83 
85 
80 
50 
75 
1 
64 
90 
83 
36 
26 
74 
42 
53 
62 
126 
126 
62 
37 
3 
58 
49 
47 
46 
60 
65 
71 
75 
120 
68 
72 
36 
31 
35 
31 
34 
5 
0 
50 
148 
149 
53 
35 
69 
47 
25 
4 
15 
35 
62 
66 
10 
16 
66 
84 
78 
95 
95 
113 
98 
11 
42 
33 
0 
16 
33 
42 
123 
20 
101 
110 
110 
46 
10 
58 
4 
27 
5 
69 
26 
21 
53 
74 
26 
69 
69 
21 
26 
51 
68 
59 
90 
106 
33 
48 
95 
109 
59 
46 
145 
179 
181 
85 
5 
83 
36 
117 
174 
175 
159 
126 
60 
5 
32 
99 
110 
129 
115 
117 
101 
53 
3 
53 
47 
57 
52 
63 
65 
51 
53 
94 
175 
142 
45 
4 
94 
161 
19 
10 
80 
78 
44 
46 
17 
92 
106 
15 
129 
147 
148 
52 
3 
21 
62 
80 
74 
35 
36 
5 
1 
0 
32 
31 
49 
42 
21 
43 
91 
139 
155 
122 
0 
105 
132 
110 
79 
33 
17 
26 
58 
26 
30 
95 
64 
65 
58 
35 
36 
36 
44 
59 
26 
1 
0 
0 
21 
76 
26 
14 
32 
10 
51 
42 
65 
16 
49 
139 
171 
171 
106 
23 
52 
104 
132 
184 
148 
79 
26 
3 
37 
5 
42 
43 
35 
4 
10 
42 
81 
64 
80 
1 
110 
173 
171 
65 
105 
148 
158 
96 
32 
16 
47 
96 
17 
26 
91 
35 
11 
27 
74 
74 
42 
17 
15 
48 
129 
138 
138 
90 
16 
33 
3 
10 
48 
22 
43 
17 
89 
100 
78 
95 
80 
64 
32 
48 
90 
51 
36 
5 
16 
46 
29 
5 
111 
129 
90 
59 
43 
27 
85 
149 
10 
186 
218 
177 
15 
34 
181 
239 
129 
15 
111 
128 
95 
0 
46 
17 
37 
69 
28 
4 
85 
94 
127 
47 
30 
51 
116 
78 
46 
0 
47 
47 
14 
12 
4 
46 
96 
81 
58 
59 
19 
4 
42 
26 
17 
14 
31 
47 
63 
47 
78 
53 
12 
10 
111 
93 
58 
24 
68 
127 
113 
99 
101 
85 
37 
35 
10 
0 
82 
212 
126 
79 
32 
15 
17 
17 
49 
65 
111 
64 
49 
37 
69 
3 
68 
68 
37 
5 
69 
35 
100 
133 
110 
62 
0 
48 
48 
47 
30 
149 
28 
53 
110 
127 
112 
48 
16 
48 
48 
111 
94 
44 
21 
112 
146 
116 
101 
69 
37 
35 
36 
69 
110 
79 
64 
65 
33 
1 
30 
14 
42 
26 
42 
42 
49 
33 
80 
30 
19 
46 
96 
67 
75 
97 
15 
65 
51 
20 
36 
60 
107 
122 
96 
226 
165 
144 
113 
59 
35 
11 
27 
27 
27 
3 
4 
11 
27 
58 
113 
32 
33 
51 
21 
1 
15 
80 
15 
62 
110 
94 
30 
10 
27 
35 
20 
12 
20 
52 
108 
91 
58 
48 
33 
51 
53 
47 
49 
35 
4 
5 
17 
30 
17 
49 
97 
65 
81 
144 
111 
62 
28 
46 
96 
66 
10 
64 
70 
27 
63 
114 
84 
30 
48 
33 
26 
42 
10 
1 
0 
65 
3 
85 
127 
177 
122 
33 
0 
0 
17 
34 
36 
53 
47 
48 
49 
1 
21 
62 
30 
14 
26 
69 
149 
172 
107 
49 
57 
84 
94 
113 
154 
83 
35 
68 
84 
84 
36 
44 
43 
27 
53 
5 
49 
81 
64 
15 
46 
61 
59 
1 
73 
84 
62 
48 
42 
19 
4 
5 
10 
58 
42 
27 
11 
28 
75 
74 
17 
15 
113 
138 
131 
76 
43 
43 
75 
138 
97 
15 
67 
126 
128 
130 
84 
68 
36 
19 
100 
85 
174 
142 
30 
85 
108 
58 
32 
99 
126 
160 
122 
107 
43 
21 
30 
48 
33 
44 
101 
176 
170 
123 
43 
4 
21 
1 
14 
63 
32 
32 
17 
30 
85 
60 
43 
74 
81 
15 
19 
69 
95 
81 
58 
11 
36 
52 
60 
43 
59 
74 
81 
80 
62 
18 
27 
1 
32 
34 
36 
78 
111 
64 
64 
16 
32 
17 
42 
83 
116 
101 
69 
5 
19 
4 
4 
5 
69 
62 
1 
33 
58 
53 
21 
122 
186 
225 
112 
50 
181 
208 
129 
10 
53 
85 
101 
36 
12 
4 
5 
5 
5 
5 
58 
58 
49 
33 
15 
32 
0 
17 
17 
5 
53 
124 
107 
58 
16 
30 
44 
1 
25 
20 
47 
83 
165 
175 
111 
1 
66 
68 
62 
97 
67 
110 
112 
58 
75 
75 
75 
53 
1 
0 
50 
52 
95 
97 
115 
20 
74 
97 
97 
96 
48 
16 
97 
1 
78 
62 
62 
85 
109 
107 
33 
41 
52 
31 
34 
68 
111 
113 
51 
11 
26 
42 
42 
43 
19 
4 
4 
4 
5 
10 
26 
33 
17 
0 
16 
17 
66 
132 
53 
5 
85 
92 
75 
33 
57 
36 
14 
32 
19 
53 
46 
64 
33 
1 
78 
63 
111 
79 
79 
1 
26 
83 
116 
53 
26 
90 
74 
49 
32 
0 
16 
33 
17 
30 
31 
31 
95 
158 
141 
59 
16 
50 
85 
89 
84 
94 
112 
74 
74 
42 
32 
65 
99 
101 
96 
74 
51 
53 
46 
46 
30 
46 
46 
42 
3 
10 
1 
0 
14 
12 
26 
80 
13 
132 
111 
64 
1 
10 
10 
10 
46 
143 
176 
129 
96 
47 
113 
42 
53 
44 
58 
81 
31 
60 
62 
121 
68 
33 
15 
90 
131 
140 
75 
10 
16 
18 
78 
105 
117 
192 
202 
139 
75 
20 
117 
110 
78 
47 
0 
47 
63 
78 
61 
11 
33 
47 
44 
37 
32 
18 
20 
21 
15 
16 
32 
96 
32 
48 
58 
35 
20 
14 
15 
0 
5 
3 
27 
5 
14 
63 
16 
15 
1 
14 
5 
67 
36 
69 
37 
1 
14 
30 
14 
16 
16 
0 
15 
14 
30 
5 
19 
36 
21 
62 
79 
111 
128 
79 
17 
146 
52 
11 
90 
96 
31 
66 
84 
62 
95 
47 
31 
49 
122 
123 
139 
139 
91 
10 
46 
64 
97 
81 
1 
46 
46 
14 
10 
42 
27 
11 
19 
3 
36 
52 
60 
59 
4 
26 
21 
37 
37 
5 
19 
36 
68 
85 
49 
49 
49 
48 
31 
30 
60 
74 
160 
109 
81 
60 
22 
7 
8 
22 
22 
38 
55 
24 
25 
34 
50 
131 
131 
114 
121 
17 
93 
81 
45 
81 
13 
30 
34 
46 
41 
58 
70 
14 
115 
136 
100 
8 
27 
8 
11 
8 
4 
24 
20 
24 
4 
24 
4 
40 
4 
23 
37 
121 
133 
81 
35 
33 
31 
3 
5 
15 
33 
51 
101 
47 
47 
110 
124 
90 
48 
12 
17 
34 
110 
130 
133 
80 
18 
59 
33 
16 
2 
11 
64 
54 
107 
119 
42 
66 
55 
117 
147 
152 
148 
111 
2 
75 
64 
46 
60 
65 
31 
28 
47 
98 
69 
95 
145 
131 
68 
75 
123 
107 
90 
64 
9 
100 
111 
50 
5 
0 
12 
46 
17 
28 
42 
15 
82 
116 
85 
63 
48 
15 
46 
78 
101 
140 
58 
16 
67 
78 
73 
52 
30 
48 
67 
53 
62 
80 
128 
113 
0 
96 
122 
139 
123 
91 
74 
15 
49 
115 
78 
15 
35 
110 
112 
83 
68 
69 
1 
97 
81 
65 
33 
14 
46 
14 
1 
14 
47 
47 
16 
17 
14 
5 
51 
69 
21 
33 
65 
80 
63 
30 
13 
11 
15 
89 
84 
62 
64 
45 
36 
126 
191 
143 
15 
33 
67 
69 
47 
96 
145 
113 
64 
0 
35 
110 
129 
115 
94 
48 
33 
19 
36 
53 
10 
43 
67 
36 
4 
20 
42 
106 
74 
106 
145 
160 
38 
36 
159 
177 
139 
107 
59 
42 
1 
80 
146 
180 
133 
14 
33 
49 
33 
15 
31 
15 
0 
0 
63 
78 
62 
37 
92 
42 
0 
81 
115 
84 
53 
30 
16 
0 
16 
16 
48 
64 
49 
33 
1 
17 
42 
5 
27 
11 
12 
4 
20 
11 
26 
10 
5 
21 
37 
37 
53 
53 
12 
4 
20 
21 
46 
14 
81 
96 
96 
0 
62 
124 
90 
15 
18 
53 
80 
83 
180 
165 
93 
84 
142 
128 
146 
100 
53 
30 
1 
49 
81 
97 
81 
49 
17 
0 
0 
17 
19 
53 
78 
112 
97 
138 
97 
65 
47 
13 
36 
78 
96 
74 
83 
36 
21 
5 
27 
35 
36 
53 
62 
62 
47 
79 
47 
47 
46 
29 
20 
37 
31 
113 
90 
10 
36 
44 
43 
4 
10 
21 
3 
52 
132 
149 
44 
27 
58 
33 
32 
122 
179 
164 
108 
91 
74 
32 
130 
165 
144 
114 
84 
52 
5 
5 
5 
21 
21 
28 
59 
33 
79 
45 
5 
41 
116 
127 
80 
42 
5 
21 
14 
0 
0 
34 
20 
14 
47 
97 
115 
36 
36 
20 
44 
27 
17 
0 
1 
12 
10 
14 
64 
90 
3 
107 
90 
113 
112 
14 
67 
53 
94 
128 
96 
32 
0 
58 
83 
52 
30 
15 
32 
42 
67 
68 
20 
37 
68 
44 
58 
17 
17 
35 
62 
64 
34 
4 
10 
49 
80 
110 
13 
4 
46 
15 
15 
17 
1 
30 
69 
85 
44 
5 
14 
31 
48 
65 
42 
5 
21 
78 
37 
5 
10 
83 
68 
20 
19 
52 
52 
4 
4 
36 
36 
52 
76 
155 
122 
64 
1 
67 
110 
112 
42 
12 
43 
33 
32 
42 
35 
20 
26 
58 
42 
187 
203 
138 
32 
66 
116 
143 
145 
106 
35 
27 
59 
107 
154 
170 
97 
16 
66 
59 
65 
6 
84 
191 
193 
90 
10 
10 
65 
31 
129 
163 
132 
37 
10 
33 
31 
95 
95 
30 
18 
4 
1 
31 
29 
10 
31 
18 
27 
80 
109 
10 
48 
99 
174 
176 
81 
33 
31 
129 
226 
180 
68 
108 
11 
17 
48 
38 
4 
62 
153 
132 
117 
78 
14 
65 
67 
68 
78 
143 
64 
33 
46 
63 
15 
15 
31 
14 
3 
20 
5 
15 
31 
14 
46 
69 
28 
27 
26 
33 
31 
80 
97 
5 
101 
133 
76 
43 
21 
62 
63 
64 
48 
17 
14 
30 
30 
46 
78 
142 
190 
141 
75 
0 
19 
63 
83 
95 
66 
101 
63 
49 
36 
92 
4 
68 
100 
44 
85 
95 
49 
28 
10 
31 
33 
3 
10 
14 
64 
97 
122 
91 
26 
5 
46 
48 
49 
21 
76 
59 
17 
48 
58 
3 
11 
42 
49 
33 
0 
15 
79 
174 
149 
19 
21 
32 
34 
4 
14 
48 
50 
4 
1 
0 
15 
37 
44 
27 
17 
272 
198 
171 
134 
104 
82 
34 
2 
221 
166 
134 
109 
68 
50 
55 
52 
7 
4 
31 
42 
51 
69 
69 
13 
20 
62 
96 
130 
132 
69 
30 
0 
48 
16 
15 
31 
110 
92 
65 
6 
26 
41 
69 
121 
100 
63 
18 
4 
5 
1 
17 
32 
33 
1 
5 
3 
52 
69 
110 
111 
46 
5 
28 
14 
32 
3 
21 
16 
34 
68 
14 
16 
15 
78 
126 
101 
60 
26 
15 
32 
50 
68 
37 
1 
33 
48 
16 
33 
5 
12 
36 
37 
10 
58 
58 
10 
26 
75 
123 
59 
4 
37 
30 
31 
32 
10 
21 
44 
43 
42 
33 
47 
62 
45 
27 
17 
16 
34 
36 
46 
48 
17 
5 
3 
27 
123 
106 
33 
15 
17 
13 
43 
26 
32 
6 
11 
30 
105 
52 
1 
16 
78 
44 
37 
78 
112 
64 
15 
160 
177 
81 
32 
79 
62 
35 
117 
111 
48 
62 
14 
26 
59 
20 
84 
36 
26 
74 
90 
90 
49 
79 
96 
65 
74 
83 
116 
108 
59 
10 
14 
32 
50 
52 
30 
15 
93 
155 
113 
54 
21 
73 
68 
96 
76 
65 
45 
17 
13 
17 
13 
33 
29 
33 
28 
7 
10 
13 
8 
11 
9 
7 
4 
6 
17 
44 
55 
59 
45 
55 
68 
38 
17 
51 
136 
149 
96 
19 
26 
49 
63 
62 
61 
59 
106 
128 
77 
58 
25 
85 
121 
117 
105 
20 
48 
61 
90 
95 
60 
32 
29 
14 
6 
74 
9 
69 
121 
85 
6 
43 
1 
9 
27 
49 
63 
13 
27 
49 
47 
45 
90 
103 
91 
7 
53 
98 
135 
100 
63 
35 
21 
47 
109 
91 
17 
33 
35 
21 
16 
54 
75 
81 
70 
59 
16 
3 
30 
18 
10 
47 
44 
32 
34 
30 
6 
58 
102 
106 
35 
40 
94 
115 
160 
115 
78 
32 
17 
17 
33 
31 
64 
74 
131 
293 
238 
125 
43 
111 
146 
101 
96 
98 
85 
63 
48 
17 
21 
69 
46 
30 
30 
62 
94 
78 
46 
21 
28 
27 
10 
16 
14 
28 
10 
0 
12 
21 
15 
44 
33 
22 
43 
48 
13 
53 
80 
82 
36 
10 
49 
64 
79 
78 
61 
11 
46 
16 
19 
37 
79 
65 
50 
20 
26 
74 
49 
1 
0 
32 
47 
47 
62 
53 
28 
11 
97 
112 
54 
27 
16 
50 
126 
145 
147 
149 
101 
45 
20 
85 
95 
97 
130 
100 
85 
63 
96 
80 
32 
32 
97 
90 
67 
20 
21 
14 
0 
31 
47 
46 
46 
37 
37 
21 
28 
91 
58 
49 
32 
1 
19 
21 
0 
29 
91 
96 
157 
81 
45 
78 
131 
127 
73 
4 
37 
79 
96 
81 
1 
0 
0 
13 
11 
46 
97 
83 
69 
63 
33 
42 
75 
91 
75 
74 
16 
13 
74 
55 
4 
88 
117 
121 
132 
206 
159 
111 
94 
85 
60 
43 
42 
32 
15 
1 
2 
27 
17 
16 
9 
20 
46 
48 
42 
28 
58 
48 
14 
44 
10 
0 
25 
20 
1 
47 
93 
107 
17 
49 
51 
62 
80 
81 
26 
20 
60 
91 
91 
58 
81 
64 
15 
13 
27 
17 
16 
35 
21 
31 
18 
11 
17 
15 
2 
43 
49 
47 
2 
37 
31 
17 
26 
3 
20 
10 
17 
48 
96 
127 
125 
59 
0 
66 
110 
80 
51 
37 
30 
16 
47 
30 
37 
12 
43 
42 
49 
15 
32 
37 
124 
138 
112 
22 
21 
89 
100 
143 
186 
163 
28 
84 
100 
53 
62 
30 
47 
31 
16 
48 
16 
0 
15 
15 
47 
30 
17 
5 
11 
12 
11 
10 
17 
16 
63 
133 
92 
10 
16 
35 
37 
0 
9 
4 
14 
0 
14 
28 
10 
32 
31 
45 
75 
97 
0 
67 
181 
159 
64 
31 
111 
79 
31 
17 
1 
37 
1 
33 
48 
32 
16 
33 
42 
75 
83 
92 
43 
37 
62 
63 
16 
14 
46 
62 
53 
20 
3 
4 
21 
1 
16 
48 
47 
31 
1 
42 
27 
28 
59 
58 
5 
14 
0 
16 
0 
14 
14 
62 
85 
92 
90 
15 
34 
21 
31 
44 
14 
112 
131 
133 
62 
37 
28 
59 
16 
51 
62 
66 
213 
192 
170 
139 
27 
94 
159 
97 
50 
27 
42 
16 
0 
26 
43 
19 
28 
11 
21 
1 
95 
113 
81 
1 
30 
30 
1 
5 
21 
5 
49 
81 
81 
16 
0 
16 
17 
5 
21 
44 
43 
58 
65 
15 
21 
35 
69 
46 
16 
32 
79 
78 
60 
21 
0 
30 
12 
21 
32 
34 
20 
30 
63 
64 
48 
16 
15 
33 
82 
116 
117 
69 
21 
21 
21 
35 
84 
85 
21 
5 
10 
58 
106 
90 
74 
65 
32 
0 
58 
67 
84 
53 
21 
11 
35 
52 
69 
165 
188 
123 
49 
25 
53 
57 
36 
111 
114 
69 
15 
16 
1 
1 
30 
46 
63 
81 
106 
107 
59 
11 
5 
49 
95 
77 
10 
105 
148 
159 
144 
113 
26 
14 
15 
16 
49 
115 
149 
142 
126 
14 
49 
74 
26 
5 
36 
3 
20 
36 
101 
117 
10 
138 
171 
91 
4 
116 
116 
76 
26 
16 
33 
99 
101 
63 
80 
65 
10 
21 
21 
4 
27 
27 
43 
59 
59 
58 
17 
47 
0 
94 
125 
59 
62 
144 
115 
68 
69 
21 
19 
36 
101 
78 
31 
1 
26 
51 
20 
10 
37 
46 
1 
65 
65 
58 
42 
10 
53 
110 
126 
110 
5 
83 
100 
4 
19 
4 
36 
44 
4 
20 
20 
36 
4 
67 
52 
4 
21 
21 
17 
49 
48 
15 
17 
58 
35 
36 
21 
21 
1 
14 
0 
16 
16 
48 
49 
42 
42 
58 
42 
10 
1 
0 
0 
17 
1 
53 
76 
74 
17 
48 
34 
4 
5 
63 
16 
30 
69 
76 
75 
42 
64 
32 
106 
219 
235 
154 
32 
34 
78 
114 
94 
66 
69 
80 
99 
165 
222 
157 
59 
104 
180 
176 
163 
149 
94 
62 
14 
35 
69 
96 
115 
94 
80 
50 
4 
1 
0 
16 
17 
3 
11 
5 
10 
17 
1 
30 
78 
69 
21 
3 
27 
42 
48 
15 
1 
10 
5 
12 
43 
43 
26 
33 
16 
0 
26 
51 
36 
42 
81 
96 
30 
51 
52 
62 
79 
96 
48 
15 
14 
66 
100 
133 
142 
95 
15 
48 
65 
65 
48 
32 
31 
14 
5 
3 
4 
21 
0 
64 
74 
115 
68 
36 
76 
75 
74 
161 
159 
124 
49 
99 
152 
165 
201 
180 
142 
127 
78 
13 
68 
144 
179 
191 
114 
69 
95 
112 
128 
63 
2 
37 
64 
99 
127 
146 
165 
126 
78 
49 
51 
36 
47 
73 
68 
95 
81 
19 
10 
0 
32 
42 
59 
43 
107 
91 
42 
0 
65 
34 
4 
21 
85 
46 
17 
97 
49 
17 
48 
31 
1 
42 
43 
20 
52 
84 
53 
10 
27 
11 
20 
28 
4 
10 
33 
32 
15 
1 
27 
3 
11 
75 
26 
5 
21 
1 
1 
1 
1 
33 
17 
16 
31 
78 
60 
26 
1 
0 
62 
37 
3 
10 
17 
16 
49 
26 
19 
4 
4 
26 
17 
14 
16 
47 
63 
191 
190 
156 
16 
163 
207 
195 
158 
96 
64 
16 
48 
65 
115 
133 
143 
305 
426 
304 
2 
247 
292 
313 
308 
287 
255 
175 
61 
69 
153 
158 
179 
280 
324 
400 
250 
113 
96 
163 
94 
146 
222 
290 
229 
47 
63 
159 
208 
256 
161 
33 
15 
47 
95 
62 
46 
53 
3 
36 
21 
1 
17 
32 
16 
49 
58 
35 
20 
20 
68 
76 
43 
10 
26 
49 
48 
14 
2 
4 
21 
0 
15 
46 
125 
139 
16 
28 
24 
85 
82 
110 
198 
186 
198 
168 
154 
124 
108 
68 
172 
157 
118 
70 
61 
36 
35 
40 
14 
19 
40 
20 
8 
4 
15 
18 
203 
160 
141 
138 
125 
87 
89 
66 
157 
134 
135 
167 
103 
7 
82 
123 
108 
125 
166 
326 
133 
189 
327 
377 
280 
158 
113 
27 
36 
68 
116 
117 
69 
94 
174 
93 
20 
62 
66 
37 
15 
60 
64 
60 
55 
42 
28 
23 
105 
107 
18 
88 
134 
84 
22 
49 
2 
0 
28 
16 
3 
64 
205 
113 
29 
71 
117 
130 
127 
115 
94 
81 
2 
107 
202 
192 
102 
27 
31 
2 
74 
95 
60 
15 
19 
31 
35 
79 
67 
14 
2 
74 
71 
27 
72 
132 
63 
18 
20 
26 
48 
31 
62 
92 
59 
26 
46 
96 
81 
69 
108 
58 
31 
3 
17 
38 
59 
48 
13 
5 
15 
3 
21 
15 
77 
107 
135 
235 
93 
57 
184 
263 
174 
163 
111 
67 
37 
1 
48 
129 
321 
250 
81 
63 
0 
254 
188 
62 
130 
190 
274 
318 
304 
224 
95 
35 
126 
179 
239 
259 
254 
192 
129 
113 
48 
25 
52 
47 
34 
85 
89 
4 
15 
3 
1 
25 
107 
96 
13 
62 
153 
116 
30 
32 
63 
94 
62 
85 
117 
76 
107 
90 
16 
9 
36 
1 
22 
123 
119 
21 
211 
344 
261 
223 
129 
17 
63 
81 
179 
229 
207 
209 
58 
20 
20 
52 
84 
11 
170 
33 
96 
18 
11 
81 
6 
116 
222 
208 
81 
32 
0 
2 
37 
88 
116 
159 
147 
133 
95 
128 
32 
31 
49 
82 
68 
30 
16 
14 
124 
90 
48 
18 
37 
15 
17 
3 
21 
1 
80 
15 
5 
12 
37 
111 
96 
33 
85 
165 
180 
124 
90 
33 
65 
115 
165 
110 
0 
32 
32 
65 
81 
16 
96 
113 
90 
90 
81 
81 
160 
111 
13 
68 
207 
209 
154 
51 
27 
43 
43 
11 
51 
164 
292 
108 
4 
110 
31 
0 
1 
53 
19 
69 
94 
191 
143 
47 
58 
115 
181 
149 
142 
101 
5 
42 
11 
44 
27 
85 
127 
96 
17 
53 
37 
53 
85 
44 
26 
1 
32 
33 
11 
3 
4 
10 
42 
49 
96 
111 
157 
107 
0 
82 
132 
142 
0 
160 
303 
157 
30 
195 
288 
259 
174 
126 
46 
35 
117 
207 
273 
266 
267 
234 
65 
112 
227 
238 
224 
193 
113 
17 
31 
49 
146 
228 
181 
100 
12 
20 
69 
69 
78 
94 
30 
5 
12 
4 
17 
63 
145 
122 
106 
58 
42 
33 
15 
48 
49 
49 
10 
10 
20 
44 
43 
43 
42 
33 
48 
31 
77 
203 
49 
89 
180 
207 
192 
112 
48 
32 
96 
113 
90 
74 
107 
179 
228 
156 
42 
63 
98 
149 
160 
106 
83 
58 
129 
144 
46 
19 
42 
17 
64 
177 
170 
75 
10 
78 
80 
98 
148 
190 
191 
159 
78 
13 
69 
144 
243 
213 
95 
64 
80 
48 
191 
145 
145 
106 
51 
4 
5 
17 
80 
63 
45 
27 
33 
30 
12 
5 
0 
18 
20 
37 
47 
16 
18 
4 
21 
0 
13 
5 
16 
18 
37 
47 
33 
18 
27 
26 
32 
14 
28 
42 
31 
89 
132 
126 
80 
26 
60 
26 
0 
46 
60 
58 
32 
13 
75 
48 
13 
94 
121 
101 
96 
50 
5 
16 
2 
10 
79 
146 
149 
94 
16 
96 
160 
160 
223 
198 
52 
143 
217 
196 
46 
32 
78 
76 
90 
31 
12 
46 
121 
149 
176 
162 
100 
21 
10 
49 
81 
64 
31 
1 
21 
44 
43 
10 
30 
80 
49 
42 
99 
36 
75 
11 
52 
36 
10 
33 
32 
81 
99 
52 
11 
43 
91 
19 
20 
27 
36 
76 
43 
42 
48 
41 
36 
95 
114 
149 
111 
81 
51 
11 
26 
49 
33 
16 
32 
48 
80 
112 
112 
79 
2 
84 
110 
127 
128 
128 
62 
35 
110 
153 
132 
95 
82 
36 
1 
47 
30 
12 
4 
30 
46 
63 
78 
1 
42 
83 
100 
69 
28 
11 
78 
65 
19 
21 
31 
33 
35 
69 
63 
32 
17 
5 
19 
52 
69 
21 
26 
67 
68 
84 
92 
36 
84 
53 
78 
95 
63 
64 
16 
15 
0 
15 
32 
49 
1 
14 
30 
17 
1 
15 
32 
79 
126 
93 
4 
46 
48 
49 
106 
20 
108 
75 
42 
37 
110 
110 
69 
12 
5 
62 
96 
81 
74 
99 
100 
85 
44 
36 
46 
96 
154 
171 
59 
20 
21 
30 
79 
145 
138 
107 
75 
11 
21 
14 
0 
0 
17 
5 
28 
27 
5 
37 
1 
49 
48 
31 
17 
26 
43 
51 
20 
12 
4 
30 
63 
80 
48 
48 
31 
1 
18 
27 
58 
65 
31 
5 
3 
21 
33 
48 
0 
30 
5 
19 
20 
14 
15 
63 
94 
60 
10 
47 
113 
67 
36 
36 
69 
10 
83 
164 
165 
149 
76 
5 
63 
113 
179 
164 
21 
10 
4 
44 
43 
78 
112 
106 
51 
11 
37 
14 
47 
79 
63 
47 
1 
26 
42 
27 
11 
28 
11 
21 
5 
1 
1 
16 
32 
48 
48 
48 
47 
46 
29 
4 
17 
31 
29 
27 
16 
6 
27 
17 
1 
28 
10 
0 
0 
5 
3 
4 
59 
58 
49 
47 
45 
27 
47 
114 
100 
110 
96 
33 
30 
110 
126 
126 
93 
11 
1 
15 
34 
100 
142 
32 
0 
94 
126 
101 
44 
26 
14 
111 
48 
49 
42 
21 
5 
1 
62 
94 
94 
133 
124 
58 
0 
34 
69 
96 
66 
52 
78 
63 
16 
95 
111 
94 
78 
69 
60 
10 
31 
65 
35 
21 
31 
48 
17 
37 
68 
92 
91 
74 
49 
16 
49 
3 
17 
0 
28 
1 
64 
98 
20 
5 
65 
48 
63 
46 
12 
52 
5 
26 
33 
48 
16 
33 
21 
12 
27 
33 
1 
64 
49 
10 
5 
4 
28 
59 
75 
90 
64 
0 
13 
4 
17 
46 
3 
37 
63 
81 
26 
37 
60 
75 
59 
81 
48 
14 
28 
26 
0 
137 
116 
101 
94 
15 
48 
48 
81 
113 
97 
97 
80 
63 
2 
4 
5 
15 
18 
36 
30 
32 
5 
28 
26 
65 
111 
77 
26 
31 
98 
68 
30 
32 
49 
4 
28 
27 
26 
26 
1 
49 
64 
64 
63 
62 
37 
12 
5 
47 
64 
26 
51 
37 
1 
33 
80 
47 
1 
37 
60 
58 
0 
34 
116 
14 
80 
64 
79 
48 
48 
0 
31 
31 
16 
15 
14 
12 
27 
33 
0 
17 
19 
20 
21 
21 
5 
42 
42 
1 
48 
64 
47 
5 
12 
27 
10 
1 
16 
1 
5 
28 
10 
14 
47 
16 
1 
1 
14 
30 
15 
0 
15 
15 
15 
15 
14 
14 
53 
53 
37 
3 
52 
117 
5 
14 
15 
0 
14 
37 
37 
149 
181 
92 
43 
10 
0 
16 
18 
20 
69 
47 
17 
5 
12 
42 
17 
31 
30 
28 
5 
30 
160 
17 
37 
53 
84 
60 
59 
59 
42 
17 
15 
64 
81 
74 
42 
21 
85 
69 
44 
59 
42 
49 
32 
47 
46 
44 
17 
17 
147 
174 
111 
0 
14 
46 
31 
31 
96 
81 
58 
26 
26 
27 
5 
14 
30 
16 
15 
14 
10 
3 
58 
65 
48 
0 
49 
10 
5 
11 
3 
27 
59 
26 
16 
15 
1 
26 
27 
27 
12 
43 
11 
20 
5 
42 
90 
65 
17 
15 
64 
81 
37 
53 
76 
75 
27 
5 
17 
48 
15 
80 
81 
1 
17 
10 
5 
53 
124 
171 
106 
96 
22 
20 
46 
144 
170 
155 
4 
68 
69 
85 
53 
37 
20 
3 
36 
53 
21 
58 
138 
138 
113 
111 
29 
21 
79 
114 
132 
69 
30 
1 
42 
58 
65 
32 
15 
37 
60 
90 
129 
79 
92 
14 
233 
4 
1 
15 
14 
12 
10 
65 
70 
59 
64 
60 
17 
2 
26 
9 
5 
24 
20 
15 
13 
1 
9 
27 
16 
2 
21 
31 
33 
35 
36 
5 
1 
0 
1 
2 
27 
49 
47 
29 
10 
0 
17 
18 
4 
5 
1 
30 
47 
47 
30 
21 
28 
10 
0 
41 
20 
0 
13 
10 
6 
27 
39 
43 
39 
43 
22 
33 
12 
8 
9 
4 
9 
104 
101 
98 
94 
97 
83 
84 
76 
75 
74 
80 
70 
91 
79 
60 
32 
28 
16 
29 
17 
14 
28 
33 
6 
11 
17 
15 
3 
30 
0 
19 
46 
65 
147 
126 
47 
15 
48 
28 
106 
111 
125 
203 
145 
86 
75 
48 
83 
95 
121 
4 
17 
14 
76 
42 
31 
65 
67 
21 
32 
95 
141 
90 
15 
12 
17 
9 
20 
0 
9 
11 
15 
50 
53 
56 
36 
63 
2 
107 
17 
0 
16 
32 
48 
62 
92 
90 
56 
36 
32 
3 
0 
12 
7 
11 
6 
4 
32 
50 
68 
78 
78 
101 
60 
58 
65 
48 
47 
30 
21 
28 
84 
69 
46 
47 
47 
47 
46 
29 
196 
158 
127 
96 
64 
31 
1 
26 
83 
68 
37 
14 
14 
15 
31 
33 
49 
10 
12 
11 
14 
47 
16 
96 
48 
0 
18 
11 
97 
79 
61 
91 
81 
16 
42 
3 
20 
53 
14 
14 
0 
31 
14 
50 
36 
37 
0 
31 
30 
14 
21 
5 
5 
53 
52 
92 
59 
1 
32 
14 
28 
11 
1 
32 
49 
3 
20 
14 
1 
16 
47 
79 
63 
62 
37 
44 
43 
62 
63 
129 
106 
27 
124 
123 
74 
65 
48 
62 
28 
69 
159 
129 
21 
12 
20 
52 
3 
52 
46 
47 
32 
17 
58 
74 
5 
10 
33 
17 
15 
63 
15 
14 
44 
91 
33 
79 
81 
26 
20 
76 
91 
90 
81 
62 
60 
10 
31 
97 
147 
196 
84 
51 
196 
197 
101 
5 
12 
11 
14 
31 
17 
3 
58 
47 
18 
5 
15 
1 
12 
14 
48 
81 
107 
43 
53 
94 
111 
112 
128 
112 
63 
2 
20 
14 
48 
49 
67 
69 
95 
128 
49 
30 
94 
95 
79 
80 
112 
128 
127 
30 
83 
68 
69 
190 
175 
47 
33 
97 
128 
79 
33 
21 
69 
53 
101 
68 
43 
43 
27 
27 
67 
36 
4 
75 
27 
27 
75 
43 
43 
42 
1 
15 
47 
1 
19 
21 
17 
31 
30 
61 
59 
85 
110 
65 
65 
49 
17 
15 
0 
0 
16 
0 
16 
1 
28 
27 
30 
15 
47 
62 
53 
44 
75 
5 
127 
32 
1 
21 
53 
21 
26 
11 
19 
20 
10 
58 
113 
65 
32 
14 
3 
53 
158 
31 
64 
46 
53 
37 
60 
36 
53 
90 
187 
171 
75 
21 
1 
33 
16 
17 
58 
67 
53 
46 
48 
17 
76 
138 
144 
61 
69 
144 
106 
67 
20 
100 
19 
116 
117 
30 
31 
127 
128 
79 
16 
161 
97 
26 
10 
21 
37 
60 
52 
53 
53 
30 
0 
15 
32 
64 
0 
96 
161 
131 
132 
116 
20 
51 
52 
84 
100 
68 
4 
19 
20 
4 
52 
5 
106 
74 
30 
63 
80 
112 
97 
65 
48 
16 
177 
33 
126 
78 
14 
113 
80 
31 
17 
67 
69 
78 
79 
80 
15 
14 
154 
155 
59 
164 
244 
156 
43 
46 
128 
138 
187 
187 
42 
94 
241 
195 
116 
85 
21 
33 
65 
49 
33 
1 
21 
12 
20 
10 
30 
78 
14 
14 
33 
145 
170 
107 
11 
28 
59 
43 
5 
78 
21 
3 
5 
47 
28 
62 
15 
14 
53 
100 
84 
44 
20 
69 
33 
16 
31 
30 
21 
35 
117 
174 
47 
0 
49 
145 
113 
65 
96 
63 
17 
83 
85 
127 
15 
1 
30 
62 
46 
62 
46 
62 
126 
142 
60 
5 
0 
51 
207 
338 
236 
139 
101 
192 
226 
164 
94 
95 
64 
15 
31 
30 
14 
1 
0 
16 
48 
113 
138 
90 
10 
117 
126 
159 
128 
112 
48 
0 
64 
48 
17 
65 
10 
10 
12 
43 
37 
46 
15 
33 
133 
213 
124 
43 
26 
79 
144 
32 
1 
33 
17 
30 
14 
37 
37 
12 
27 
5 
30 
31 
31 
94 
85 
19 
197 
158 
94 
58 
35 
20 
94 
159 
80 
113 
58 
10 
27 
36 
84 
4 
74 
80 
30 
3 
21 
0 
21 
12 
37 
47 
112 
49 
16 
47 
161 
161 
177 
81 
48 
146 
100 
149 
47 
48 
127 
143 
62 
67 
148 
62 
62 
17 
161 
161 
145 
81 
80 
63 
33 
99 
100 
78 
63 
48 
80 
47 
111 
63 
31 
32 
48 
0 
49 
30 
33 
46 
142 
174 
126 
101 
12 
21 
46 
16 
33 
83 
117 
15 
32 
5 
28 
43 
20 
26 
106 
90 
58 
113 
16 
48 
81 
106 
59 
27 
11 
36 
4 
69 
69 
117 
53 
44 
58 
17 
48 
154 
282 
106 
62 
128 
97 
14 
85 
124 
53 
143 
177 
99 
52 
52 
60 
43 
42 
46 
112 
33 
94 
29 
20 
37 
15 
96 
17 
17 
1 
30 
47 
47 
80 
161 
144 
111 
13 
68 
190 
240 
81 
62 
95 
47 
15 
16 
47 
79 
63 
46 
0 
32 
48 
1 
62 
69 
12 
59 
65 
79 
65 
83 
164 
74 
227 
164 
52 
11 
59 
19 
4 
20 
36 
4 
59 
43 
10 
10 
33 
32 
48 
78 
29 
36 
14 
31 
48 
145 
33 
79 
80 
129 
113 
58 
5 
78 
62 
46 
30 
30 
94 
5 
67 
101 
85 
46 
46 
53 
53 
28 
27 
21 
30 
14 
32 
0 
79 
78 
37 
3 
20 
69 
30 
30 
15 
48 
79 
94 
77 
11 
0 
49 
131 
132 
37 
21 
35 
100 
148 
165 
220 
90 
0 
121 
180 
126 
143 
32 
15 
65 
97 
74 
83 
116 
28 
68 
69 
94 
95 
32 
32 
32 
80 
112 
113 
97 
64 
15 
14 
37 
28 
53 
62 
48 
65 
21 
44 
26 
1 
15 
14 
12 
4 
1 
0 
0 
1 
5 
5 
21 
36 
28 
43 
4 
5 
33 
81 
48 
0 
26 
51 
52 
36 
37 
17 
65 
113 
112 
31 
14 
2 
11 
5 
15 
17 
34 
36 
14 
16 
0 
30 
21 
21 
20 
12 
27 
27 
27 
26 
42 
49 
15 
1 
12 
49 
15 
29 
43 
1 
49 
147 
148 
10 
90 
74 
90 
74 
33 
15 
16 
96 
49 
49 
15 
47 
48 
96 
80 
63 
62 
13 
11 
14 
96 
163 
52 
10 
58 
91 
59 
43 
43 
43 
26 
26 
1 
15 
0 
1 
10 
35 
11 
26 
26 
49 
16 
0 
1 
5 
21 
12 
11 
10 
33 
49 
48 
31 
1 
26 
12 
11 
10 
30 
63 
0 
30 
30 
21 
21 
12 
43 
26 
10 
1 
16 
0 
16 
14 
53 
61 
27 
5 
0 
16 
14 
115 
148 
100 
44 
68 
149 
174 
126 
14 
5 
27 
67 
52 
52 
11 
83 
116 
44 
11 
11 
10 
14 
63 
79 
48 
0 
0 
32 
32 
49 
65 
65 
17 
32 
47 
37 
3 
11 
5 
14 
0 
15 
1 
21 
28 
43 
43 
10 
15 
48 
17 
5 
12 
11 
26 
17 
16 
16 
0 
30 
14 
53 
5 
19 
20 
5 
17 
48 
47 
46 
13 
4 
69 
14 
0 
0 
15 
30 
14 
21 
19 
4 
27 
58 
42 
30 
110 
0 
48 
16 
15 
0 
16 
48 
48 
32 
32 
0 
16 
33 
26 
37 
69 
69 
60 
43 
74 
16 
49 
35 
11 
14 
15 
14 
53 
44 
59 
17 
63 
33 
51 
4 
49 
80 
47 
1 
35 
20 
5 
42 
49 
32 
15 
30 
12 
4 
37 
14 
16 
31 
14 
13 
27 
42 
33 
32 
58 
19 
4 
26 
49 
32 
30 
37 
28 
10 
1 
0 
1 
10 
4 
4 
19 
28 
43 
43 
42 
1 
0 
17 
10 
3 
5 
1 
0 
16 
17 
10 
35 
4 
5 
14 
15 
32 
49 
42 
42 
43 
43 
27 
11 
11 
4 
5 
10 
33 
32 
31 
30 
28 
27 
26 
17 
0 
0 
17 
17 
10 
5 
21 
37 
20 
12 
11 
10 
17 
16 
14 
21 
12 
74 
81 
63 
45 
42 
48 
29 
42 
160 
99 
85 
63 
32 
17 
10 
4 
68 
68 
36 
20 
4 
4 
12 
11 
43 
59 
59 
42 
49 
0 
30 
29 
4 
47 
33 
3 
10 
30 
0 
15 
46 
37 
19 
20 
10 
10 
33 
64 
79 
62 
12 
10 
0 
18 
20 
14 
33 
34 
20 
49 
48 
47 
53 
44 
5 
15 
16 
17 
26 
43 
27 
27 
58 
42 
33 
15 
14 
28 
10 
15 
2 
21 
15 
33 
19 
37 
31 
49 
50 
36 
37 
46 
46 
31 
16 
32 
16 
17 
17 
17 
10 
10 
5 
5 
10 
27 
43 
27 
27 
10 
21 
58 
42 
49 
32 
16 
15 
1 
21 
3 
20 
37 
69 
69 
37 
12 
4 
21 
30 
15 
47 
48 
48 
49 
65 
17 
15 
0 
32 
16 
0 
0 
16 
14 
1 
14 
14 
46 
37 
37 
5 
27 
27 
4 
36 
36 
60 
43 
10 
46 
80 
49 
17 
30 
78 
110 
94 
69 
44 
5 
14 
31 
17 
26 
19 
27 
5 
5 
14 
0 
32 
48 
47 
15 
17 
17 
26 
26 
26 
17 
14 
46 
31 
31 
30 
1 
1 
17 
1 
30 
30 
46 
1 
5 
5 
10 
10 
5 
21 
33 
33 
14 
31 
31 
15 
15 
31 
15 
0 
1 
1 
0 
0 
15 
32 
48 
16 
0 
16 
15 
15 
0 
16 
16 
15 
63 
47 
1 
5 
10 
11 
4 
52 
68 
76 
43 
1 
47 
17 
5 
12 
43 
26 
17 
16 
0 
17 
46 
53 
28 
11 
1 
16 
0 
26 
3 
5 
1 
16 
16 
17 
5 
20 
28 
27 
11 
10 
10 
1 
1 
16 
0 
16 
0 
1 
1 
14 
30 
21 
5 
53 
37 
11 
12 
4 
5 
26 
26 
33 
32 
16 
81 
26 
37 
36 
11 
11 
4 
36 
44 
11 
11 
27 
26 
49 
33 
15 
14 
13 
4 
37 
17 
49 
15 
0 
17 
26 
20 
28 
27 
11 
42 
26 
33 
32 
46 
21 
12 
5 
17 
16 
49 
75 
35 
11 
27 
42 
74 
65 
15 
16 
17 
5 
21 
53 
44 
43 
58 
17 
0 
33 
35 
20 
1 
48 
16 
5 
36 
28 
27 
26 
17 
0 
14 
2 
11 
10 
17 
16 
15 
5 
12 
11 
17 
47 
48 
33 
5 
21 
52 
60 
43 
42 
17 
16 
30 
37 
12 
10 
16 
1 
18 
4 
14 
16 
1 
21 
28 
20 
37 
21 
17 
1 
49 
65 
80 
47 
14 
19 
4 
17 
16 
47 
21 
3 
36 
53 
62 
16 
63 
47 
1 
10 
12 
59 
43 
10 
14 
0 
15 
15 
62 
28 
27 
10 
1 
16 
1 
5 
19 
4 
10 
10 
17 
1 
0 
16 
15 
14 
21 
20 
12 
20 
37 
30 
30 
17 
33 
33 
48 
32 
15 
0 
0 
14 
30 
30 
1 
5 
5 
20 
28 
27 
10 
17 
15 
0 
0 
17 
14 
53 
37 
53 
35 
11 
10 
5 
33 
49 
32 
15 
46 
53 
28 
21 
47 
33 
5 
5 
3 
43 
59 
26 
33 
16 
17 
13 
59 
42 
16 
15 
34 
11 
58 
1 
32 
74 
75 
35 
68 
28 
36 
84 
85 
52 
60 
43 
42 
42 
17 
0 
15 
31 
14 
21 
28 
5 
30 
48 
74 
131 
68 
43 
67 
100 
68 
4 
4 
4 
36 
52 
12 
11 
11 
10 
17 
31 
14 
3 
10 
17 
0 
16 
1 
5 
21 
4 
3 
43 
58 
49 
15 
16 
5 
12 
4 
37 
46 
1 
16 
32 
32 
15 
15 
30 
14 
37 
53 
92 
59 
1 
0 
2 
11 
17 
0 
2 
11 
17 
0 
17 
3 
4 
1 
15 
17 
26 
26 
43 
59 
59 
42 
14 
15 
33 
18 
20 
14 
17 
3 
26 
48 
46 
44 
49 
15 
3 
14 
41 
36 
46 
49 
51 
101 
79 
81 
51 
53 
30 
31 
32 
17 
17 
17 
17 
1 
0 
0 
0 
17 
10 
11 
12 
20 
5 
5 
5 
3 
11 
26 
17 
79 
81 
58 
59 
27 
27 
27 
27 
10 
5 
17 
16 
32 
15 
1 
5 
44 
27 
26 
1 
95 
16 
16 
0 
0 
15 
15 
31 
47 
47 
46 
30 
14 
21 
36 
44 
43 
33 
32 
14 
28 
21 
15 
18 
4 
1 
0 
18 
4 
1 
31 
49 
58 
75 
4 
5 
5 
1 
1 
16 
14 
2 
132 
110 
111 
95 
95 
78 
76 
58 
47 
28 
32 
29 
16 
3 
7 
11 
7 
27 
8 
11 
24 
5 
9 
26 
38 
49 
45 
40 
59 
29 
8 
5 
29 
7 
10 
13 
16 
12 
24 
11 
22 
42 
13 
23 
36 
25 
14 
3 
7 
4 
23 
75 
87 
90 
93 
7 
36 
98 
151 
196 
175 
82 
91 
74 
65 
47 
14 
37 
44 
26 
17 
16 
14 
28 
11 
17 
15 
13 
4 
0 
1 
12 
1 
16 
12 
10 
0 
17 
3 
4 
14 
15 
1 
5 
11 
3 
20 
21 
14 
14 
17 
49 
33 
33 
49 
49 
49 
33 
31 
47 
48 
48 
48 
31 
14 
2 
11 
17 
0 
2 
26 
16 
2 
21 
25 
20 
31 
35 
14 
25 
4 
15 
2 
20 
31 
34 
36 
1 
17 
12 
26 
64 
45 
11 
64 
147 
94 
80 
34 
27 
74 
112 
54 
59 
16 
51 
95 
82 
53 
32 
2 
21 
16 
46 
44 
10 
48 
66 
53 
48 
50 
69 
63 
32 
26 
5 
4 
43 
43 
43 
59 
58 
65 
48 
31 
21 
12 
37 
63 
81 
58 
42 
5 
37 
30 
30 
63 
63 
46 
30 
37 
28 
11 
10 
17 
0 
0 
1 
10 
5 
3 
4 
1 
0 
0 
26 
43 
4 
68 
68 
52 
52 
12 
36 
52 
10 
5 
14 
62 
46 
101 
28 
20 
14 
15 
18 
69 
79 
65 
19 
30 
16 
33 
67 
36 
5 
10 
26 
33 
16 
15 
16 
65 
74 
26 
5 
37 
21 
11 
19 
27 
11 
21 
30 
63 
64 
48 
33 
33 
1 
1 
17 
16 
16 
16 
47 
47 
46 
46 
37 
28 
10 
16 
73 
52 
46 
48 
50 
36 
53 
46 
47 
32 
32 
16 
15 
1 
5 
3 
4 
5 
5 
17 
17 
17 
0 
16 
0 
0 
0 
0 
0 
0 
112 
96 
80 
47 
31 
1 
2 
11 
10 
17 
0 
13 
11 
17 
0 
2 
11 
16 
17 
3 
5 
0 
1 
2 
20 
30 
31 
32 
17 
5 
21 
37 
53 
53 
68 
60 
75 
58 
49 
15 
42 
99 
101 
30 
32 
63 
46 
2 
43 
65 
31 
13 
27 
49 
79 
13 
21 
31 
49 
35 
37 
1 
15 
53 
60 
26 
16 
15 
5 
3 
5 
14 
0 
29 
43 
49 
0 
34 
20 
14 
16 
16 
2 
59 
81 
31 
13 
10 
16 
14 
12 
4 
1 
15 
1 
21 
44 
42 
17 
15 
13 
10 
16 
22 
59 
49 
25 
52 
31 
22 
59 
1 
121 
132 
85 
14 
1 
33 
42 
74 
75 
51 
20 
20 
4 
4 
3 
4 
11 
27 
43 
26 
26 
49 
32 
1 
3 
10 
32 
30 
12 
5 
15 
1 
5 
12 
4 
74 
113 
79 
2 
53 
79 
50 
36 
85 
30 
32 
80 
64 
32 
16 
15 
15 
30 
21 
13 
11 
10 
17 
16 
1 
21 
28 
10 
14 
48 
42 
3 
26 
49 
49 
32 
47 
46 
30 
21 
3 
21 
14 
0 
0 
21 
3 
27 
42 
33 
0 
30 
12 
10 
15 
17 
19 
11 
33 
32 
14 
3 
11 
5 
14 
15 
15 
48 
48 
0 
15 
15 
31 
46 
30 
30 
46 
14 
30 
62 
63 
47 
14 
33 
42 
51 
36 
5 
17 
17 
16 
15 
1 
5 
4 
3 
11 
11 
19 
11 
11 
10 
17 
16 
0 
5 
19 
20 
21 
14 
30 
31 
31 
31 
31 
14 
14 
14 
14 
37 
53 
53 
37 
10 
10 
4 
3 
20 
52 
21 
10 
26 
33 
33 
17 
33 
33 
17 
17 
33 
16 
47 
79 
53 
28 
21 
31 
17 
34 
20 
21 
96 
79 
78 
76 
58 
47 
29 
26 
15 
3 
1 
9 
4 
16 
28 
33 
6 
10 
6 
10 
9 
4 
104 
68 
63 
66 
69 
47 
48 
16 
15 
31 
31 
32 
49 
26 
19 
5 
1 
0 
15 
30 
51 
36 
37 
37 
37 
53 
85 
60 
59 
58 
32 
15 
2 
21 
15 
1 
44 
42 
15 
18 
36 
30 
16 
10 
3 
11 
10 
33 
32 
30 
3 
27 
49 
32 
15 
14 
3 
11 
10 
1 
0 
1 
2 
27 
26 
16 
1 
12 
5 
0 
1 
21 
28 
10 
17 
0 
1 
5 
3 
11 
17 
32 
62 
60 
10 
15 
2 
10 
0 
34 
36 
30 
31 
1 
21 
37 
28 
43 
58 
49 
15 
1 
3 
5 
1 
15 
1 
19 
4 
1 
0 
0 
46 
46 
45 
59 
10 
15 
33 
51 
78 
80 
30 
101 
101 
44 
27 
5 
5 
1 
31 
31 
48 
47 
46 
46 
53 
44 
27 
33 
32 
1 
34 
36 
37 
16 
79 
46 
28 
5 
31 
49 
35 
5 
15 
0 
31 
30 
30 
21 
53 
53 
12 
27 
5 
15 
0 
21 
12 
27 
10 
5 
1 
16 
15 
1 
5 
12 
43 
49 
32 
14 
3 
5 
15 
17 
26 
3 
11 
10 
17 
32 
31 
30 
61 
43 
10 
17 
15 
1 
18 
4 
10 
33 
0 
33 
28 
43 
17 
16 
32 
33 
10 
3 
27 
27 
26 
33 
48 
47 
21 
3 
20 
37 
1 
0 
15 
14 
85 
108 
91 
33 
17 
35 
62 
96 
98 
36 
5 
26 
49 
65 
81 
81 
65 
64 
48 
14 
2 
4 
30 
32 
49 
3 
11 
81 
64 
15 
2 
20 
37 
31 
0 
14 
28 
27 
17 
32 
30 
37 
28 
11 
5 
32 
31 
30 
12 
20 
30 
0 
17 
19 
37 
30 
15 
31 
30 
1 
1 
53 
53 
5 
5 
21 
5 
11 
35 
20 
11 
42 
49 
48 
48 
15 
14 
21 
19 
20 
21 
1 
0 
0 
30 
53 
60 
75 
42 
64 
30 
12 
5 
15 
33 
35 
37 
95 
96 
81 
17 
63 
63 
64 
80 
81 
49 
32 
32 
15 
0 
17 
5 
12 
27 
10 
1 
15 
46 
28 
11 
14 
16 
34 
20 
1 
0 
0 
14 
37 
37 
28 
43 
27 
26 
33 
15 
46 
76 
10 
16 
34 
37 
16 
1 
12 
21 
46 
32 
1 
30 
46 
149 
108 
59 
16 
66 
21 
15 
25 
4 
1 
0 
1 
12 
26 
33 
47 
94 
60 
26 
32 
66 
69 
47 
1 
29 
4 
26 
48 
15 
5 
35 
36 
21 
14 
32 
64 
95 
133 
92 
58 
0 
41 
36 
14 
0 
3 
21 
16 
1 
3 
21 
31 
1 
60 
74 
64 
13 
27 
17 
0 
18 
4 
10 
32 
14 
29 
27 
33 
70 
59 
16 
18 
37 
57 
36 
31 
41 
27 
33 
63 
13 
36 
78 
96 
49 
17 
30 
78 
110 
117 
92 
75 
33 
31 
13 
21 
48 
66 
52 
1 
48 
126 
204 
138 
41 
133 
185 
149 
111 
81 
26 
69 
174 
165 
101 
12 
37 
30 
32 
49 
42 
43 
20 
28 
27 
27 
11 
75 
75 
58 
33 
0 
17 
3 
4 
10 
48 
47 
29 
11 
15 
17 
3 
21 
47 
32 
17 
3 
59 
74 
65 
48 
31 
37 
28 
10 
0 
33 
19 
10 
65 
31 
5 
3 
21 
31 
0 
14 
61 
59 
42 
32 
9 
4 
1 
15 
2 
69 
79 
49 
10 
76 
203 
337 
135 
27 
120 
244 
176 
99 
26 
113 
31 
21 
28 
5 
15 
16 
49 
58 
74 
74 
58 
94 
159 
129 
49 
30 
17 
65 
81 
80 
47 
2 
20 
62 
64 
26 
19 
10 
81 
64 
46 
13 
20 
14 
15 
49 
10 
76 
139 
177 
159 
76 
97 
124 
8 
6 
132 
226 
191 
44 
14 
73 
164 
30 
16 
144 
176 
64 
112 
177 
129 
80 
46 
3 
62 
89 
116 
159 
218 
147 
44 
43 
37 
48 
9 
52 
127 
162 
85 
47 
33 
26 
4 
36 
52 
37 
14 
15 
32 
50 
36 
133 
158 
79 
46 
5 
3 
21 
31 
32 
2 
27 
32 
9 
36 
30 
17 
60 
106 
80 
13 
11 
15 
2 
4 
46 
32 
26 
35 
10 
17 
33 
0 
0 
15 
1 
110 
158 
77 
11 
65 
7 
75 
95 
227 
223 
17 
37 
3 
27 
4 
59 
4 
100 
172 
139 
48 
50 
222 
242 
165 
62 
15 
31 
49 
42 
5 
46 
30 
31 
15 
174 
109 
20 
62 
32 
50 
4 
14 
47 
