154 
42 
42 
5 
31 
64 
177 
154 
330 
186 
64 
34 
5 
120 
228 
318 
271 
191 
45 
101 
169 
164 
286 
208 
97 
94 
85 
171 
155 
59 
46 
143 
209 
154 
10 
117 
229 
92 
11 
62 
112 
122 
106 
90 
49 
16 
114 
132 
142 
96 
81 
42 
20 
12 
4 
28 
59 
75 
138 
112 
45 
90 
25 
149 
185 
101 
15 
1 
76 
4 
81 
16 
80 
129 
113 
16 
33 
51 
21 
78 
112 
97 
58 
11 
28 
59 
58 
17 
79 
175 
95 
16 
138 
91 
83 
12 
52 
52 
36 
4 
20 
4 
68 
116 
12 
53 
78 
30 
31 
62 
53 
3 
37 
63 
129 
315 
347 
106 
112 
243 
270 
208 
113 
48 
15 
49 
51 
69 
63 
97 
131 
132 
85 
85 
204 
107 
63 
146 
181 
143 
33 
85 
124 
59 
30 
64 
129 
113 
65 
0 
33 
67 
85 
111 
80 
49 
10 
3 
4 
5 
21 
37 
85 
69 
12 
11 
33 
16 
6 
75 
96 
77 
5 
137 
116 
63 
33 
12 
42 
97 
127 
61 
4 
110 
176 
97 
42 
42 
33 
17 
32 
33 
51 
69 
79 
81 
67 
69 
62 
47 
32 
32 
15 
0 
30 
28 
37 
63 
49 
3 
5 
17 
15 
1 
5 
12 
11 
5 
21 
21 
5 
5 
19 
4 
5 
78 
30 
48 
111 
94 
13 
20 
30 
49 
83 
133 
111 
128 
32 
63 
79 
79 
31 
30 
37 
44 
58 
33 
17 
51 
110 
208 
282 
138 
17 
160 
54 
100 
64 
179 
277 
175 
63 
63 
109 
75 
0 
19 
40 
53 
82 
120 
149 
130 
63 
2 
17 
6 
36 
46 
16 
26 
10 
4 
4 
27 
91 
59 
4 
53 
21 
1 
42 
42 
10 
21 
74 
58 
5 
53 
53 
37 
12 
5 
30 
32 
33 
19 
36 
30 
96 
81 
106 
90 
129 
160 
6 
148 
207 
226 
132 
36 
27 
35 
36 
37 
46 
112 
161 
74 
5 
37 
36 
20 
44 
43 
26 
14 
32 
17 
10 
19 
53 
46 
47 
48 
48 
49 
65 
0 
16 
17 
26 
35 
52 
68 
69 
74 
75 
67 
52 
36 
20 
20 
4 
59 
43 
27 
27 
26 
33 
15 
17 
131 
117 
94 
78 
62 
46 
13 
11 
21 
0 
30 
124 
97 
38 
36 
88 
52 
63 
34 
4 
30 
15 
110 
93 
75 
14 
0 
13 
58 
64 
93 
129 
125 
55 
164 
185 
165 
80 
66 
68 
101 
37 
19 
69 
95 
129 
163 
148 
213 
220 
165 
127 
129 
115 
100 
85 
85 
53 
12 
20 
14 
31 
33 
35 
30 
48 
65 
83 
84 
106 
97 
80 
78 
76 
26 
15 
3 
1 
2 
1 
2 
0 
3 
24 
21 
18 
111 
99 
96 
83 
62 
80 
58 
83 
52 
28 
75 
74 
97 
111 
108 
96 
76 
55 
230 
180 
169 
142 
98 
53 
47 
32 
14 
14 
0 
15 
29 
26 
23 
59 
136 
101 
89 
62 
50 
46 
18 
37 
16 
19 
21 
15 
0 
1 
5 
11 
51 
52 
60 
91 
107 
129 
127 
124 
15 
3 
24 
5 
2 
7 
20 
24 
69 
57 
53 
48 
35 
21 
15 
16 
15 
0 
16 
0 
32 
65 
65 
58 
42 
10 
20 
20 
20 
20 
19 
52 
68 
60 
75 
42 
17 
31 
65 
58 
107 
91 
59 
11 
37 
78 
32 
33 
42 
67 
68 
84 
69 
53 
28 
11 
21 
30 
63 
48 
49 
33 
16 
0 
32 
49 
49 
58 
75 
123 
155 
106 
48 
70 
123 
167 
171 
61 
6 
57 
121 
217 
184 
167 
116 
80 
35 
37 
30 
30 
45 
75 
32 
12 
23 
52 
89 
103 
84 
88 
36 
0 
12 
10 
48 
49 
26 
27 
19 
11 
3 
11 
27 
11 
74 
74 
48 
31 
14 
28 
4 
46 
47 
0 
47 
31 
0 
0 
31 
15 
1 
49 
122 
75 
42 
53 
49 
128 
127 
45 
100 
158 
128 
49 
5 
37 
52 
19 
36 
60 
139 
133 
94 
80 
65 
42 
43 
43 
43 
4 
4 
4 
10 
49 
49 
47 
33 
76 
58 
48 
2 
53 
112 
130 
52 
37 
5 
10 
51 
68 
68 
69 
69 
85 
117 
109 
59 
1 
105 
68 
15 
41 
20 
30 
16 
21 
60 
74 
49 
0 
34 
36 
53 
46 
14 
16 
48 
64 
80 
176 
48 
14 
2 
4 
32 
57 
68 
110 
64 
30 
93 
75 
94 
127 
17 
110 
142 
126 
30 
90 
90 
21 
53 
37 
37 
5 
3 
11 
5 
30 
32 
32 
33 
14 
94 
165 
172 
106 
23 
4 
40 
20 
56 
37 
57 
117 
160 
147 
100 
44 
37 
79 
97 
67 
78 
96 
65 
67 
52 
36 
12 
43 
58 
33 
0 
12 
53 
16 
18 
53 
32 
77 
59 
32 
2 
21 
16 
13 
58 
32 
18 
20 
62 
15 
63 
63 
62 
125 
139 
49 
57 
85 
185 
196 
78 
15 
149 
156 
58 
31 
96 
138 
186 
65 
80 
194 
244 
293 
93 
11 
49 
16 
83 
78 
64 
35 
1 
15 
29 
10 
16 
2 
4 
14 
17 
3 
10 
0 
0 
17 
10 
133 
124 
107 
112 
70 
59 
39 
43 
265 
197 
169 
132 
117 
110 
101 
92 
17 
6 
10 
13 
8 
6 
2 
19 
68 
51 
51 
18 
2 
9 
24 
6 
29 
20 
34 
39 
37 
18 
39 
20 
40 
36 
56 
36 
0 
13 
11 
31 
18 
26 
31 
19 
78 
41 
27 
79 
34 
69 
96 
65 
19 
43 
42 
33 
0 
18 
43 
1 
80 
99 
85 
63 
16 
37 
44 
27 
17 
15 
48 
49 
42 
12 
11 
53 
133 
78 
46 
14 
5 
20 
44 
4 
5 
14 
47 
16 
96 
0 
95 
95 
95 
63 
49 
26 
11 
51 
100 
92 
11 
69 
94 
63 
16 
16 
1 
21 
93 
139 
81 
6 
36 
112 
67 
15 
9 
4 
16 
13 
85 
96 
67 
37 
14 
0 
14 
5 
3 
4 
1 
15 
48 
33 
26 
35 
52 
69 
53 
21 
83 
43 
91 
122 
65 
16 
130 
132 
94 
46 
14 
17 
42 
51 
52 
69 
110 
111 
32 
0 
15 
0 
79 
111 
32 
81 
81 
33 
31 
47 
47 
95 
96 
161 
177 
144 
1 
3 
37 
30 
16 
45 
91 
14 
112 
163 
133 
94 
78 
45 
4 
47 
153 
84 
1 
47 
76 
33 
2 
21 
73 
165 
144 
170 
171 
75 
10 
78 
128 
90 
83 
59 
138 
209 
112 
50 
85 
144 
178 
180 
84 
51 
84 
117 
62 
0 
32 
138 
115 
68 
5 
42 
58 
154 
122 
17 
48 
106 
67 
4 
26 
14 
15 
32 
33 
42 
35 
20 
20 
36 
28 
4 
37 
53 
14 
0 
16 
47 
79 
94 
165 
140 
58 
16 
61 
74 
6 
52 
136 
148 
112 
18 
27 
14 
144 
97 
33 
0 
33 
28 
78 
145 
131 
101 
14 
0 
31 
46 
53 
28 
52 
132 
69 
37 
4 
3 
20 
53 
46 
47 
15 
0 
15 
47 
79 
79 
63 
16 
17 
17 
14 
94 
62 
30 
26 
58 
27 
4 
20 
44 
59 
101 
53 
30 
1 
33 
81 
65 
65 
81 
129 
112 
110 
140 
161 
173 
103 
6 
118 
134 
109 
84 
99 
41 
55 
36 
25 
21 
40 
20 
30 
48 
48 
33 
16 
15 
14 
28 
26 
15 
28 
33 
29 
17 
29 
30 
19 
15 
3 
16 
12 
16 
12 
8 
4 
8 
5 
6 
17 
28 
23 
21 
18 
39 
37 
34 
39 
36 
57 
202 
173 
136 
121 
82 
50 
41 
39 
27 
6 
33 
6 
26 
38 
27 
16 
29 
33 
6 
10 
9 
91 
55 
58 
54 
40 
26 
12 
6 
7 
7 
7 
9 
25 
41 
25 
25 
40 
39 
38 
36 
51 
57 
24 
25 
43 
44 
44 
45 
44 
36 
45 
38 
24 
9 
4 
3 
9 
7 
10 
12 
29 
7 
25 
43 
61 
134 
103 
72 
40 
8 
41 
66 
83 
115 
83 
50 
25 
7 
10 
28 
22 
33 
12 
24 
21 
18 
62 
34 
30 
41 
36 
62 
48 
65 
21 
21 
20 
44 
59 
91 
122 
112 
78 
60 
81 
109 
104 
27 
29 
9 
24 
7 
22 
38 
54 
61 
36 
3 
102 
88 
121 
59 
3 
18 
25 
39 
37 
35 
57 
17 
108 
279 
345 
233 
88 
26 
125 
161 
124 
103 
73 
59 
29 
6 
7 
215 
151 
102 
61 
20 
2 
8 
8 
42 
44 
22 
8 
18 
11 
13 
7 
7 
6 
13 
4 
12 
13 
13 
2 
34 
18 
2 
3 
12 
20 
3 
2 
25 
8 
23 
9 
18 
43 
76 
77 
77 
77 
61 
36 
19 
18 
24 
39 
37 
19 
40 
14 
19 
40 
68 
105 
68 
63 
82 
84 
46 
31 
16 
32 
14 
174 
142 
140 
122 
103 
106 
45 
6 
24 
40 
40 
73 
137 
201 
136 
78 
115 
128 
51 
26 
96 
102 
123 
129 
109 
65 
28 
25 
182 
132 
121 
78 
66 
37 
41 
20 
16 
6 
11 
0 
13 
5 
16 
3 
17 
6 
27 
8 
4 
0 
3 
0 
35 
31 
19 
14 
18 
21 
24 
4 
0 
13 
5 
25 
4 
16 
3 
0 
3 
0 
12 
16 
12 
7 
10 
29 
8 
11 
29 
7 
5 
3 
9 
23 
37 
19 
9 
23 
20 
18 
23 
21 
18 
23 
20 
9 
30 
51 
63 
51 
63 
50 
69 
64 
74 
51 
53 
37 
14 
46 
69 
44 
11 
17 
32 
78 
76 
42 
0 
19 
21 
64 
82 
52 
53 
78 
94 
110 
61 
27 
15 
67 
62 
18 
58 
70 
42 
45 
7 
9 
36 
50 
57 
23 
26 
44 
9 
23 
22 
84 
82 
87 
68 
41 
21 
24 
4 
0 
3 
69 
112 
34 
11 
21 
14 
0 
31 
30 
21 
131 
100 
69 
46 
14 
0 
0 
16 
47 
31 
14 
21 
3 
11 
5 
0 
1 
12 
10 
16 
13 
26 
15 
28 
16 
28 
87 
36 
40 
4 
8 
11 
7 
11 
24 
20 
40 
21 
41 
37 
57 
37 
64 
83 
110 
128 
122 
107 
106 
113 
288 
218 
179 
140 
91 
74 
63 
44 
95 
99 
87 
52 
88 
100 
72 
36 
48 
51 
31 
18 
5 
32 
35 
53 
31 
33 
5 
37 
44 
4 
37 
21 
1 
33 
64 
31 
33 
90 
67 
69 
10 
1 
79 
64 
49 
10 
12 
27 
11 
5 
17 
30 
63 
0 
16 
47 
79 
62 
10 
51 
101 
127 
79 
62 
60 
42 
32 
13 
10 
8 
20 
15 
19 
47 
51 
78 
146 
132 
127 
128 
112 
96 
78 
60 
222 
193 
147 
116 
85 
85 
76 
59 
64 
61 
56 
59 
61 
54 
54 
53 
3 
9 
15 
19 
16 
12 
0 
2 
1 
9 
4 
1 
25 
11 
16 
13 
17 
13 
10 
9 
10 
54 
42 
38 
33 
29 
8 
27 
6 
121 
139 
173 
166 
166 
149 
114 
95 
125 
106 
86 
91 
71 
75 
70 
57 
27 
12 
13 
6 
2 
29 
36 
35 
41 
55 
52 
57 
69 
48 
35 
21 
15 
16 
17 
17 
30 
30 
14 
30 
30 
14 
14 
46 
62 
85 
92 
58 
80 
141 
129 
92 
7 
39 
93 
116 
66 
55 
37 
25 
17 
13 
26 
22 
11 
0 
13 
10 
0 
12 
33 
78 
124 
112 
124 
151 
162 
99 
3 
76 
109 
70 
38 
7 
7 
23 
55 
71 
71 
103 
102 
45 
4 
28 
6 
24 
22 
13 
4 
3 
2 
9 
8 
38 
45 
4 
13 
9 
7 
10 
44 
29 
7 
8 
9 
38 
86 
157 
213 
115 
24 
42 
61 
65 
61 
24 
27 
22 
22 
4 
2 
87 
69 
12 
73 
102 
68 
23 
59 
38 
10 
13 
7 
36 
50 
103 
276 
256 
51 
122 
208 
205 
170 
86 
73 
43 
18 
73 
87 
86 
77 
68 
67 
66 
56 
37 
34 
30 
18 
69 
80 
34 
123 
90 
80 
61 
74 
38 
42 
29 
152 
133 
115 
104 
101 
121 
21 
103 
187 
135 
106 
108 
86 
87 
71 
55 
9 
43 
77 
87 
89 
66 
91 
92 
148 
211 
153 
21 
102 
154 
119 
91 
38 
6 
4 
73 
151 
148 
153 
94 
34 
26 
31 
2 
5 
0 
60 
113 
93 
40 
27 
105 
142 
115 
72 
11 
32 
3 
32 
60 
40 
27 
24 
74 
77 
23 
52 
66 
72 
14 
35 
72 
85 
66 
30 
18 
78 
114 
21 
112 
78 
76 
65 
38 
58 
86 
65 
12 
6 
7 
9 
2 
2 
2 
13 
86 
86 
54 
39 
39 
38 
102 
125 
148 
185 
229 
224 
225 
177 
134 
106 
108 
93 
37 
3 
9 
1 
76 
167 
169 
194 
178 
120 
21 
86 
155 
177 
166 
171 
128 
124 
40 
21 
19 
9 
7 
6 
20 
19 
66 
120 
206 
179 
111 
49 
4 
60 
91 
74 
65 
17 
0 
16 
32 
32 
48 
32 
31 
30 
29 
43 
33 
15 
12 
1 
9 
11 
7 
11 
39 
43 
23 
27 
22 
25 
43 
61 
7 
8 
9 
2 
2 
2 
2 
38 
55 
24 
25 
25 
18 
19 
19 
3 
11 
4 
19 
35 
50 
73 
104 
9 
27 
38 
25 
27 
22 
8 
21 
51 
34 
40 
22 
4 
12 
22 
7 
24 
25 
25 
25 
24 
39 
45 
20 
25 
23 
43 
55 
90 
61 
8 
37 
51 
72 
37 
18 
23 
27 
22 
17 
13 
23 
20 
24 
21 
25 
5 
9 
26 
54 
74 
22 
26 
9 
10 
24 
20 
47 
50 
85 
79 
81 
58 
3 
27 
27 
43 
43 
59 
58 
58 
14 
15 
0 
1 
1 
5 
12 
11 
58 
81 
79 
70 
75 
49 
22 
10 
88 
68 
47 
50 
21 
0 
17 
2 
27 
26 
17 
16 
0 
1 
5 
21 
28 
27 
26 
33 
16 
15 
21 
28 
26 
32 
29 
43 
48 
38 
43 
48 
60 
64 
76 
56 
75 
77 
39 
9 
13 
27 
92 
61 
18 
98 
130 
57 
8 
21 
51 
56 
27 
38 
90 
102 
81 
92 
71 
57 
34 
59 
60 
28 
12 
12 
92 
68 
67 
73 
46 
51 
56 
53 
9 
59 
119 
154 
125 
55 
39 
87 
134 
125 
68 
41 
39 
26 
61 
23 
9 
5 
3 
41 
40 
71 
77 
100 
82 
8 
27 
25 
14 
34 
33 
54 
58 
22 
21 
41 
30 
50 
46 
35 
71 
100 
192 
179 
78 
0 
126 
149 
12 
10 
16 
1 
12 
5 
15 
50 
68 
63 
2 
11 
64 
61 
42 
7 
36 
56 
36 
120 
260 
206 
80 
31 
127 
96 
63 
47 
31 
1 
42 
43 
3 
4 
46 
47 
64 
65 
106 
123 
123 
154 
81 
6 
36 
80 
131 
190 
176 
129 
81 
32 
66 
132 
142 
112 
58 
35 
27 
26 
33 
47 
80 
17 
16 
48 
64 
0 
74 
107 
91 
11 
20 
21 
33 
16 
32 
42 
83 
117 
78 
126 
30 
10 
67 
52 
21 
21 
81 
96 
46 
18 
52 
94 
127 
79 
1 
50 
68 
117 
126 
144 
112 
0 
64 
48 
49 
5 
27 
51 
68 
4 
91 
203 
202 
112 
25 
59 
15 
67 
95 
114 
116 
78 
63 
79 
47 
18 
4 
1 
25 
52 
96 
51 
53 
80 
82 
68 
69 
37 
37 
10 
51 
20 
26 
0 
48 
49 
10 
53 
85 
3 
27 
75 
58 
49 
0 
48 
49 
83 
68 
21 
10 
42 
42 
75 
75 
123 
107 
43 
10 
1 
15 
32 
1 
28 
20 
47 
81 
83 
43 
58 
49 
65 
48 
47 
46 
37 
12 
149 
126 
126 
94 
77 
75 
80 
76 
23 
20 
25 
6 
11 
13 
24 
55 
37 
19 
25 
23 
26 
45 
23 
7 
37 
83 
169 
127 
83 
63 
2 
59 
64 
134 
107 
48 
35 
47 
67 
111 
66 
37 
24 
27 
32 
2 
53 
41 
68 
96 
50 
21 
15 
46 
45 
52 
14 
16 
17 
3 
68 
46 
32 
110 
92 
42 
16 
19 
0 
66 
85 
48 
28 
26 
0 
35 
21 
31 
18 
11 
17 
25 
4 
0 
2 
10 
7 
27 
0 
19 
0 
13 
1 
13 
5 
57 
69 
112 
99 
126 
48 
53 
140 
123 
46 
17 
19 
36 
17 
63 
93 
123 
55 
20 
105 
87 
68 
57 
46 
3 
7 
69 
50 
1 
105 
117 
95 
30 
69 
60 
42 
33 
47 
13 
52 
110 
80 
18 
43 
26 
31 
98 
85 
79 
65 
26 
19 
228 
220 
91 
94 
201 
164 
110 
79 
79 
14 
58 
147 
116 
69 
46 
30 
15 
96 
79 
62 
29 
11 
1 
0 
12 
10 
0 
12 
1 
80 
99 
101 
95 
80 
65 
65 
48 
32 
30 
13 
11 
1 
0 
35 
85 
16 
63 
61 
27 
33 
16 
50 
84 
69 
33 
33 
33 
16 
0 
0 
16 
32 
80 
64 
64 
47 
46 
108 
122 
80 
172 
56 
116 
201 
174 
130 
69 
0 
14 
60 
91 
138 
129 
15 
74 
67 
36 
37 
1 
32 
143 
126 
44 
46 
128 
211 
132 
68 
19 
84 
69 
78 
95 
80 
112 
128 
64 
30 
18 
27 
47 
97 
51 
33 
63 
61 
37 
64 
18 
10 
17 
64 
90 
43 
20 
36 
52 
52 
20 
20 
36 
11 
35 
52 
20 
35 
68 
180 
236 
138 
0 
130 
181 
143 
81 
27 
28 
91 
107 
138 
161 
95 
45 
59 
16 
51 
111 
2 
14 
98 
69 
80 
82 
36 
21 
5 
26 
131 
213 
238 
62 
21 
3 
20 
62 
128 
145 
138 
107 
11 
20 
5 
10 
46 
144 
129 
106 
186 
202 
81 
0 
82 
133 
96 
130 
84 
1 
32 
0 
30 
46 
1 
1 
14 
0 
47 
176 
144 
47 
13 
43 
81 
102 
75 
40 
75 
9 
159 
243 
271 
218 
138 
10 
143 
257 
234 
107 
20 
108 
107 
37 
79 
48 
10 
11 
12 
11 
37 
158 
143 
190 
93 
42 
22 
78 
211 
223 
162 
100 
21 
49 
74 
58 
3 
26 
47 
12 
78 
153 
116 
78 
47 
64 
16 
48 
48 
17 
44 
43 
17 
15 
13 
10 
16 
13 
59 
64 
70 
75 
49 
15 
2 
4 
1 
0 
14 
44 
74 
63 
76 
81 
77 
73 
91 
108 
93 
93 
68 
73 
47 
35 
31 
35 
30 
25 
20 
15 
18 
42 
79 
92 
80 
76 
70 
73 
18 
67 
83 
89 
111 
99 
85 
63 
31 
16 
128 
145 
122 
106 
81 
48 
0 
34 
148 
142 
143 
144 
144 
128 
110 
108 
0 
12 
7 
26 
44 
54 
71 
87 
102 
101 
66 
63 
51 
47 
65 
51 
53 
46 
14 
78 
61 
59 
64 
61 
56 
59 
61 
23 
24 
25 
25 
25 
25 
8 
8 
73 
98 
114 
13 
9 
24 
23 
21 
35 
40 
53 
130 
143 
130 
117 
111 
96 
80 
64 
30 
29 
26 
16 
34 
21 
15 
18 
11 
16 
14 
28 
289 
214 
185 
131 
83 
50 
9 
121 
155 
125 
86 
71 
55 
55 
21 
12 
54 
26 
6 
26 
15 
12 
58 
160 
141 
106 
54 
58 
76 
102 
166 
198 
132 
6 
139 
175 
188 
152 
139 
125 
118 
54 
26 
188 
301 
247 
168 
24 
56 
72 
25 
9 
7 
8 
8 
7 
24 
8 
23 
71 
103 
55 
6 
41 
114 
178 
162 
121 
55 
10 
29 
24 
26 
29 
24 
126 
243 
160 
19 
49 
57 
20 
33 
96 
182 
219 
151 
107 
45 
41 
120 
136 
103 
86 
45 
11 
60 
61 
45 
6 
25 
73 
88 
104 
87 
61 
4 
2 
23 
53 
66 
95 
99 
62 
14 
13 
27 
42 
33 
32 
64 
257 
250 
145 
48 
146 
84 
321 
320 
45 
190 
306 
357 
254 
204 
113 
60 
88 
295 
277 
226 
334 
145 
19 
203 
347 
337 
214 
58 
34 
103 
244 
249 
100 
15 
45 
43 
31 
81 
67 
37 
14 
31 
48 
32 
49 
97 
65 
49 
176 
109 
69 
256 
307 
245 
93 
4 
46 
96 
99 
142 
128 
82 
20 
14 
31 
64 
81 
17 
81 
336 
198 
42 
41 
126 
146 
191 
211 
302 
256 
161 
127 
61 
8 
36 
83 
242 
377 
408 
350 
369 
250 
145 
54 
167 
357 
579 
624 
427 
139 
49 
82 
54 
244 
322 
184 
37 
77 
7 
134 
212 
169 
37 
31 
305 
177 
0 
98 
149 
96 
66 
37 
63 
97 
91 
44 
139 
59 
92 
123 
81 
15 
67 
143 
146 
132 
126 
62 
16 
48 
64 
80 
31 
128 
97 
65 
16 
32 
58 
83 
84 
36 
11 
51 
36 
36 
117 
110 
62 
47 
158 
206 
236 
193 
3 
185 
423 
452 
383 
256 
127 
35 
159 
195 
216 
260 
368 
243 
85 
58 
90 
122 
122 
1 
686 
557 
136 
199 
551 
855 
660 
349 
21 
9 
6 
4 
12 
171 
364 
390 
295 
135 
117 
146 
254 
257 
113 
15 
226 
325 
272 
146 
20 
33 
64 
110 
93 
91 
74 
80 
62 
60 
5 
47 
64 
113 
26 
117 
117 
76 
26 
16 
34 
68 
1 
15 
18 
4 
53 
62 
64 
175 
46 
58 
115 
100 
10 
218 
186 
1 
160 
177 
177 
97 
31 
49 
35 
181 
111 
64 
17 
28 
59 
106 
128 
45 
26 
9 
20 
40 
52 
72 
52 
79 
51 
53 
48 
34 
116 
229 
165 
3 
37 
159 
257 
259 
204 
74 
31 
114 
165 
137 
117 
72 
52 
31 
1 
35 
101 
110 
62 
30 
10 
59 
83 
148 
12 
236 
155 
58 
31 
110 
108 
65 
137 
357 
463 
351 
204 
7 
237 
484 
498 
206 
15 
158 
220 
202 
71 
4 
73 
69 
80 
67 
62 
64 
3 
42 
97 
79 
61 
59 
65 
54 
75 
70 
89 
91 
60 
44 
59 
44 
22 
7 
37 
34 
30 
3 
144 
92 
32 
19 
104 
148 
176 
179 
149 
110 
94 
94 
108 
97 
70 
81 
76 
77 
54 
61 
52 
41 
47 
19 
15 
3 
1 
29 
58 
71 
59 
56 
107 
135 
185 
179 
131 
98 
71 
36 
40 
100 
238 
319 
223 
28 
104 
196 
249 
277 
272 
218 
145 
15 
130 
222 
265 
213 
127 
97 
51 
37 
30 
30 
31 
47 
31 
15 
16 
49 
81 
58 
10 
37 
37 
53 
28 
11 
10 
48 
127 
205 
218 
166 
73 
13 
76 
116 
179 
162 
151 
148 
80 
3 
58 
80 
63 
30 
78 
126 
213 
236 
218 
151 
91 
22 
56 
54 
86 
125 
157 
116 
67 
9 
40 
58 
45 
151 
105 
107 
76 
28 
18 
9 
9 
24 
40 
7 
22 
4 
3 
6 
121 
139 
61 
70 
39 
7 
23 
9 
73 
54 
70 
22 
38 
61 
13 
4 
60 
93 
86 
38 
22 
22 
29 
45 
60 
68 
34 
41 
71 
245 
146 
17 
109 
161 
205 
151 
25 
116 
179 
153 
46 
29 
88 
139 
77 
7 
55 
70 
109 
196 
201 
190 
35 
14 
9 
52 
32 
141 
250 
247 
90 
29 
24 
39 
13 
45 
92 
196 
163 
82 
40 
149 
82 
90 
111 
77 
122 
71 
123 
87 
6 
148 
178 
200 
190 
115 
47 
12 
16 
29 
5 
15 
28 
46 
304 
154 
69 
197 
261 
236 
106 
103 
27 
9 
54 
68 
67 
114 
121 
167 
94 
35 
88 
100 
111 
98 
116 
85 
10 
74 
35 
36 
206 
303 
143 
94 
124 
40 
4 
18 
121 
216 
247 
229 
227 
143 
12 
26 
47 
32 
14 
94 
95 
79 
94 
110 
61 
52 
94 
81 
19 
5 
32 
29 
74 
15 
19 
62 
146 
117 
63 
16 
53 
76 
75 
49 
16 
163 
85 
63 
16 
30 
21 
44 
75 
74 
1 
48 
79 
93 
59 
24 
100 
185 
213 
185 
180 
142 
80 
48 
31 
14 
67 
110 
96 
3 
53 
142 
223 
207 
34 
36 
49 
38 
42 
73 
142 
163 
169 
197 
281 
244 
165 
44 
53 
127 
226 
245 
142 
96 
159 
17 
51 
37 
62 
126 
158 
108 
10 
25 
37 
82 
151 
181 
178 
110 
1 
44 
14 
47 
96 
129 
80 
1 
99 
181 
143 
96 
80 
15 
33 
42 
12 
10 
63 
50 
101 
64 
19 
1 
16 
65 
67 
68 
100 
76 
59 
42 
48 
6 
36 
46 
80 
162 
132 
52 
76 
58 
0 
18 
181 
191 
161 
97 
49 
81 
32 
47 
193 
138 
106 
58 
17 
16 
42 
67 
10 
16 
38 
75 
64 
61 
49 
45 
7 
68 
153 
181 
178 
149 
111 
32 
80 
96 
33 
99 
117 
254 
191 
175 
141 
90 
22 
103 
36 
2 
25 
56 
151 
149 
163 
153 
133 
73 
20 
0 
13 
43 
62 
96 
81 
33 
33 
63 
128 
161 
241 
161 
63 
28 
31 
131 
136 
165 
194 
190 
146 
52 
21 
49 
112 
160 
126 
140 
90 
32 
114 
180 
302 
254 
181 
108 
11 
126 
208 
113 
129 
97 
81 
15 
161 
130 
36 
53 
10 
81 
257 
225 
96 
50 
117 
9 
37 
169 
261 
249 
132 
30 
31 
46 
37 
36 
12 
20 
60 
155 
170 
96 
2 
165 
256 
275 
124 
75 
42 
0 
114 
149 
176 
195 
190 
96 
14 
94 
46 
5 
10 
90 
58 
14 
111 
175 
223 
158 
92 
48 
3 
120 
69 
22 
102 
180 
217 
181 
128 
90 
43 
27 
27 
4 
37 
69 
117 
229 
156 
20 
101 
127 
144 
128 
64 
48 
95 
30 
117 
156 
65 
25 
149 
256 
209 
122 
65 
32 
163 
197 
111 
112 
64 
16 
15 
79 
127 
126 
85 
19 
11 
53 
63 
129 
106 
115 
84 
68 
44 
36 
85 
126 
206 
206 
93 
84 
206 
256 
241 
170 
129 
80 
0 
131 
158 
144 
122 
107 
43 
36 
69 
30 
31 
15 
2 
11 
16 
18 
68 
95 
128 
161 
144 
102 
75 
24 
132 
223 
186 
75 
43 
27 
10 
14 
96 
113 
67 
68 
62 
63 
15 
32 
17 
17 
1 
46 
31 
15 
48 
32 
0 
16 
64 
80 
64 
63 
101 
60 
5 
128 
305 
170 
21 
110 
160 
161 
113 
33 
48 
146 
228 
148 
28 
53 
79 
234 
203 
123 
43 
5 
21 
85 
148 
28 
27 
14 
96 
97 
115 
68 
60 
20 
37 
62 
143 
160 
112 
16 
58 
83 
68 
69 
62 
48 
49 
26 
26 
75 
75 
26 
5 
21 
37 
20 
11 
27 
58 
48 
62 
44 
10 
15 
1 
10 
28 
74 
17 
16 
33 
42 
3 
43 
27 
5 
46 
111 
111 
15 
65 
81 
106 
91 
107 
59 
53 
62 
31 
31 
144 
112 
0 
113 
154 
107 
12 
4 
100 
108 
27 
62 
64 
30 
69 
12 
59 
27 
53 
126 
111 
32 
65 
97 
65 
37 
5 
11 
3 
43 
75 
90 
97 
63 
45 
42 
23 
59 
54 
40 
34 
35 
19 
19 
35 
34 
87 
56 
57 
50 
34 
18 
19 
3 
12 
20 
19 
18 
9 
23 
8 
9 
10 
35 
34 
50 
82 
22 
38 
54 
55 
40 
24 
41 
41 
98 
82 
82 
73 
72 
62 
67 
72 
53 
73 
52 
47 
49 
28 
42 
16 
49 
12 
43 
74 
144 
45 
14 
2 
78 
67 
136 
69 
114 
95 
44 
56 
43 
23 
91 
71 
138 
2 
199 
196 
160 
82 
36 
17 
95 
45 
43 
0 
18 
53 
9 
4 
80 
83 
30 
0 
12 
17 
6 
4 
1 
1 
12 
37 
64 
49 
3 
10 
14 
16 
34 
4 
21 
31 
65 
35 
4 
65 
80 
6 
20 
30 
81 
67 
68 
62 
112 
49 
21 
101 
165 
69 
35 
84 
69 
110 
143 
143 
79 
46 
5 
163 
308 
236 
202 
95 
83 
239 
354 
309 
110 
161 
368 
303 
268 
72 
36 
146 
344 
293 
201 
100 
17 
95 
125 
75 
0 
2 
37 
64 
50 
21 
14 
0 
1 
21 
44 
43 
43 
59 
123 
139 
91 
21 
175 
304 
271 
141 
1 
82 
95 
83 
95 
115 
110 
96 
42 
3 
4 
21 
10 
5 
30 
14 
16 
16 
48 
96 
32 
17 
2 
84 
62 
46 
142 
94 
19 
62 
112 
147 
181 
111 
16 
16 
15 
15 
30 
45 
59 
49 
63 
44 
33 
22 
42 
54 
58 
54 
57 
43 
38 
24 
34 
116 
66 
57 
22 
11 
41 
30 
18 
1 
13 
1 
33 
35 
30 
47 
64 
49 
33 
33 
33 
31 
222 
204 
184 
171 
141 
118 
101 
83 
24 
4 
1 
14 
21 
44 
27 
11 
26 
26 
26 
33 
32 
0 
17 
3 
4 
1 
16 
18 
4 
1 
0 
12 
10 
15 
28 
33 
22 
43 
48 
61 
65 
61 
49 
28 
16 
12 
8 
4 
16 
67 
47 
57 
36 
30 
16 
17 
3 
59 
58 
80 
62 
76 
81 
54 
58 
61 
40 
59 
61 
39 
57 
66 
75 
76 
84 
99 
130 
168 
187 
150 
136 
114 
82 
66 
72 
1 
13 
16 
3 
14 
2 
10 
15 
28 
33 
45 
49 
61 
56 
75 
77 
39 
41 
43 
44 
38 
23 
25 
25 
18 
34 
57 
72 
85 
82 
78 
98 
68 
63 
49 
34 
27 
26 
32 
22 
43 
48 
45 
26 
153 
133 
137 
100 
79 
49 
51 
37 
46 
47 
47 
47 
46 
44 
42 
32 
226 
164 
142 
112 
80 
64 
31 
13 
149 
128 
83 
46 
41 
21 
0 
12 
94 
89 
52 
53 
30 
31 
31 
47 
15 
14 
5 
44 
58 
64 
30 
3 
14 
33 
19 
69 
111 
96 
33 
1 
14 
14 
16 
31 
1 
51 
85 
127 
112 
74 
11 
12 
27 
26 
42 
33 
1 
31 
31 
47 
47 
47 
31 
14 
21 
20 
44 
43 
49 
16 
14 
12 
10 
32 
22 
27 
32 
9 
11 
16 
18 
20 
46 
65 
42 
19 
36 
69 
53 
4 
51 
116 
101 
53 
5 
5 
46 
30 
14 
1 
26 
10 
12 
20 
78 
1 
65 
90 
42 
10 
5 
26 
17 
15 
0 
0 
31 
15 
31 
78 
46 
37 
76 
20 
158 
111 
16 
64 
15 
0 
15 
81 
106 
107 
27 
92 
75 
26 
0 
48 
42 
51 
84 
85 
21 
35 
36 
36 
21 
10 
65 
81 
65 
48 
47 
46 
37 
44 
26 
15 
17 
51 
165 
79 
0 
63 
63 
32 
16 
33 
1 
10 
26 
49 
49 
48 
14 
29 
59 
65 
48 
66 
27 
42 
16 
49 
115 
116 
69 
122 
154 
123 
58 
113 
48 
30 
115 
261 
142 
94 
26 
51 
68 
69 
95 
96 
33 
81 
33 
33 
48 
79 
14 
51 
101 
94 
79 
15 
0 
63 
47 
15 
16 
32 
47 
14 
113 
138 
90 
74 
49 
31 
65 
58 
75 
35 
3 
20 
27 
27 
4 
36 
68 
68 
52 
44 
43 
42 
17 
0 
1 
5 
12 
43 
74 
96 
22 
36 
94 
129 
58 
83 
20 
43 
67 
68 
52 
36 
52 
68 
60 
43 
17 
31 
64 
49 
42 
51 
20 
10 
33 
81 
97 
32 
32 
47 
31 
31 
14 
5 
19 
20 
53 
62 
30 
32 
47 
46 
5 
27 
11 
76 
43 
36 
53 
5 
122 
170 
90 
17 
95 
48 
49 
81 
177 
64 
32 
96 
96 
47 
63 
1 
17 
96 
47 
30 
67 
62 
47 
65 
74 
26 
1 
65 
48 
31 
10 
12 
10 
1 
31 
15 
47 
46 
21 
3 
36 
21 
49 
49 
0 
16 
32 
1 
53 
21 
4 
28 
27 
21 
17 
16 
0 
65 
97 
145 
49 
31 
128 
129 
74 
5 
44 
59 
42 
47 
81 
66 
36 
37 
53 
37 
21 
5 
35 
36 
4 
21 
10 
33 
26 
10 
10 
21 
14 
14 
14 
48 
64 
48 
16 
16 
64 
80 
64 
15 
26 
51 
4 
36 
53 
36 
12 
52 
53 
26 
90 
5 
53 
46 
94 
95 
111 
95 
78 
19 
53 
30 
64 
74 
75 
155 
155 
33 
15 
81 
107 
67 
4 
62 
95 
129 
114 
68 
52 
4 
3 
36 
1 
32 
0 
17 
19 
27 
26 
32 
15 
17 
12 
11 
14 
63 
49 
53 
44 
59 
42 
33 
31 
13 
27 
33 
31 
21 
28 
10 
1 
1 
14 
30 
30 
30 
21 
37 
36 
12 
27 
11 
27 
10 
10 
17 
1 
32 
32 
111 
69 
3 
133 
112 
99 
78 
48 
42 
51 
30 
16 
17 
12 
4 
30 
79 
127 
95 
21 
35 
5 
0 
17 
162 
100 
52 
100 
76 
42 
16 
18 
37 
56 
36 
71 
75 
86 
88 
82 
43 
67 
51 
67 
12 
141 
141 
52 
124 
182 
118 
55 
54 
77 
20 
3 
2 
23 
8 
13 
4 
13 
24 
1 
35 
40 
37 
18 
23 
4 
9 
1 
3 
25 
14 
35 
56 
20 
25 
37 
66 
31 
3 
55 
59 
38 
23 
36 
9 
14 
51 
40 
36 
40 
36 
31 
18 
5 
41 
20 
7 
11 
15 
44 
24 
4 
40 
100 
111 
35 
49 
71 
59 
15 
3 
1 
45 
17 
34 
78 
66 
62 
105 
37 
0 
29 
42 
95 
92 
80 
3 
39 
116 
152 
52 
47 
50 
21 
15 
12 
17 
15 
3 
30 
41 
4 
0 
49 
131 
149 
133 
85 
10 
211 
284 
267 
240 
28 
136 
117 
66 
151 
132 
137 
101 
57 
11 
33 
31 
29 
20 
94 
111 
128 
48 
30 
85 
26 
11 
140 
75 
42 
96 
62 
19 
94 
137 
84 
78 
16 
2 
21 
31 
49 
66 
52 
37 
30 
30 
14 
17 
81 
65 
97 
31 
32 
94 
173 
123 
31 
147 
127 
130 
85 
47 
66 
36 
5 
17 
0 
17 
37 
44 
21 
30 
32 
17 
21 
44 
4 
14 
63 
48 
17 
17 
26 
42 
42 
26 
42 
10 
10 
10 
4 
27 
75 
75 
11 
20 
84 
132 
204 
138 
16 
162 
181 
143 
129 
98 
52 
10 
106 
90 
65 
80 
15 
98 
116 
69 
0 
15 
46 
45 
4 
53 
31 
64 
97 
49 
5 
37 
53 
52 
19 
52 
84 
68 
36 
21 
53 
37 
5 
5 
10 
27 
43 
115 
60 
4 
36 
21 
37 
62 
46 
30 
47 
63 
95 
62 
21 
44 
21 
62 
112 
97 
33 
113 
1 
47 
16 
30 
122 
179 
148 
53 
58 
49 
17 
16 
16 
33 
17 
14 
33 
42 
58 
30 
94 
79 
79 
47 
48 
32 
33 
17 
1 
64 
193 
170 
33 
63 
49 
99 
100 
78 
63 
32 
16 
32 
16 
15 
0 
15 
31 
31 
1 
17 
10 
19 
4 
20 
10 
42 
42 
1 
1 
1 
33 
33 
0 
0 
48 
46 
78 
117 
76 
52 
30 
32 
0 
65 
122 
138 
26 
94 
127 
96 
64 
32 
32 
64 
14 
30 
21 
37 
51 
68 
133 
53 
51 
20 
5 
14 
31 
95 
92 
81 
86 
81 
60 
38 
24 
70 
100 
137 
117 
112 
114 
84 
69 
30 
16 
2 
26 
63 
76 
72 
59 
40 
53 
64 
51 
53 
32 
34 
4 
106 
48 
16 
64 
112 
112 
110 
140 
161 
126 
92 
49 
6 
11 
14 
33 
60 
65 
70 
75 
55 
75 
54 
54 
116 
57 
30 
3 
88 
101 
153 
132 
111 
80 
209 
30 
239 
272 
145 
17 
14 
48 
64 
65 
1 
30 
1 
0 
32 
29 
75 
55 
58 
45 
0 
28 
16 
19 
78 
48 
45 
65 
38 
59 
15 
13 
5 
0 
18 
20 
46 
0 
47 
76 
49 
22 
27 
15 
12 
16 
2 
5 
31 
77 
74 
48 
44 
14 
50 
142 
290 
229 
95 
16 
81 
129 
138 
171 
139 
139 
107 
81 
64 
83 
69 
64 
2 
11 
17 
0 
30 
92 
106 
80 
13 
5 
0 
28 
62 
210 
165 
31 
111 
142 
44 
43 
62 
95 
48 
32 
16 
32 
64 
65 
26 
58 
90 
42 
0 
0 
14 
85 
76 
21 
96 
131 
37 
33 
64 
47 
17 
35 
27 
91 
58 
5 
21 
21 
10 
58 
74 
106 
144 
92 
31 
83 
101 
15 
17 
5 
44 
27 
49 
54 
91 
64 
45 
5 
16 
19 
14 
17 
3 
1 
15 
77 
58 
31 
13 
5 
32 
35 
46 
97 
67 
69 
53 
14 
10 
10 
19 
20 
21 
15 
0 
5 
3 
5 
14 
0 
1 
12 
26 
15 
2 
5 
0 
3 
30 
41 
4 
31 
41 
27 
49 
30 
28 
1 
25 
52 
30 
48 
114 
36 
53 
94 
63 
31 
1 
145 
192 
31 
19 
17 
6 
59 
64 
82 
165 
207 
97 
35 
20 
21 
14 
15 
0 
14 
1 
5 
11 
51 
52 
60 
5 
46 
79 
0 
16 
32 
16 
17 
17 
42 
10 
26 
10 
26 
107 
75 
59 
27 
4 
21 
21 
14 
143 
95 
63 
31 
30 
21 
12 
21 
126 
112 
90 
83 
52 
52 
19 
36 
68 
44 
43 
5 
1 
0 
48 
65 
129 
145 
144 
143 
109 
85 
256 
282 
171 
43 
37 
95 
97 
131 
100 
78 
30 
17 
17 
145 
241 
80 
16 
114 
84 
30 
1 
83 
101 
78 
79 
80 
80 
47 
14 
19 
52 
37 
14 
0 
47 
95 
93 
106 
103 
122 
124 
102 
103 
55 
39 
23 
24 
56 
70 
52 
2 
24 
5 
12 
7 
54 
52 
134 
121 
107 
92 
61 
29 
28 
3 
163 
147 
99 
57 
24 
10 
29 
40 
123 
86 
8 
38 
77 
109 
125 
132 
204 
151 
155 
87 
43 
15 
12 
30 
87 
107 
134 
167 
166 
180 
192 
195 
116 
92 
74 
64 
38 
43 
31 
28 
159 
147 
149 
110 
79 
78 
45 
26 
7 
4 
24 
101 
73 
33 
44 
48 
28 
39 
27 
70 
25 
20 
34 
39 
21 
3 
25 
22 
11 
9 
1 
12 
9 
41 
75 
109 
38 
7 
55 
6 
25 
50 
22 
40 
34 
27 
29 
70 
70 
69 
35 
25 
23 
18 
4 
19 
9 
7 
24 
57 
82 
82 
9 
7 
42 
108 
77 
70 
7 
55 
61 
148 
195 
88 
42 
102 
122 
125 
39 
41 
20 
99 
281 
190 
18 
122 
111 
109 
90 
32 
10 
35 
53 
16 
62 
60 
33 
70 
42 
41 
5 
57 
37 
34 
46 
92 
96 
108 
87 
59 
24 
117 
153 
4 
32 
14 
3 
37 
31 
30 
44 
33 
38 
58 
71 
58 
18 
14 
2 
26 
38 
42 
9 
36 
24 
43 
16 
28 
17 
50 
53 
63 
34 
43 
65 
80 
98 
100 
110 
110 
117 
28 
65 
6 
21 
98 
126 
131 
128 
67 
14 
96 
175 
2 
52 
37 
160 
230 
155 
39 
53 
51 
57 
87 
150 
180 
185 
126 
66 
5 
47 
93 
90 
80 
61 
59 
8 
20 
8 
10 
13 
23 
4 
6 
7 
36 
34 
47 
51 
79 
67 
46 
50 
20 
0 
22 
11 
15 
2 
17 
61 
1 
34 
1 
77 
81 
92 
71 
9 
116 
153 
135 
52 
40 
4 
8 
4 
0 
28 
47 
83 
78 
153 
52 
17 
80 
1 
18 
27 
65 
63 
28 
1 
29 
33 
28 
23 
68 
111 
160 
186 
155 
99 
36 
44 
20 
68 
165 
181 
206 
319 
278 
107 
130 
313 
296 
134 
52 
9 
55 
74 
61 
40 
43 
6 
21 
57 
37 
9 
10 
29 
25 
43 
6 
23 
37 
13 
22 
24 
41 
34 
18 
12 
51 
91 
28 
35 
66 
89 
120 
103 
70 
4 
76 
77 
86 
23 
23 
71 
55 
38 
109 
116 
34 
24 
41 
171 
109 
102 
38 
82 
115 
115 
2 
57 
136 
117 
34 
8 
10 
60 
22 
1 
51 
25 
21 
18 
1 
2 
24 
42 
13 
23 
53 
99 
192 
19 
14 
41 
5 
8 
43 
7 
91 
102 
24 
18 
59 
18 
105 
110 
115 
96 
51 
33 
47 
18 
53 
57 
20 
0 
12 
17 
13 
14 
73 
37 
8 
11 
32 
2 
21 
16 
3 
1 
9 
11 
23 
53 
57 
37 
24 
4 
0 
28 
17 
18 
14 
25 
5 
8 
11 
0 
3 
46 
73 
52 
47 
49 
42 
35 
20 
58 
33 
16 
29 
26 
22 
42 
60 
70 
71 
55 
39 
23 
24 
40 
25 
22 
45 
3 
11 
44 
35 
115 
130 
105 
119 
70 
4 
61 
39 
8 
13 
27 
77 
39 
23 
117 
163 
169 
37 
23 
123 
39 
36 
86 
73 
77 
100 
66 
88 
86 
20 
38 
17 
44 
54 
39 
85 
185 
116 
63 
41 
43 
1 
41 
11 
0 
12 
17 
6 
42 
38 
49 
2 
63 
67 
47 
34 
30 
57 
36 
15 
2 
5 
0 
19 
62 
9 
4 
33 
38 
11 
63 
34 
10 
63 
3 
47 
19 
1 
61 
7 
84 
136 
36 
17 
94 
76 
26 
15 
97 
163 
149 
127 
81 
18 
43 
42 
15 
48 
33 
58 
106 
113 
32 
177 
115 
148 
188 
234 
80 
35 
88 
85 
89 
85 
105 
133 
95 
49 
42 
35 
4 
26 
33 
49 
0 
31 
14 
10 
35 
68 
62 
31 
0 
1 
51 
20 
21 
17 
96 
63 
17 
50 
52 
21 
0 
1 
5 
27 
27 
26 
46 
62 
60 
33 
3 
41 
23 
4 
25 
5 
25 
21 
73 
68 
79 
66 
52 
30 
31 
49 
81 
74 
58 
49 
33 
32 
30 
29 
43 
65 
38 
43 
48 
61 
65 
60 
88 
37 
13 
8 
43 
38 
24 
43 
45 
24 
10 
2 
7 
4 
25 
14 
2 
0 
3 
15 
19 
31 
45 
49 
54 
74 
93 
65 
44 
7 
4 
25 
30 
34 
46 
89 
68 
63 
65 
58 
42 
42 
33 
128 
94 
108 
97 
93 
72 
75 
61 
41 
41 
40 
39 
38 
29 
4 
3 
19 
18 
41 
56 
70 
84 
128 
163 
164 
156 
11 
5 
1 
15 
15 
14 
21 
28 
21 
14 
16 
5 
12 
10 
16 
14 
12 
10 
0 
1 
12 
5 
0 
2 
53 
47 
74 
99 
124 
171 
177 
189 
169 
171 
173 
150 
134 
109 
68 
50 
40 
14 
12 
22 
24 
137 
131 
115 
83 
67 
34 
56 
30 
19 
24 
37 
56 
52 
31 
41 
20 
5 
0 
16 
17 
10 
11 
124 
91 
75 
65 
16 
0 
18 
20 
30 
47 
33 
26 
19 
20 
21 
14 
14 
14 
0 
16 
16 
15 
15 
0 
15 
14 
12 
21 
15 
18 
4 
15 
18 
20 
14 
16 
17 
26 
42 
59 
43 
26 
5 
44 
75 
74 
63 
28 
16 
12 
16 
12 
0 
12 
32 
108 
71 
58 
44 
29 
23 
7 
8 
8 
8 
39 
22 
5 
12 
38 
24 
58 
76 
54 
23 
7 
6 
21 
3 
18 
8 
7 
2 
34 
13 
12 
4 
3 
2 
8 
6 
20 
41 
14 
2 
0 
12 
8 
27 
7 
11 
9 
17 
29 
24 
27 
22 
25 
27 
38 
24 
91 
77 
55 
25 
27 
13 
8 
6 
21 
19 
9 
7 
11 
13 
7 
25 
10 
28 
45 
54 
73 
40 
39 
21 
12 
7 
10 
38 
49 
44 
38 
25 
43 
44 
45 
22 
86 
118 
132 
153 
158 
169 
132 
149 
69 
30 
0 
30 
60 
74 
63 
76 
65 
61 
48 
28 
7 
20 
41 
37 
48 
51 
63 
50 
37 
48 
35 
37 
31 
32 
50 
52 
46 
48 
33 
33 
1 
90 
81 
80 
78 
92 
65 
30 
3 
37 
47 
65 
65 
42 
42 
49 
49 
64 
62 
45 
43 
33 
0 
18 
4 
14 
32 
45 
43 
32 
29 
10 
2 
1 
3 
24 
14 
3 
9 
7 
5 
12 
22 
8 
25 
27 
28 
29 
86 
87 
70 
54 
5 
28 
54 
40 
74 
45 
7 
1 
35 
57 
54 
20 
9 
7 
11 
6 
1 
13 
16 
28 
32 
28 
39 
5 
13 
8 
5 
18 
39 
36 
48 
51 
63 
81 
51 
58 
64 
62 
60 
42 
32 
30 
37 
28 
26 
32 
61 
65 
77 
8 
25 
26 
28 
22 
24 
25 
27 
29 
24 
36 
80 
83 
69 
15 
32 
64 
97 
81 
65 
17 
61 
155 
128 
102 
91 
48 
45 
74 
47 
35 
47 
34 
20 
47 
33 
12 
10 
0 
17 
18 
4 
5 
0 
15 
37 
92 
81 
125 
167 
184 
199 
213 
233 
164 
111 
66 
37 
0 
28 
32 
60 
23 
42 
45 
40 
42 
44 
22 
7 
53 
51 
72 
21 
25 
21 
6 
1 
13 
8 
27 
6 
17 
3 
9 
55 
37 
19 
9 
8 
9 
43 
44 
29 
38 
7 
23 
62 
99 
121 
78 
66 
47 
35 
14 
9 
11 
23 
59 
22 
1 
51 
63 
50 
30 
3 
7 
5 
18 
30 
18 
14 
9 
10 
22 
11 
40 
36 
40 
20 
25 
21 
25 
5 
24 
20 
16 
3 
0 
2 
1 
18 
37 
32 
35 
30 
16 
3 
21 
16 
2 
5 
0 
13 
10 
9 
11 
7 
4 
25 
5 
6 
14 
2 
1 
12 
0 
12 
0 
3 
8 
10 
13 
9 
11 
9 
22 
20 
25 
39 
20 
25 
8 
4 
6 
22 
20 
9 
1 
3 
57 
30 
34 
31 
19 
31 
19 
15 
108 
64 
44 
7 
10 
12 
6 
7 
70 
68 
50 
71 
68 
72 
4 
8 
11 
7 
26 
29 
7 
5 
2 
24 
21 
2 
55 
36 
56 
37 
41 
37 
41 
37 
0 
12 
17 
9 
11 
16 
13 
10 
9 
4 
16 
19 
31 
35 
31 
19 
32 
28 
16 
12 
0 
3 
24 
36 
40 
20 
8 
10 
29 
24 
42 
60 
38 
23 
8 
6 
6 
29 
36 
83 
73 
87 
84 
88 
69 
73 
37 
57 
20 
0 
18 
11 
32 
30 
60 
17 
0 
19 
46 
73 
20 
14 
64 
67 
53 
14 
16 
2 
11 
16 
29 
42 
22 
33 
9 
21 
48 
51 
10 
16 
9 
11 
16 
29 
17 
29 
17 
3 
40 
36 
25 
30 
35 
39 
52 
32 
19 
14 
25 
4 
0 
6 
27 
33 
6 
11 
15 
28 
143 
99 
78 
57 
4 
14 
25 
4 
17 
6 
11 
16 
2 
10 
0 
3 
0 
13 
17 
6 
26 
9 
5 
25 
5 
2 
14 
18 
31 
19 
31 
19 
15 
2 
1 
25 
5 
24 
4 
24 
4 
0 
12 
16 
12 
8 
11 
9 
5 
2 
23 
4 
25 
14 
3 
24 
20 
25 
1 
2 
15 
35 
56 
20 
24 
20 
24 
4 
8 
4 
8 
20 
40 
36 
40 
20 
15 
35 
30 
18 
21 
25 
4 
0 
12 
1 
2 
10 
9 
11 
15 
3 
30 
32 
35 
37 
31 
48 
49 
42 
59 
75 
75 
59 
67 
36 
20 
4 
5 
17 
17 
31 
30 
13 
11 
10 
0 
0 
1 
12 
4 
1 
15 
32 
33 
42 
42 
26 
27 
27 
11 
11 
11 
3 
4 
5 
1 
15 
16 
17 
5 
3 
91 
74 
81 
63 
44 
33 
29 
17 
12 
8 
10 
12 
41 
39 
38 
20 
25 
39 
21 
34 
7 
4 
25 
5 
2 
14 
2 
14 
51 
46 
50 
37 
32 
35 
30 
32 
19 
37 
31 
33 
35 
20 
14 
15 
17 
18 
4 
21 
1 
0 
1 
2 
11 
5 
0 
1 
18 
20 
14 
16 
34 
20 
14 
32 
50 
36 
30 
31 
32 
17 
10 
10 
26 
26 
26 
26 
26 
10 
5 
1 
17 
1 
1 
1 
14 
30 
14 
5 
10 
19 
20 
21 
30 
31 
32 
17 
10 
5 
12 
27 
26 
17 
0 
1 
12 
10 
0 
41 
36 
30 
33 
19 
21 
15 
18 
4 
1 
0 
1 
12 
10 
0 
2 
27 
33 
22 
27 
16 
28 
32 
28 
23 
26 
29 
8 
10 
13 
7 
9 
11 
3 
13 
6 
23 
8 
8 
8 
8 
8 
7 
6 
5 
3 
13 
8 
6 
11 
13 
8 
5 
3 
25 
6 
11 
6 
54 
20 
25 
17 
28 
23 
27 
38 
56 
59 
54 
24 
27 
13 
8 
21 
3 
6 
7 
4 
2 
23 
5 
2 
14 
3 
8 
11 
7 
58 
54 
65 
60 
54 
40 
34 
43 
45 
22 
23 
7 
8 
9 
9 
2 
2 
3 
11 
12 
29 
22 
7 
6 
61 
36 
34 
40 
22 
20 
9 
7 
20 
41 
14 
2 
1 
2 
1 
2 
90 
54 
58 
38 
42 
61 
40 
43 
45 
24 
26 
28 
29 
22 
8 
25 
25 
18 
18 
19 
3 
19 
19 
19 
