52 
53 
63 
80 
81 
58 
26 
12 
27 
42 
17 
17 
16 
15 
0 
17 
33 
15 
31 
15 
31 
63 
77 
58 
31 
51 
117 
109 
91 
58 
48 
62 
69 
92 
75 
49 
0 
18 
5 
31 
80 
65 
49 
48 
63 
78 
37 
28 
10 
1 
47 
97 
81 
49 
17 
17 
17 
42 
113 
128 
111 
61 
58 
63 
44 
17 
25 
36 
69 
117 
117 
100 
92 
59 
10 
14 
46 
46 
31 
16 
16 
33 
58 
75 
75 
43 
5 
21 
46 
93 
75 
0 
66 
68 
85 
85 
92 
74 
47 
29 
27 
10 
1 
17 
1 
14 
31 
48 
32 
16 
0 
31 
31 
14 
1 
10 
5 
53 
36 
4 
11 
11 
11 
12 
11 
4 
19 
4 
10 
1 
14 
46 
61 
75 
74 
80 
77 
42 
31 
2 
36 
85 
69 
53 
36 
60 
43 
26 
32 
30 
5 
35 
52 
53 
62 
30 
14 
15 
15 
0 
32 
62 
108 
80 
3 
46 
81 
90 
154 
144 
77 
11 
3 
43 
49 
31 
44 
58 
47 
10 
59 
123 
154 
144 
86 
43 
16 
17 
3 
10 
15 
33 
51 
36 
36 
37 
5 
26 
33 
33 
16 
14 
30 
29 
20 
21 
15 
0 
13 
43 
48 
61 
97 
61 
33 
29 
17 
9 
5 
16 
51 
78 
97 
83 
117 
117 
141 
139 
129 
95 
108 
97 
38 
43 
32 
51 
46 
49 
51 
85 
94 
95 
110 
69 
44 
11 
21 
47 
48 
17 
26 
58 
75 
58 
10 
33 
17 
26 
26 
43 
27 
27 
10 
21 
5 
10 
10 
42 
42 
21 
69 
37 
12 
11 
4 
37 
53 
14 
0 
15 
30 
28 
10 
0 
18 
20 
69 
69 
69 
76 
75 
65 
16 
15 
62 
77 
75 
64 
45 
26 
16 
50 
68 
85 
101 
92 
123 
113 
95 
60 
10 
16 
34 
20 
37 
62 
79 
94 
76 
58 
48 
29 
27 
1 
0 
18 
21 
63 
82 
36 
14 
48 
50 
68 
101 
92 
91 
65 
32 
1 
19 
4 
10 
26 
1 
15 
16 
17 
17 
10 
4 
20 
3 
28 
59 
81 
63 
45 
5 
15 
32 
33 
42 
58 
74 
90 
97 
63 
46 
5 
27 
51 
36 
28 
27 
11 
10 
17 
15 
1 
2 
4 
5 
0 
17 
2 
20 
5 
17 
16 
42 
115 
140 
139 
128 
125 
129 
109 
65 
2 
62 
97 
99 
116 
133 
117 
69 
28 
11 
20 
21 
5 
1 
0 
32 
17 
10 
3 
5 
32 
13 
21 
47 
80 
96 
96 
95 
63 
30 
21 
19 
20 
20 
36 
37 
10 
33 
32 
15 
14 
26 
42 
42 
49 
47 
45 
27 
1 
16 
13 
26 
16 
35 
69 
47 
64 
80 
64 
63 
46 
61 
75 
58 
49 
15 
1 
12 
1 
16 
33 
42 
43 
43 
43 
10 
5 
5 
10 
26 
48 
38 
11 
46 
96 
49 
16 
32 
31 
0 
16 
33 
49 
10 
37 
44 
11 
14 
47 
95 
78 
69 
12 
21 
1 
16 
16 
31 
46 
45 
11 
21 
0 
15 
30 
37 
28 
27 
4 
53 
46 
30 
0 
0 
15 
31 
30 
46 
44 
43 
16 
1 
3 
15 
2 
5 
16 
66 
68 
101 
117 
108 
91 
81 
47 
44 
5 
0 
16 
16 
16 
33 
33 
65 
80 
47 
1 
17 
10 
10 
12 
27 
21 
53 
69 
85 
76 
59 
49 
33 
0 
0 
16 
16 
0 
17 
2 
20 
30 
0 
15 
31 
15 
0 
0 
15 
63 
61 
59 
33 
1 
35 
53 
69 
53 
37 
60 
59 
74 
64 
32 
15 
17 
17 
17 
1 
1 
21 
5 
26 
42 
65 
64 
63 
61 
43 
16 
34 
52 
53 
15 
65 
74 
83 
84 
84 
76 
75 
81 
54 
27 
16 
1 
10 
35 
36 
36 
52 
52 
28 
27 
4 
11 
10 
42 
65 
47 
18 
36 
53 
63 
48 
48 
48 
32 
33 
17 
42 
27 
51 
36 
3 
4 
4 
20 
60 
43 
33 
15 
13 
27 
17 
16 
26 
51 
36 
37 
62 
78 
46 
30 
14 
14 
31 
0 
15 
45 
43 
48 
38 
27 
17 
15 
13 
5 
0 
19 
46 
63 
65 
81 
74 
106 
113 
96 
62 
44 
27 
17 
32 
65 
74 
49 
32 
31 
37 
44 
26 
17 
32 
65 
65 
49 
33 
17 
1 
1 
10 
10 
5 
28 
26 
31 
45 
10 
16 
26 
83 
68 
60 
59 
27 
27 
35 
20 
4 
10 
5 
14 
1 
17 
16 
0 
21 
60 
42 
31 
29 
5 
15 
33 
66 
68 
68 
69 
53 
37 
52 
36 
20 
12 
11 
10 
33 
31 
21 
4 
3 
3 
4 
11 
26 
58 
64 
77 
43 
16 
33 
51 
68 
69 
60 
75 
58 
58 
1 
30 
53 
60 
75 
64 
29 
5 
31 
65 
91 
91 
74 
81 
80 
62 
61 
91 
64 
1 
58 
75 
59 
26 
26 
33 
16 
0 
15 
30 
1 
10 
26 
3 
4 
33 
48 
22 
11 
14 
48 
74 
75 
59 
11 
4 
3 
20 
21 
30 
31 
16 
1 
28 
42 
32 
1 
19 
53 
63 
48 
32 
48 
47 
46 
37 
12 
11 
10 
5 
21 
20 
3 
4 
5 
5 
1 
1 
14 
5 
10 
1 
37 
5 
26 
65 
62 
44 
1 
65 
74 
74 
58 
42 
11 
3 
20 
36 
37 
21 
5 
5 
10 
1 
14 
15 
0 
0 
15 
14 
1 
10 
10 
12 
4 
17 
31 
29 
58 
47 
44 
17 
73 
84 
110 
111 
127 
142 
124 
90 
79 
61 
59 
16 
49 
90 
107 
91 
91 
81 
80 
78 
60 
58 
31 
5 
67 
101 
101 
78 
46 
47 
32 
49 
65 
33 
1 
1 
1 
37 
92 
74 
32 
12 
17 
15 
28 
1 
16 
50 
100 
100 
117 
69 
52 
12 
4 
11 
11 
11 
10 
5 
26 
33 
32 
31 
30 
53 
28 
36 
69 
85 
85 
76 
26 
15 
29 
5 
0 
34 
20 
30 
47 
96 
81 
81 
48 
48 
0 
15 
30 
21 
12 
11 
5 
21 
10 
5 
5 
30 
31 
48 
49 
65 
49 
1 
31 
0 
31 
62 
76 
58 
55 
59 
32 
2 
37 
79 
113 
138 
138 
113 
95 
77 
75 
48 
1 
19 
20 
37 
30 
30 
46 
46 
69 
28 
27 
26 
16 
31 
29 
43 
1 
16 
19 
46 
48 
81 
74 
90 
90 
81 
80 
63 
0 
33 
48 
47 
14 
37 
28 
27 
26 
64 
38 
43 
16 
18 
53 
63 
65 
67 
68 
124 
171 
161 
102 
59 
47 
28 
17 
49 
67 
60 
59 
91 
58 
49 
64 
32 
16 
0 
14 
37 
28 
5 
0 
6 
20 
30 
49 
35 
36 
46 
79 
64 
64 
112 
80 
46 
29 
27 
26 
1 
16 
33 
10 
3 
4 
5 
14 
31 
16 
31 
30 
30 
37 
44 
4 
21 
14 
17 
33 
33 
32 
16 
0 
16 
17 
1 
5 
21 
44 
43 
26 
17 
15 
16 
15 
47 
85 
12 
11 
10 
17 
16 
14 
19 
37 
62 
79 
63 
79 
46 
37 
20 
4 
4 
5 
17 
32 
15 
33 
33 
17 
1 
14 
21 
21 
4 
11 
27 
19 
28 
27 
35 
4 
4 
4 
37 
37 
53 
37 
21 
28 
27 
10 
21 
1 
17 
17 
32 
47 
45 
43 
33 
70 
107 
102 
105 
107 
92 
93 
125 
125 
109 
52 
19 
2 
9 
23 
119 
119 
110 
131 
136 
84 
56 
36 
40 
20 
7 
27 
31 
60 
48 
92 
39 
26 
13 
14 
13 
1 
29 
33 
2 
1 
18 
1 
29 
33 
61 
49 
29 
17 
12 
15 
19 
15 
18 
37 
31 
25 
4 
1 
16 
18 
11 
17 
0 
0 
5 
44 
49 
38 
42 
23 
43 
7 
4 
31 
33 
12 
26 
16 
1 
12 
17 
47 
60 
65 
93 
88 
74 
61 
7 
21 
18 
30 
49 
51 
53 
32 
34 
4 
0 
13 
10 
15 
3 
14 
32 
26 
51 
20 
11 
27 
59 
97 
95 
92 
49 
38 
43 
32 
25 
4 
31 
50 
52 
14 
1 
44 
10 
1 
15 
32 
17 
1 
21 
12 
59 
64 
45 
42 
15 
13 
10 
32 
6 
4 
21 
31 
48 
81 
80 
63 
14 
10 
27 
43 
58 
81 
79 
93 
90 
112 
70 
59 
0 
66 
68 
69 
62 
62 
46 
37 
30 
1 
1 
1 
17 
65 
80 
80 
47 
47 
30 
5 
12 
11 
21 
14 
14 
15 
0 
31 
53 
60 
74 
63 
45 
26 
0 
17 
3 
5 
30 
79 
95 
94 
77 
43 
14 
48 
65 
81 
113 
128 
109 
91 
64 
45 
26 
0 
17 
58 
67 
68 
85 
69 
52 
28 
4 
20 
37 
37 
5 
21 
14 
16 
47 
28 
1 
32 
42 
59 
91 
75 
74 
96 
62 
28 
5 
14 
14 
14 
14 
1 
0 
15 
31 
31 
0 
0 
1 
10 
19 
11 
33 
15 
5 
12 
5 
14 
30 
31 
47 
63 
79 
63 
31 
30 
30 
30 
21 
5 
21 
4 
19 
4 
4 
4 
21 
5 
5 
10 
10 
10 
10 
10 
4 
3 
4 
5 
10 
1 
30 
14 
0 
16 
14 
13 
43 
33 
6 
27 
15 
73 
68 
101 
133 
156 
138 
96 
30 
3 
21 
30 
46 
78 
78 
62 
14 
1 
33 
48 
63 
62 
61 
59 
17 
15 
33 
33 
42 
49 
32 
14 
44 
42 
32 
1 
51 
52 
36 
37 
69 
84 
76 
59 
42 
17 
0 
15 
47 
47 
31 
30 
28 
10 
17 
0 
17 
10 
27 
27 
35 
68 
84 
53 
52 
28 
27 
5 
37 
12 
11 
26 
32 
14 
2 
4 
52 
76 
91 
113 
86 
75 
32 
1 
19 
20 
21 
21 
53 
69 
53 
44 
59 
58 
48 
38 
27 
0 
2 
53 
80 
113 
106 
106 
113 
97 
64 
62 
60 
10 
17 
0 
42 
51 
52 
52 
60 
59 
42 
33 
15 
13 
11 
5 
15 
33 
67 
52 
20 
5 
30 
16 
18 
20 
1 
47 
64 
64 
47 
62 
61 
75 
58 
33 
0 
1 
10 
19 
52 
36 
52 
60 
59 
65 
63 
29 
11 
15 
33 
19 
36 
46 
47 
32 
17 
35 
53 
46 
47 
48 
33 
33 
5 
21 
12 
4 
5 
15 
32 
17 
33 
42 
26 
10 
14 
21 
5 
4 
3 
4 
28 
43 
43 
11 
4 
11 
11 
11 
11 
3 
11 
33 
15 
13 
26 
16 
1 
13 
27 
10 
0 
33 
83 
100 
101 
85 
69 
20 
11 
59 
49 
47 
44 
33 
31 
5 
19 
52 
68 
52 
69 
37 
1 
16 
30 
44 
58 
48 
13 
5 
48 
74 
90 
74 
65 
113 
95 
53 
28 
10 
10 
1 
30 
47 
79 
79 
69 
44 
26 
16 
14 
12 
17 
1 
12 
14 
16 
12 
1 
34 
37 
95 
129 
129 
128 
95 
53 
12 
20 
28 
59 
42 
49 
47 
77 
42 
15 
19 
53 
94 
126 
110 
117 
108 
42 
33 
16 
48 
97 
80 
64 
48 
47 
30 
37 
3 
37 
30 
31 
32 
49 
58 
42 
19 
4 
5 
17 
32 
15 
33 
58 
58 
42 
19 
4 
17 
0 
15 
15 
1 
33 
49 
49 
49 
33 
33 
1 
53 
92 
97 
70 
74 
22 
10 
24 
20 
46 
96 
106 
99 
68 
68 
101 
92 
123 
81 
47 
13 
11 
17 
15 
18 
20 
21 
15 
17 
26 
43 
59 
58 
65 
48 
15 
14 
13 
27 
10 
0 
49 
67 
68 
53 
53 
30 
15 
31 
48 
32 
1 
45 
43 
33 
30 
12 
5 
15 
17 
3 
21 
14 
0 
33 
50 
36 
21 
17 
63 
93 
89 
91 
93 
102 
103 
102 
61 
13 
18 
57 
87 
101 
98 
110 
98 
101 
96 
115 
132 
133 
133 
124 
122 
96 
46 
28 
37 
14 
47 
79 
63 
111 
79 
94 
93 
59 
64 
44 
48 
12 
15 
3 
30 
80 
99 
116 
78 
110 
111 
78 
62 
37 
29 
43 
26 
14 
63 
111 
94 
76 
91 
48 
9 
4 
15 
17 
19 
69 
79 
96 
80 
49 
1 
2 
11 
17 
0 
33 
35 
20 
10 
33 
0 
0 
17 
10 
35 
20 
36 
53 
37 
37 
53 
53 
52 
4 
27 
59 
42 
49 
48 
31 
17 
26 
19 
20 
21 
14 
31 
32 
17 
28 
26 
32 
30 
12 
5 
47 
65 
58 
43 
19 
36 
21 
5 
0 
0 
5 
28 
27 
33 
47 
44 
10 
0 
2 
37 
14 
32 
34 
20 
62 
79 
112 
80 
63 
14 
17 
33 
48 
31 
29 
4 
1 
15 
16 
17 
42 
75 
91 
59 
11 
5 
20 
36 
10 
42 
81 
47 
30 
37 
3 
20 
20 
44 
43 
58 
64 
62 
60 
26 
0 
17 
18 
5 
15 
28 
0 
2 
14 
25 
20 
24 
4 
8 
4 
8 
27 
23 
27 
9 
17 
12 
24 
21 
13 
8 
4 
9 
14 
19 
40 
37 
18 
23 
11 
29 
7 
4 
41 
30 
35 
79 
98 
100 
78 
63 
64 
42 
19 
4 
33 
31 
60 
64 
76 
48 
28 
16 
13 
5 
32 
51 
46 
57 
37 
25 
4 
0 
28 
48 
60 
16 
35 
63 
50 
37 
64 
66 
69 
47 
49 
19 
5 
0 
6 
27 
81 
61 
49 
60 
23 
10 
9 
46 
73 
68 
62 
65 
35 
21 
15 
18 
4 
1 
0 
12 
5 
32 
3 
14 
9 
5 
16 
3 
1 
9 
10 
7 
11 
31 
28 
32 
44 
55 
42 
28 
56 
85 
98 
101 
95 
112 
129 
129 
129 
112 
94 
60 
27 
62 
110 
108 
122 
95 
76 
49 
6 
11 
14 
47 
81 
113 
90 
81 
49 
33 
17 
17 
17 
17 
21 
2 
27 
42 
49 
47 
29 
27 
16 
6 
11 
0 
9 
11 
0 
2 
37 
73 
52 
63 
49 
35 
53 
78 
47 
15 
0 
14 
60 
42 
32 
22 
11 
1 
16 
26 
51 
68 
53 
37 
14 
30 
15 
15 
16 
16 
1 
2 
4 
21 
17 
47 
61 
42 
22 
27 
31 
66 
68 
85 
69 
108 
91 
81 
63 
85 
92 
58 
17 
15 
64 
80 
96 
79 
78 
44 
27 
10 
17 
1 
31 
80 
81 
65 
49 
26 
10 
4 
3 
11 
10 
32 
15 
29 
27 
17 
30 
28 
10 
8 
4 
8 
4 
41 
53 
64 
67 
21 
14 
48 
81 
97 
96 
79 
78 
76 
74 
64 
13 
4 
1 
32 
33 
42 
91 
107 
106 
97 
63 
76 
65 
61 
33 
12 
15 
50 
85 
143 
96 
81 
74 
66 
20 
21 
46 
15 
15 
37 
28 
10 
33 
15 
12 
10 
32 
14 
19 
20 
14 
16 
18 
20 
1 
0 
12 
10 
31 
49 
19 
21 
16 
18 
5 
31 
32 
26 
42 
59 
51 
36 
20 
21 
14 
15 
14 
44 
10 
32 
22 
27 
33 
17 
19 
21 
15 
17 
35 
21 
15 
17 
3 
14 
48 
49 
51 
20 
37 
14 
14 
16 
15 
14 
28 
49 
38 
27 
31 
50 
36 
30 
47 
64 
49 
26 
10 
19 
20 
5 
17 
15 
1 
18 
4 
10 
79 
76 
16 
2 
30 
49 
67 
100 
108 
91 
58 
58 
49 
16 
16 
15 
16 
32 
32 
16 
16 
0 
16 
1 
5 
21 
12 
4 
5 
1 
0 
0 
1 
13 
27 
0 
9 
4 
1 
16 
3 
5 
15 
16 
34 
20 
30 
47 
33 
3 
10 
32 
9 
20 
46 
48 
32 
48 
32 
16 
17 
65 
97 
65 
49 
1 
15 
0 
1 
21 
4 
35 
28 
59 
43 
42 
32 
32 
48 
49 
33 
10 
10 
3 
11 
5 
14 
46 
31 
15 
15 
1 
10 
27 
35 
4 
4 
21 
14 
0 
15 
16 
32 
1 
14 
37 
44 
59 
33 
6 
11 
0 
9 
20 
15 
50 
52 
133 
158 
165 
140 
97 
70 
59 
39 
27 
47 
65 
107 
139 
138 
112 
63 
37 
28 
11 
1 
31 
65 
90 
115 
92 
91 
59 
49 
16 
32 
17 
17 
14 
1 
17 
33 
26 
33 
1 
14 
30 
14 
16 
0 
17 
1 
10 
11 
12 
11 
1 
0 
33 
35 
20 
46 
31 
0 
15 
47 
21 
12 
17 
15 
13 
4 
15 
33 
19 
37 
62 
80 
80 
80 
63 
63 
37 
12 
11 
5 
21 
21 
21 
28 
43 
10 
5 
21 
37 
37 
21 
5 
10 
10 
17 
15 
17 
35 
36 
20 
37 
36 
28 
11 
11 
5 
37 
92 
90 
63 
60 
32 
13 
14 
41 
20 
46 
79 
112 
113 
129 
129 
112 
63 
14 
10 
59 
91 
90 
81 
64 
70 
59 
16 
13 
21 
48 
81 
90 
81 
81 
80 
78 
45 
43 
26 
1 
31 
46 
30 
5 
10 
5 
20 
44 
43 
10 
21 
62 
53 
52 
36 
20 
20 
21 
44 
75 
65 
15 
2 
4 
1 
0 
1 
17 
10 
10 
26 
43 
27 
4 
4 
4 
5 
10 
33 
16 
16 
14 
60 
42 
16 
42 
67 
68 
101 
85 
76 
91 
65 
48 
15 
14 
5 
3 
20 
37 
30 
46 
78 
46 
21 
5 
26 
42 
58 
33 
33 
10 
10 
19 
20 
12 
4 
20 
20 
12 
20 
20 
20 
52 
60 
27 
27 
11 
26 
26 
33 
1 
0 
15 
14 
3 
4 
5 
10 
17 
17 
0 
15 
31 
31 
30 
14 
10 
10 
26 
42 
49 
17 
15 
0 
1 
5 
12 
11 
10 
16 
17 
3 
37 
14 
16 
17 
17 
42 
35 
37 
30 
16 
49 
43 
59 
91 
129 
118 
107 
71 
43 
7 
11 
15 
66 
116 
165 
174 
156 
129 
93 
33 
50 
68 
110 
142 
158 
141 
139 
112 
77 
43 
16 
17 
35 
37 
14 
16 
1 
10 
35 
68 
69 
62 
30 
14 
14 
1 
5 
19 
4 
5 
30 
47 
48 
33 
26 
27 
19 
4 
5 
17 
16 
15 
1 
2 
4 
5 
1 
15 
0 
5 
3 
21 
46 
63 
64 
63 
46 
53 
44 
42 
49 
16 
15 
31 
15 
17 
17 
0 
0 
0 
14 
21 
28 
26 
17 
31 
14 
10 
35 
20 
3 
11 
27 
42 
64 
70 
91 
86 
65 
29 
15 
67 
117 
111 
143 
190 
220 
193 
141 
106 
6 
36 
78 
128 
160 
160 
142 
124 
113 
77 
26 
41 
68 
94 
126 
142 
133 
156 
129 
79 
76 
42 
0 
34 
52 
30 
16 
33 
42 
59 
59 
59 
59 
49 
0 
65 
51 
36 
5 
14 
14 
14 
1 
1 
16 
32 
16 
49 
58 
91 
91 
59 
26 
5 
20 
20 
4 
12 
59 
43 
26 
1 
15 
49 
58 
67 
52 
36 
4 
21 
37 
14 
14 
17 
33 
49 
49 
48 
47 
17 
82 
52 
37 
31 
16 
1 
19 
36 
14 
0 
16 
33 
5 
12 
4 
21 
5 
14 
47 
47 
32 
0 
46 
93 
138 
102 
42 
34 
69 
95 
128 
128 
112 
110 
141 
155 
81 
15 
97 
161 
183 
170 
141 
64 
12 
30 
47 
95 
134 
203 
216 
219 
215 
186 
61 
62 
161 
218 
240 
198 
186 
151 
139 
95 
44 
78 
191 
272 
240 
175 
94 
62 
30 
0 
32 
1 
1 
5 
19 
36 
37 
14 
17 
48 
64 
15 
10 
43 
35 
20 
4 
19 
4 
20 
10 
17 
16 
0 
14 
3 
52 
14 
0 
15 
46 
124 
145 
86 
65 
13 
39 
36 
48 
12 
7 
4 
22 
39 
24 
40 
71 
38 
29 
2 
41 
73 
87 
94 
35 
56 
53 
50 
62 
82 
101 
96 
83 
21 
15 
60 
71 
90 
92 
109 
182 
141 
109 
44 
35 
83 
82 
57 
55 
38 
2 
18 
66 
56 
26 
77 
165 
211 
207 
218 
155 
171 
155 
90 
42 
1 
14 
126 
172 
154 
63 
44 
32 
29 
42 
54 
58 
45 
8 
21 
19 
25 
23 
13 
4 
9 
47 
51 
56 
52 
25 
69 
89 
85 
56 
43 
55 
58 
61 
40 
4 
89 
69 
63 
90 
67 
52 
14 
16 
2 
46 
73 
20 
1 
38 
74 
22 
42 
6 
26 
9 
21 
16 
3 
17 
13 
17 
34 
78 
97 
67 
69 
30 
0 
65 
106 
115 
37 
33 
64 
79 
53 
44 
75 
32 
18 
37 
48 
35 
5 
16 
51 
79 
57 
4 
33 
14 
76 
97 
125 
137 
114 
67 
11 
19 
73 
101 
137 
148 
174 
190 
190 
158 
69 
21 
1 
16 
47 
102 
155 
71 
107 
103 
27 
47 
128 
160 
198 
235 
150 
106 
70 
58 
15 
113 
129 
113 
95 
141 
122 
71 
75 
48 
45 
33 
9 
4 
31 
51 
21 
9 
4 
32 
67 
85 
95 
112 
96 
65 
65 
58 
74 
19 
27 
65 
63 
61 
58 
63 
92 
113 
92 
55 
17 
19 
62 
144 
177 
176 
159 
157 
171 
144 
62 
10 
59 
59 
91 
91 
75 
75 
122 
80 
14 
44 
26 
15 
2 
37 
32 
81 
145 
160 
126 
156 
129 
125 
65 
6 
36 
62 
96 
128 
112 
111 
94 
76 
42 
17 
0 
2 
11 
14 
49 
35 
46 
64 
50 
36 
21 
14 
16 
14 
2 
27 
49 
16 
65 
106 
106 
90 
51 
11 
33 
31 
29 
4 
14 
0 
16 
0 
48 
81 
64 
48 
1 
17 
5 
21 
30 
30 
16 
46 
76 
74 
63 
21 
19 
36 
52 
52 
68 
76 
107 
59 
3 
11 
10 
0 
15 
30 
21 
3 
27 
1 
31 
47 
31 
46 
28 
27 
42 
81 
81 
42 
5 
21 
68 
92 
123 
97 
16 
97 
90 
42 
10 
21 
60 
43 
5 
31 
49 
42 
51 
20 
27 
26 
1 
14 
16 
1 
19 
37 
80 
51 
5 
30 
16 
80 
118 
139 
86 
42 
50 
117 
142 
142 
109 
123 
129 
95 
85 
52 
4 
90 
128 
125 
90 
48 
1 
49 
81 
80 
47 
37 
60 
27 
42 
27 
28 
43 
26 
1 
14 
14 
46 
69 
60 
10 
17 
0 
1 
10 
27 
26 
10 
1 
0 
15 
14 
21 
10 
11 
35 
20 
4 
5 
1 
1 
31 
14 
12 
26 
0 
51 
14 
16 
16 
0 
0 
47 
62 
85 
117 
117 
76 
4 
28 
91 
129 
102 
75 
49 
30 
19 
20 
37 
30 
48 
66 
52 
46 
0 
14 
5 
75 
122 
145 
144 
94 
44 
10 
15 
64 
95 
134 
91 
96 
77 
27 
1 
0 
16 
96 
176 
127 
110 
117 
84 
44 
27 
26 
33 
0 
1 
28 
5 
31 
34 
4 
63 
49 
19 
10 
49 
31 
14 
76 
91 
81 
46 
44 
14 
57 
36 
46 
48 
5 
12 
27 
1 
15 
13 
11 
49 
31 
92 
42 
16 
30 
2 
43 
17 
0 
18 
68 
30 
1 
12 
49 
39 
75 
47 
28 
17 
6 
43 
49 
31 
28 
17 
9 
36 
62 
95 
95 
63 
63 
31 
31 
61 
58 
79 
76 
42 
33 
31 
29 
11 
1 
9 
42 
79 
60 
49 
1 
19 
36 
5 
14 
46 
15 
0 
16 
26 
83 
20 
27 
65 
48 
31 
5 
3 
52 
100 
11 
107 
123 
122 
90 
32 
33 
42 
19 
52 
84 
68 
28 
11 
20 
36 
44 
59 
58 
97 
111 
108 
74 
54 
59 
1 
16 
26 
19 
36 
69 
62 
46 
47 
31 
16 
16 
16 
47 
62 
44 
5 
46 
79 
96 
143 
141 
139 
112 
76 
65 
15 
3 
21 
47 
65 
82 
68 
53 
62 
46 
31 
46 
37 
3 
20 
101 
156 
123 
74 
47 
45 
43 
17 
32 
18 
27 
33 
16 
17 
26 
35 
20 
4 
53 
85 
36 
12 
4 
20 
44 
59 
58 
65 
49 
16 
15 
15 
15 
31 
47 
47 
17 
49 
49 
49 
33 
33 
33 
16 
0 
16 
17 
3 
21 
15 
17 
26 
59 
43 
19 
68 
53 
30 
14 
21 
29 
43 
42 
32 
30 
37 
12 
4 
52 
84 
124 
106 
64 
1 
42 
91 
91 
90 
81 
48 
63 
53 
21 
43 
75 
58 
26 
33 
16 
0 
42 
43 
35 
36 
21 
17 
17 
1 
32 
16 
33 
5 
51 
84 
124 
91 
42 
46 
79 
48 
64 
31 
15 
37 
12 
20 
30 
31 
49 
51 
52 
37 
30 
0 
0 
1 
29 
11 
10 
1 
0 
14 
13 
20 
14 
32 
42 
35 
20 
53 
85 
76 
75 
26 
21 
61 
91 
65 
31 
2 
20 
53 
69 
36 
28 
91 
90 
80 
30 
2 
4 
5 
1 
30 
31 
15 
15 
1 
17 
26 
11 
20 
60 
11 
4 
21 
10 
14 
94 
47 
15 
32 
48 
0 
15 
30 
12 
58 
17 
1 
12 
5 
16 
18 
37 
63 
66 
68 
62 
47 
49 
58 
19 
11 
10 
17 
16 
30 
76 
74 
31 
3 
37 
63 
81 
81 
49 
33 
1 
21 
28 
26 
16 
30 
44 
21 
47 
64 
65 
49 
42 
35 
4 
5 
16 
16 
17 
26 
58 
58 
74 
46 
78 
1 
17 
18 
27 
49 
54 
59 
14 
49 
19 
21 
30 
79 
48 
32 
80 
65 
1 
45 
59 
49 
47 
18 
36 
14 
0 
33 
74 
74 
83 
36 
4 
1 
32 
95 
125 
91 
31 
66 
36 
15 
33 
35 
53 
46 
15 
32 
49 
42 
35 
20 
10 
1 
1 
0 
14 
5 
19 
36 
37 
17 
32 
0 
33 
26 
10 
27 
19 
11 
5 
1 
16 
14 
76 
26 
31 
66 
52 
30 
48 
33 
10 
26 
19 
4 
5 
1 
15 
2 
4 
1 
47 
44 
37 
30 
63 
63 
79 
79 
46 
17 
49 
1 
16 
17 
28 
58 
81 
14 
3 
21 
31 
33 
18 
11 
5 
16 
17 
51 
14 
1 
28 
5 
0 
49 
74 
51 
20 
36 
37 
14 
30 
47 
47 
16 
0 
30 
12 
11 
33 
31 
17 
19 
27 
21 
46 
47 
63 
0 
78 
77 
59 
1 
32 
51 
85 
110 
111 
112 
48 
32 
32 
16 
47 
96 
111 
79 
37 
19 
53 
47 
0 
42 
51 
52 
69 
21 
10 
58 
33 
1 
0 
16 
17 
18 
52 
37 
17 
16 
15 
1 
19 
4 
21 
15 
48 
81 
97 
65 
33 
1 
15 
31 
15 
31 
15 
33 
49 
42 
10 
10 
28 
4 
27 
106 
138 
49 
96 
65 
81 
106 
90 
42 
26 
35 
5 
17 
15 
30 
44 
42 
33 
0 
17 
19 
20 
5 
0 
0 
18 
4 
1 
31 
49 
33 
42 
74 
75 
35 
20 
5 
10 
17 
15 
1 
10 
10 
26 
26 
5 
36 
35 
20 
85 
30 
64 
78 
77 
11 
16 
2 
10 
47 
96 
81 
81 
96 
96 
79 
46 
30 
10 
42 
91 
58 
26 
49 
16 
0 
14 
5 
19 
52 
37 
30 
31 
32 
33 
26 
27 
3 
43 
43 
26 
14 
47 
32 
49 
42 
27 
3 
4 
4 
4 
21 
5 
10 
21 
14 
0 
31 
62 
17 
58 
59 
35 
36 
37 
30 
30 
16 
47 
15 
17 
14 
30 
37 
5 
75 
19 
4 
30 
16 
3 
21 
0 
17 
43 
59 
27 
26 
26 
10 
10 
27 
19 
27 
11 
21 
21 
21 
10 
1 
16 
14 
28 
17 
33 
35 
53 
53 
30 
17 
42 
81 
49 
32 
33 
34 
36 
21 
0 
6 
75 
0 
51 
53 
47 
49 
18 
43 
90 
128 
2 
37 
57 
52 
0 
12 
15 
3 
1 
13 
5 
25 
4 
16 
67 
62 
81 
51 
30 
32 
58 
51 
58 
49 
32 
31 
37 
28 
5 
15 
41 
36 
46 
48 
42 
51 
69 
62 
30 
47 
63 
62 
62 
44 
43 
49 
95 
92 
58 
39 
27 
0 
13 
17 
13 
17 
29 
33 
44 
23 
26 
28 
38 
40 
69 
66 
103 
100 
127 
122 
115 
84 
76 
59 
49 
47 
28 
1 
25 
37 
105 
85 
89 
52 
31 
66 
37 
32 
66 
21 
16 
13 
27 
48 
29 
27 
16 
18 
85 
14 
112 
255 
125 
100 
126 
177 
131 
53 
0 
2 
14 
18 
5 
47 
3 
5 
15 
66 
36 
14 
16 
3 
11 
49 
32 
9 
20 
47 
50 
21 
16 
18 
5 
31 
28 
42 
71 
107 
80 
13 
78 
113 
163 
149 
143 
144 
128 
112 
79 
61 
75 
48 
61 
65 
54 
42 
22 
26 
29 
158 
130 
126 
129 
131 
117 
110 
94 
82 
84 
101 
79 
64 
49 
10 
3 
43 
10 
14 
31 
47 
79 
78 
85 
60 
17 
0 
16 
32 
32 
31 
30 
45 
27 
5 
14 
30 
47 
63 
78 
46 
69 
44 
11 
10 
62 
48 
112 
176 
144 
14 
35 
85 
47 
65 
67 
69 
63 
65 
99 
20 
5 
1 
17 
80 
64 
31 
37 
28 
10 
30 
63 
80 
65 
65 
42 
10 
10 
20 
12 
27 
26 
0 
33 
18 
11 
10 
16 
1 
2 
20 
53 
46 
47 
47 
64 
32 
17 
1 
5 
28 
26 
32 
31 
21 
27 
51 
36 
20 
21 
0 
0 
29 
43 
49 
0 
42 
83 
100 
116 
92 
91 
58 
33 
0 
49 
74 
58 
26 
5 
30 
14 
33 
112 
95 
14 
42 
12 
10 
14 
64 
90 
91 
4 
44 
91 
26 
79 
82 
36 
14 
0 
18 
4 
68 
60 
75 
58 
10 
5 
44 
59 
42 
97 
143 
34 
36 
17 
1 
3 
14 
32 
2 
21 
47 
81 
122 
139 
90 
49 
32 
15 
0 
48 
31 
30 
28 
26 
32 
30 
61 
43 
17 
32 
97 
113 
113 
80 
32 
0 
15 
31 
48 
1 
21 
12 
26 
65 
32 
16 
80 
113 
30 
79 
80 
81 
106 
90 
90 
74 
43 
36 
68 
68 
28 
4 
36 
36 
4 
4 
36 
4 
11 
59 
58 
17 
0 
30 
29 
4 
46 
47 
48 
42 
51 
52 
69 
46 
14 
14 
30 
14 
0 
16 
32 
64 
95 
46 
5 
35 
53 
14 
15 
48 
49 
26 
19 
43 
17 
32 
49 
106 
74 
26 
37 
52 
44 
11 
36 
37 
21 
33 
48 
0 
18 
20 
26 
64 
15 
17 
33 
42 
51 
36 
84 
133 
133 
36 
4 
5 
10 
33 
16 
31 
78 
76 
59 
33 
48 
46 
45 
43 
78 
80 
35 
30 
49 
58 
51 
84 
124 
75 
10 
49 
49 
48 
16 
0 
15 
63 
62 
21 
5 
10 
37 
4 
60 
27 
26 
33 
15 
15 
32 
96 
144 
144 
78 
53 
44 
27 
4 
36 
28 
43 
59 
43 
27 
4 
28 
11 
43 
11 
10 
5 
1 
16 
32 
31 
1 
17 
0 
16 
0 
49 
65 
49 
65 
65 
49 
64 
30 
13 
20 
46 
31 
64 
64 
79 
78 
43 
75 
75 
59 
4 
28 
26 
48 
1 
26 
59 
107 
129 
111 
69 
44 
59 
26 
53 
78 
62 
110 
78 
21 
21 
44 
20 
53 
46 
14 
14 
78 
126 
133 
84 
20 
20 
12 
20 
85 
149 
158 
189 
203 
31 
146 
117 
127 
129 
106 
106 
75 
3 
43 
26 
14 
15 
0 
15 
14 
28 
43 
10 
30 
31 
15 
62 
78 
30 
32 
80 
63 
13 
27 
1 
64 
64 
81 
97 
65 
33 
33 
17 
1 
46 
77 
107 
96 
61 
42 
16 
115 
172 
203 
161 
86 
59 
42 
49 
16 
64 
32 
48 
49 
81 
96 
32 
0 
30 
53 
10 
58 
106 
113 
112 
79 
63 
0 
48 
48 
31 
14 
30 
53 
53 
4 
44 
91 
65 
47 
113 
138 
138 
74 
35 
37 
17 
0 
16 
0 
30 
14 
1 
1 
14 
37 
4 
3 
5 
1 
0 
48 
16 
14 
13 
4 
69 
46 
37 
28 
91 
106 
65 
47 
62 
53 
21 
43 
91 
155 
155 
138 
33 
0 
2 
20 
47 
33 
34 
36 
46 
64 
112 
97 
64 
31 
14 
17 
65 
80 
78 
60 
42 
14 
95 
80 
15 
15 
29 
11 
21 
46 
78 
94 
78 
46 
46 
47 
0 
46 
61 
43 
58 
33 
15 
48 
80 
80 
32 
0 
31 
31 
31 
15 
33 
17 
49 
65 
65 
33 
33 
18 
11 
33 
48 
63 
77 
75 
33 
0 
65 
74 
83 
68 
68 
53 
5 
21 
30 
14 
0 
14 
10 
10 
36 
4 
59 
43 
42 
26 
10 
21 
28 
27 
10 
15 
49 
58 
75 
26 
15 
0 
14 
53 
61 
107 
97 
31 
50 
52 
68 
52 
44 
27 
26 
0 
32 
17 
37 
60 
27 
14 
47 
48 
49 
81 
97 
65 
32 
0 
32 
49 
32 
14 
44 
26 
31 
65 
49 
16 
0 
16 
0 
48 
64 
64 
80 
32 
15 
95 
111 
62 
10 
83 
20 
74 
81 
0 
34 
100 
197 
156 
75 
27 
20 
68 
28 
4 
20 
11 
11 
27 
20 
5 
42 
26 
17 
15 
0 
14 
44 
37 
62 
80 
81 
65 
65 
64 
47 
30 
5 
26 
33 
17 
33 
33 
1 
30 
69 
12 
20 
5 
1 
1 
14 
10 
26 
19 
4 
5 
1 
0 
0 
16 
49 
33 
34 
20 
5 
26 
49 
17 
0 
32 
31 
14 
12 
21 
32 
50 
36 
69 
69 
36 
44 
11 
5 
3 
27 
49 
47 
12 
37 
63 
64 
47 
79 
78 
53 
3 
36 
44 
107 
106 
1 
15 
31 
79 
63 
63 
63 
46 
30 
0 
32 
15 
1 
2 
27 
42 
32 
31 
5 
3 
11 
5 
15 
33 
26 
3 
21 
46 
47 
48 
49 
42 
26 
10 
11 
3 
11 
5 
21 
30 
0 
15 
17 
5 
12 
27 
5 
30 
62 
46 
1 
16 
15 
14 
12 
10 
17 
15 
5 
3 
21 
30 
47 
64 
49 
42 
42 
43 
35 
20 
11 
27 
26 
49 
64 
62 
2 
37 
15 
33 
19 
10 
15 
34 
52 
69 
53 
53 
37 
21 
17 
1 
15 
16 
33 
33 
33 
0 
15 
16 
16 
0 
14 
37 
60 
58 
32 
26 
99 
100 
85 
68 
36 
20 
4 
11 
11 
10 
33 
33 
16 
0 
1 
10 
3 
20 
37 
1 
1 
31 
16 
17 
10 
35 
20 
4 
21 
14 
15 
15 
0 
5 
19 
4 
21 
17 
0 
16 
32 
33 
17 
10 
21 
3 
36 
37 
14 
15 
15 
0 
1 
1 
21 
28 
4 
14 
15 
17 
10 
19 
20 
28 
43 
58 
49 
17 
1 
10 
26 
19 
11 
11 
20 
28 
43 
11 
12 
27 
26 
10 
1 
0 
0 
32 
48 
31 
15 
14 
17 
33 
49 
32 
16 
33 
26 
19 
21 
1 
15 
16 
17 
26 
42 
19 
4 
26 
33 
16 
1 
10 
19 
36 
37 
14 
14 
15 
32 
33 
49 
26 
21 
84 
28 
21 
14 
14 
15 
0 
10 
19 
20 
30 
14 
15 
0 
0 
14 
26 
43 
51 
36 
4 
5 
10 
17 
15 
15 
15 
47 
47 
15 
16 
17 
16 
15 
16 
15 
17 
33 
26 
10 
10 
19 
11 
26 
33 
31 
2 
20 
21 
31 
32 
49 
26 
3 
42 
65 
0 
18 
36 
53 
14 
31 
17 
42 
35 
20 
21 
14 
16 
16 
1 
26 
35 
21 
33 
0 
16 
17 
10 
3 
11 
26 
16 
17 
18 
4 
37 
14 
0 
16 
33 
35 
20 
21 
15 
16 
65 
58 
75 
59 
27 
43 
59 
58 
14 
15 
17 
10 
3 
4 
5 
1 
16 
15 
14 
21 
12 
11 
10 
17 
16 
0 
1 
5 
4 
4 
11 
27 
27 
59 
43 
26 
17 
0 
0 
17 
58 
51 
53 
30 
31 
15 
16 
17 
33 
26 
10 
10 
4 
28 
27 
27 
42 
16 
0 
33 
35 
4 
1 
15 
17 
3 
1 
0 
3 
49 
9 
20 
14 
32 
49 
58 
58 
75 
75 
59 
27 
27 
11 
19 
4 
11 
11 
4 
10 
26 
48 
15 
37 
60 
1 
32 
50 
36 
21 
47 
48 
49 
26 
5 
3 
4 
21 
14 
0 
32 
31 
13 
11 
17 
14 
12 
21 
31 
17 
19 
37 
30 
16 
33 
19 
52 
46 
48 
65 
42 
42 
27 
43 
27 
26 
49 
48 
31 
29 
27 
33 
17 
3 
1 
16 
18 
5 
1 
0 
5 
3 
4 
10 
17 
16 
16 
15 
15 
1 
1 
1 
21 
5 
10 
5 
5 
11 
27 
27 
4 
21 
21 
5 
10 
1 
14 
15 
0 
1 
10 
26 
19 
36 
37 
37 
21 
12 
11 
21 
30 
16 
16 
15 
15 
14 
1 
1 
15 
0 
15 
15 
0 
31 
0 
17 
33 
33 
17 
17 
1 
42 
26 
11 
11 
43 
11 
4 
3 
59 
75 
42 
15 
64 
81 
65 
49 
17 
30 
30 
18 
4 
21 
15 
0 
14 
26 
19 
4 
5 
14 
46 
47 
31 
32 
15 
0 
33 
33 
26 
10 
17 
1 
14 
15 
16 
33 
33 
17 
1 
14 
1 
17 
17 
1 
33 
26 
26 
42 
26 
5 
5 
33 
17 
14 
15 
15 
0 
0 
16 
16 
49 
49 
33 
16 
15 
15 
16 
0 
15 
16 
16 
16 
16 
0 
15 
0 
15 
31 
31 
17 
74 
75 
75 
20 
52 
12 
27 
26 
17 
16 
17 
51 
36 
37 
14 
47 
32 
33 
17 
21 
21 
28 
5 
1 
0 
1 
19 
4 
5 
14 
16 
33 
42 
59 
35 
20 
4 
21 
5 
1 
1 
15 
0 
16 
0 
0 
17 
33 
33 
17 
10 
10 
10 
4 
19 
4 
20 
5 
26 
49 
1 
0 
17 
58 
42 
26 
27 
27 
27 
11 
3 
4 
4 
11 
26 
10 
17 
16 
0 
26 
51 
52 
37 
1 
49 
48 
0 
58 
75 
35 
20 
20 
10 
42 
33 
0 
16 
49 
35 
11 
26 
32 
32 
58 
35 
11 
4 
21 
21 
1 
17 
32 
49 
49 
26 
26 
4 
28 
27 
42 
0 
16 
18 
11 
10 
1 
31 
65 
42 
51 
4 
5 
17 
16 
0 
10 
19 
20 
21 
0 
0 
1 
34 
20 
5 
1 
15 
17 
17 
10 
10 
19 
20 
21 
14 
0 
15 
1 
19 
27 
1 
0 
10 
3 
5 
31 
48 
42 
35 
52 
37 
37 
14 
1 
1 
17 
33 
32 
15 
10 
19 
37 
14 
16 
33 
34 
4 
5 
1 
15 
15 
0 
1 
17 
26 
35 
36 
21 
14 
17 
16 
0 
1 
26 
19 
20 
14 
0 
16 
17 
10 
19 
36 
21 
21 
1 
16 
0 
0 
1 
17 
10 
19 
11 
5 
46 
62 
14 
33 
17 
14 
31 
31 
16 
16 
33 
33 
17 
14 
21 
5 
4 
3 
4 
5 
14 
31 
31 
16 
17 
49 
17 
5 
10 
3 
20 
20 
5 
5 
1 
1 
0 
15 
30 
28 
20 
46 
64 
33 
26 
27 
19 
4 
26 
33 
15 
16 
5 
12 
4 
14 
15 
33 
19 
20 
17 
0 
33 
42 
51 
36 
12 
27 
20 
37 
26 
67 
36 
36 
21 
14 
14 
15 
0 
14 
37 
28 
27 
17 
16 
1 
18 
52 
68 
44 
75 
43 
27 
11 
27 
27 
11 
20 
44 
43 
42 
49 
32 
1 
50 
52 
53 
31 
32 
33 
49 
26 
5 
20 
28 
11 
5 
14 
16 
17 
42 
19 
4 
10 
1 
30 
31 
15 
16 
16 
33 
33 
10 
5 
44 
43 
42 
15 
17 
3 
21 
15 
17 
19 
21 
15 
0 
18 
4 
21 
31 
16 
33 
26 
43 
59 
59 
59 
58 
65 
63 
53 
44 
26 
15 
2 
4 
14 
16 
2 
11 
0 
2 
5 
0 
12 
10 
15 
2 
75 
48 
30 
13 
27 
5 
15 
16 
32 
33 
49 
49 
49 
33 
32 
15 
1 
1 
10 
35 
36 
52 
53 
53 
52 
60 
43 
42 
16 
16 
17 
10 
27 
27 
11 
11 
10 
10 
17 
1 
16 
0 
1 
10 
35 
20 
21 
30 
31 
16 
16 
16 
16 
16 
0 
0 
16 
32 
32 
17 
1 
10 
5 
3 
11 
26 
33 
31 
13 
27 
17 
1 
3 
5 
15 
33 
19 
37 
15 
32 
49 
58 
59 
59 
42 
42 
49 
48 
47 
46 
28 
5 
30 
47 
63 
46 
45 
59 
65 
38 
42 
39 
10 
6 
21 
18 
30 
18 
1 
13 
33 
3 
15 
3 
0 
12 
7 
10 
13 
8 
4 
18 
56 
53 
50 
55 
68 
41 
14 
2 
17 
28 
24 
27 
38 
7 
4 
40 
37 
34 
30 
50 
30 
13 
8 
43 
13 
39 
37 
2 
30 
49 
115 
84 
78 
63 
48 
26 
51 
4 
10 
16 
0 
2 
11 
10 
0 
1 
12 
33 
15 
2 
10 
0 
50 
36 
46 
32 
34 
4 
21 
15 
32 
33 
10 
19 
4 
5 
5 
14 
62 
46 
62 
62 
30 
1 
33 
49 
14 
15 
16 
32 
32 
31 
47 
53 
76 
58 
48 
30 
12 
33 
22 
43 
48 
29 
33 
6 
4 
15 
2 
5 
0 
12 
1 
16 
3 
10 
0 
18 
4 
17 
31 
60 
49 
6 
5 
15 
17 
3 
11 
33 
31 
44 
49 
22 
26 
25 
4 
16 
41 
20 
30 
16 
13 
4 
65 
70 
59 
49 
17 
3 
30 
64 
65 
74 
42 
11 
27 
11 
4 
5 
10 
17 
16 
14 
13 
4 
14 
32 
65 
90 
74 
42 
17 
17 
15 
31 
31 
30 
26 
35 
36 
37 
14 
0 
16 
16 
1 
21 
60 
43 
26 
1 
32 
33 
90 
107 
91 
43 
11 
11 
3 
11 
27 
26 
10 
5 
30 
62 
46 
85 
60 
10 
16 
38 
75 
81 
31 
13 
5 
31 
32 
26 
35 
36 
21 
10 
17 
17 
16 
15 
1 
10 
26 
26 
10 
21 
36 
20 
12 
43 
26 
17 
16 
16 
15 
15 
1 
49 
1 
1 
30 
31 
15 
15 
15 
15 
14 
37 
44 
59 
49 
47 
44 
26 
0 
17 
3 
4 
1 
47 
64 
64 
48 
31 
15 
1 
10 
19 
20 
37 
30 
46 
30 
33 
0 
15 
32 
32 
32 
16 
32 
48 
31 
15 
0 
15 
30 
21 
12 
27 
49 
16 
1 
12 
10 
16 
1 
3 
21 
0 
18 
20 
14 
0 
26 
19 
21 
31 
32 
49 
49 
42 
26 
26 
42 
27 
19 
20 
10 
1 
16 
14 
28 
4 
30 
17 
32 
31 
30 
3 
10 
0 
33 
67 
69 
31 
1 
3 
1 
16 
13 
27 
10 
15 
49 
34 
36 
30 
31 
17 
19 
11 
33 
32 
14 
12 
21 
31 
49 
35 
21 
1 
47 
30 
12 
10 
15 
49 
35 
46 
64 
82 
36 
5 
0 
16 
1 
13 
27 
10 
0 
14 
12 
1 
0 
2 
10 
0 
3 
14 
16 
3 
5 
16 
34 
84 
94 
78 
62 
69 
53 
20 
3 
11 
11 
11 
4 
3 
11 
11 
11 
11 
27 
10 
33 
48 
47 
29 
27 
14 
32 
50 
36 
46 
64 
33 
18 
4 
21 
1 
48 
62 
28 
1 
49 
51 
53 
46 
62 
63 
47 
31 
15 
0 
15 
15 
14 
21 
12 
20 
5 
0 
0 
1 
18 
43 
42 
32 
33 
51 
68 
69 
46 
47 
47 
32 
17 
5 
28 
43 
10 
0 
16 
33 
10 
3 
4 
17 
0 
1 
13 
11 
1 
16 
10 
19 
21 
14 
32 
58 
51 
52 
30 
14 
15 
0 
0 
0 
0 
0 
16 
32 
33 
49 
81 
65 
49 
17 
16 
0 
14 
46 
53 
53 
60 
27 
5 
1 
15 
32 
33 
42 
42 
35 
68 
52 
52 
60 
43 
26 
26 
33 
32 
17 
10 
3 
20 
21 
14 
14 
15 
0 
0 
16 
17 
33 
49 
42 
42 
58 
26 
10 
21 
21 
36 
44 
27 
37 
37 
21 
37 
30 
14 
14 
14 
14 
1 
17 
16 
16 
15 
14 
2 
11 
17 
15 
1 
19 
21 
14 
15 
33 
34 
4 
1 
1 
3 
17 
6 
11 
16 
13 
17 
9 
11 
15 
12 
0 
3 
0 
3 
33 
2 
30 
49 
51 
78 
95 
96 
96 
80 
80 
63 
62 
53 
12 
11 
10 
1 
16 
1 
26 
35 
36 
37 
21 
5 
10 
5 
3 
5 
17 
31 
22 
27 
17 
16 
18 
11 
14 
33 
19 
21 
31 
49 
34 
20 
5 
49 
16 
16 
42 
51 
53 
46 
15 
17 
10 
19 
11 
1 
15 
0 
37 
28 
11 
33 
15 
18 
36 
46 
32 
33 
35 
36 
30 
31 
16 
14 
21 
44 
26 
17 
15 
18 
20 
0 
6 
11 
14 
49 
51 
37 
47 
48 
49 
26 
27 
12 
4 
10 
16 
0 
2 
20 
14 
15 
1 
2 
20 
37 
30 
31 
32 
17 
5 
28 
43 
65 
47 
45 
5 
79 
96 
113 
74 
58 
19 
4 
21 
14 
1 
16 
15 
0 
0 
1 
5 
19 
11 
21 
1 
0 
10 
3 
5 
1 
0 
31 
13 
43 
33 
0 
50 
68 
62 
63 
48 
48 
49 
49 
26 
5 
53 
44 
26 
1 
16 
49 
58 
51 
36 
5 
1 
0 
16 
31 
30 
13 
20 
10 
0 
0 
2 
20 
30 
32 
33 
19 
20 
21 
1 
1 
15 
33 
26 
19 
20 
14 
15 
16 
10 
3 
27 
33 
16 
17 
66 
36 
21 
14 
15 
17 
10 
27 
3 
11 
5 
14 
31 
16 
17 
18 
4 
5 
1 
15 
16 
1 
17 
10 
12 
42 
48 
13 
5 
0 
33 
51 
52 
69 
85 
62 
46 
46 
30 
1 
48 
47 
30 
28 
26 
16 
0 
34 
36 
21 
14 
0 
17 
19 
5 
1 
16 
30 
5 
19 
37 
47 
64 
65 
51 
4 
5 
1 
16 
0 
5 
28 
5 
16 
15 
13 
4 
37 
47 
64 
64 
49 
49 
49 
49 
10 
5 
10 
5 
5 
36 
60 
27 
5 
37 
46 
31 
32 
17 
10 
5 
12 
11 
26 
17 
15 
32 
33 
10 
12 
4 
1 
32 
18 
4 
1 
15 
2 
4 
1 
31 
48 
81 
81 
64 
47 
15 
1 
1 
14 
0 
0 
15 
14 
21 
5 
12 
11 
17 
0 
15 
21 
12 
10 
0 
33 
19 
37 
46 
48 
49 
49 
42 
27 
19 
4 
10 
33 
32 
31 
29 
43 
33 
9 
20 
30 
48 
66 
36 
30 
47 
64 
49 
17 
14 
53 
60 
65 
31 
35 
30 
32 
19 
5 
14 
16 
34 
52 
37 
31 
0 
13 
43 
33 
9 
4 
14 
32 
42 
19 
21 
14 
31 
49 
26 
12 
10 
5 
14 
15 
16 
33 
50 
20 
17 
31 
28 
10 
16 
9 
4 
14 
15 
2 
11 
1 
0 
34 
36 
30 
48 
35 
37 
47 
17 
3 
4 
14 
16 
5 
44 
26 
0 
29 
26 
7 
11 
0 
2 
21 
16 
19 
37 
63 
49 
35 
37 
47 
48 
49 
17 
1 
1 
17 
34 
4 
10 
32 
22 
27 
1 
17 
19 
37 
15 
16 
13 
59 
80 
44 
0 
19 
62 
96 
113 
90 
65 
49 
10 
12 
27 
1 
15 
16 
10 
26 
43 
43 
35 
36 
4 
11 
27 
26 
17 
16 
16 
10 
3 
5 
33 
32 
30 
12 
14 
32 
50 
36 
1 
16 
17 
10 
35 
52 
37 
1 
0 
14 
2 
4 
1 
0 
50 
36 
14 
0 
1 
2 
20 
30 
48 
33 
10 
28 
27 
33 
15 
2 
5 
16 
22 
11 
14 
64 
58 
67 
52 
21 
49 
77 
81 
45 
14 
66 
68 
46 
15 
33 
51 
36 
30 
47 
49 
26 
26 
42 
58 
97 
64 
31 
1 
17 
17 
49 
17 
33 
48 
46 
28 
26 
16 
17 
51 
36 
21 
49 
16 
49 
19 
5 
15 
16 
26 
35 
20 
10 
33 
38 
75 
55 
74 
60 
38 
8 
36 
73 
36 
64 
99 
133 
110 
111 
79 
31 
0 
17 
49 
81 
95 
109 
107 
63 
44 
17 
17 
67 
100 
124 
123 
113 
127 
141 
90 
6 
20 
30 
64 
97 
106 
123 
123 
106 
106 
97 
63 
30 
3 
5 
30 
47 
46 
62 
44 
43 
49 
47 
46 
44 
17 
0 
12 
5 
48 
50 
4 
17 
0 
51 
46 
49 
35 
21 
15 
17 
19 
36 
37 
46 
47 
64 
48 
16 
33 
1 
46 
92 
74 
80 
77 
74 
13 
37 
96 
90 
99 
84 
52 
20 
20 
52 
60 
91 
129 
118 
91 
7 
20 
14 
15 
32 
49 
65 
74 
90 
81 
48 
16 
16 
14 
28 
10 
16 
1 
19 
53 
46 
