97 
16 
10 
35 
21 
16 
1 
34 
4 
46 
223 
208 
64 
17 
82 
116 
85 
17 
47 
96 
81 
65 
0 
49 
66 
149 
191 
112 
33 
14 
46 
17 
161 
81 
63 
96 
106 
74 
36 
100 
124 
75 
90 
112 
18 
101 
111 
154 
163 
84 
44 
43 
21 
47 
34 
36 
96 
195 
366 
192 
0 
129 
138 
187 
187 
139 
90 
16 
49 
83 
78 
128 
162 
100 
30 
15 
15 
31 
79 
47 
1 
34 
68 
53 
14 
16 
31 
47 
78 
29 
4 
10 
17 
31 
62 
44 
10 
0 
30 
124 
74 
15 
82 
165 
175 
145 
49 
31 
64 
113 
90 
90 
75 
123 
91 
5 
26 
1 
159 
109 
53 
121 
116 
96 
178 
212 
197 
188 
74 
57 
174 
179 
152 
116 
88 
132 
255 
273 
113 
48 
146 
197 
175 
129 
122 
106 
26 
46 
79 
97 
99 
100 
110 
95 
79 
48 
16 
0 
17 
53 
76 
10 
63 
97 
67 
4 
90 
225 
239 
108 
31 
115 
127 
82 
69 
95 
97 
74 
43 
37 
37 
30 
47 
97 
106 
74 
26 
42 
90 
97 
64 
1 
34 
85 
62 
16 
37 
28 
26 
0 
1 
18 
251 
241 
214 
209 
172 
125 
93 
52 
54 
24 
27 
7 
27 
70 
90 
109 
103 
137 
114 
121 
168 
133 
96 
42 
4 
68 
69 
78 
111 
176 
225 
176 
64 
35 
37 
32 
3 
1 
18 
10 
55 
75 
54 
58 
44 
7 
22 
20 
18 
40 
37 
18 
23 
20 
48 
35 
31 
25 
4 
33 
32 
14 
13 
4 
10 
32 
46 
13 
4 
17 
127 
141 
74 
9 
20 
72 
20 
0 
35 
63 
50 
36 
1 
47 
77 
4 
62 
80 
42 
3 
11 
4 
10 
74 
170 
170 
154 
32 
89 
116 
95 
81 
76 
154 
176 
124 
15 
147 
175 
146 
36 
21 
1 
1 
32 
64 
48 
16 
0 
0 
31 
47 
47 
175 
174 
108 
14 
137 
149 
0 
61 
26 
32 
28 
113 
70 
27 
8 
52 
63 
67 
85 
32 
1 
37 
28 
27 
5 
5 
49 
81 
112 
143 
173 
154 
102 
57 
116 
258 
248 
181 
192 
186 
139 
27 
149 
303 
305 
154 
78 
190 
222 
141 
20 
47 
50 
37 
79 
50 
68 
222 
191 
80 
16 
81 
83 
52 
1 
0 
0 
37 
172 
202 
135 
59 
57 
149 
146 
149 
144 
106 
75 
59 
10 
47 
129 
115 
101 
111 
257 
266 
273 
167 
4 
169 
318 
403 
351 
209 
113 
16 
16 
67 
143 
210 
190 
273 
403 
268 
74 
105 
261 
320 
243 
164 
124 
59 
10 
63 
66 
68 
95 
98 
85 
96 
74 
51 
69 
85 
69 
101 
28 
69 
95 
82 
36 
1 
15 
117 
92 
17 
32 
66 
20 
33 
32 
78 
93 
59 
1 
97 
99 
59 
81 
15 
112 
177 
122 
81 
31 
18 
68 
127 
130 
84 
126 
47 
31 
0 
15 
47 
15 
32 
48 
32 
63 
46 
53 
92 
42 
47 
98 
132 
30 
16 
16 
32 
32 
16 
32 
0 
65 
51 
53 
62 
63 
48 
81 
65 
49 
48 
0 
17 
12 
5 
32 
62 
44 
33 
48 
99 
78 
32 
1 
53 
60 
27 
14 
15 
32 
64 
80 
48 
32 
98 
100 
85 
62 
31 
47 
47 
31 
30 
77 
27 
63 
98 
100 
111 
80 
78 
206 
125 
43 
1 
48 
97 
106 
123 
58 
62 
95 
65 
42 
74 
91 
107 
4 
85 
85 
42 
74 
42 
1 
0 
16 
33 
26 
53 
76 
11 
68 
69 
69 
20 
3 
68 
181 
206 
117 
35 
148 
133 
53 
10 
58 
58 
59 
43 
26 
58 
90 
1 
63 
97 
90 
59 
4 
52 
69 
69 
53 
46 
46 
117 
149 
44 
85 
142 
128 
65 
21 
92 
155 
122 
48 
41 
68 
78 
79 
15 
62 
46 
5 
67 
4 
59 
43 
5 
62 
47 
32 
64 
0 
16 
1 
18 
36 
53 
95 
97 
58 
58 
27 
11 
43 
58 
33 
15 
65 
82 
100 
84 
53 
11 
51 
84 
85 
69 
110 
110 
174 
108 
4 
95 
146 
164 
142 
95 
15 
33 
122 
187 
107 
43 
4 
68 
68 
92 
123 
90 
48 
1 
35 
53 
47 
81 
83 
101 
111 
113 
97 
122 
81 
15 
64 
114 
68 
1 
16 
17 
35 
84 
149 
140 
59 
62 
129 
115 
94 
65 
51 
69 
96 
97 
42 
5 
21 
10 
49 
64 
15 
34 
20 
1 
64 
94 
44 
21 
64 
74 
83 
37 
14 
65 
112 
64 
15 
33 
12 
139 
26 
30 
111 
144 
128 
64 
1 
19 
46 
112 
115 
101 
79 
64 
0 
0 
15 
15 
16 
32 
15 
15 
30 
21 
44 
20 
30 
0 
15 
46 
53 
28 
59 
154 
112 
6 
116 
191 
193 
154 
123 
26 
1 
48 
82 
101 
95 
97 
147 
133 
78 
190 
158 
108 
16 
51 
215 
292 
287 
225 
154 
42 
143 
225 
467 
348 
75 
206 
271 
144 
31 
14 
12 
26 
14 
32 
65 
51 
36 
46 
31 
63 
80 
80 
32 
16 
14 
21 
12 
27 
17 
0 
2 
4 
37 
31 
48 
65 
74 
85 
101 
117 
101 
92 
91 
81 
63 
76 
113 
253 
71 
102 
245 
259 
232 
164 
142 
96 
0 
95 
159 
176 
145 
144 
112 
63 
13 
11 
17 
6 
27 
17 
2 
10 
8 
11 
40 
36 
15 
28 
16 
61 
113 
93 
39 
100 
104 
68 
49 
62 
12 
30 
32 
18 
11 
65 
64 
14 
44 
26 
31 
17 
34 
43 
49 
0 
33 
28 
138 
303 
140 
40 
165 
194 
174 
114 
68 
97 
79 
62 
3 
37 
33 
80 
143 
190 
92 
5 
57 
68 
47 
18 
5 
32 
51 
62 
81 
35 
10 
122 
113 
33 
16 
15 
37 
28 
11 
5 
0 
1 
2 
4 
1 
63 
61 
59 
65 
6 
27 
16 
28 
47 
83 
79 
2 
90 
63 
44 
1 
33 
19 
14 
0 
17 
3 
43 
49 
64 
63 
77 
91 
129 
70 
53 
73 
10 
18 
14 
34 
143 
82 
69 
0 
2 
43 
58 
49 
32 
15 
1 
17 
10 
11 
84 
60 
59 
26 
17 
16 
14 
13 
59 
65 
70 
75 
71 
75 
54 
73 
132 
114 
104 
69 
34 
14 
29 
58 
39 
27 
15 
28 
97 
63 
12 
15 
41 
11 
0 
50 
101 
95 
97 
3 
91 
122 
145 
175 
189 
42 
57 
158 
178 
101 
0 
12 
5 
16 
33 
12 
27 
5 
17 
33 
64 
80 
127 
141 
139 
48 
19 
79 
67 
15 
2 
30 
66 
37 
0 
3 
14 
16 
5 
3 
26 
33 
32 
63 
63 
53 
76 
58 
16 
25 
20 
1 
1 
3 
14 
32 
51 
14 
63 
61 
27 
1 
0 
61 
91 
80 
2 
10 
7 
27 
8 
52 
127 
162 
116 
69 
5 
26 
67 
228 
132 
44 
36 
37 
1 
33 
32 
47 
78 
92 
17 
73 
84 
79 
17 
3 
37 
1 
0 
0 
95 
143 
127 
53 
35 
85 
63 
48 
33 
42 
26 
10 
26 
14 
62 
95 
111 
143 
95 
30 
28 
17 
8 
4 
15 
2 
37 
48 
35 
85 
78 
31 
0 
48 
113 
129 
193 
256 
301 
282 
60 
114 
354 
441 
399 
322 
188 
91 
14 
169 
196 
216 
116 
79 
114 
94 
96 
74 
51 
36 
12 
4 
10 
16 
46 
28 
15 
18 
30 
50 
78 
96 
51 
11 
58 
65 
80 
127 
95 
46 
5 
3 
11 
58 
0 
41 
52 
30 
65 
51 
4 
1 
16 
79 
62 
44 
4 
37 
46 
46 
95 
63 
14 
26 
75 
83 
100 
133 
213 
188 
26 
79 
146 
116 
46 
48 
65 
35 
43 
26 
65 
48 
14 
5 
28 
43 
42 
96 
79 
14 
51 
20 
49 
48 
25 
36 
62 
32 
14 
60 
91 
145 
191 
92 
55 
164 
176 
179 
149 
110 
46 
58 
131 
132 
85 
46 
31 
15 
32 
16 
0 
0 
31 
79 
110 
61 
4 
1 
48 
51 
85 
63 
48 
1 
21 
20 
52 
108 
123 
107 
90 
16 
49 
83 
117 
78 
48 
48 
62 
174 
141 
43 
62 
15 
50 
68 
85 
94 
0 
48 
80 
64 
48 
63 
31 
16 
48 
16 
16 
32 
97 
97 
48 
32 
81 
51 
4 
5 
17 
32 
95 
158 
252 
90 
57 
116 
176 
163 
110 
47 
31 
31 
30 
63 
79 
95 
47 
30 
62 
69 
60 
4 
62 
96 
17 
21 
35 
68 
84 
21 
58 
106 
58 
33 
31 
48 
33 
30 
46 
63 
63 
95 
32 
0 
16 
17 
14 
13 
59 
74 
64 
70 
75 
87 
91 
23 
101 
178 
206 
210 
132 
85 
36 
19 
117 
127 
113 
170 
20 
28 
27 
42 
49 
31 
37 
28 
17 
15 
29 
10 
0 
3 
14 
25 
36 
47 
34 
37 
31 
50 
52 
69 
47 
32 
16 
0 
15 
63 
63 
47 
31 
30 
21 
28 
11 
1 
0 
3 
21 
48 
35 
14 
57 
52 
64 
51 
14 
73 
84 
110 
48 
17 
1 
10 
10 
21 
30 
46 
47 
31 
16 
80 
112 
79 
63 
81 
58 
59 
59 
59 
26 
14 
63 
81 
58 
19 
4 
1 
16 
30 
29 
68 
62 
63 
49 
49 
26 
10 
5 
10 
5 
10 
17 
17 
16 
16 
0 
15 
14 
14 
30 
53 
37 
36 
92 
59 
1 
143 
192 
128 
48 
0 
50 
4 
16 
41 
52 
47 
57 
20 
46 
49 
35 
52 
46 
95 
80 
96 
15 
13 
27 
31 
105 
116 
94 
0 
47 
223 
238 
188 
10 
177 
227 
181 
117 
69 
44 
27 
1 
48 
99 
213 
224 
122 
10 
52 
68 
20 
12 
27 
27 
26 
17 
17 
14 
31 
63 
63 
63 
63 
79 
78 
44 
11 
30 
64 
42 
51 
52 
37 
17 
17 
32 
32 
16 
16 
33 
33 
10 
58 
75 
11 
4 
52 
53 
21 
59 
139 
123 
58 
14 
48 
46 
29 
27 
30 
80 
122 
131 
100 
44 
36 
30 
64 
97 
147 
196 
85 
10 
59 
75 
75 
59 
4 
20 
20 
36 
36 
76 
123 
58 
14 
48 
42 
3 
74 
129 
175 
76 
78 
233 
260 
213 
93 
4 
46 
105 
116 
126 
128 
122 
83 
20 
43 
59 
59 
11 
100 
60 
4 
69 
78 
79 
47 
0 
32 
64 
96 
80 
65 
33 
32 
0 
31 
31 
1 
10 
3 
4 
10 
65 
64 
47 
1 
2 
75 
90 
31 
44 
17 
29 
62 
194 
213 
127 
0 
32 
48 
81 
58 
51 
20 
42 
64 
31 
13 
27 
1 
33 
51 
110 
112 
5 
3 
4 
21 
37 
30 
14 
14 
30 
46 
30 
1 
37 
44 
107 
65 
0 
45 
90 
23 
36 
127 
131 
110 
112 
145 
122 
97 
15 
35 
62 
66 
94 
114 
101 
112 
83 
36 
14 
31 
64 
32 
15 
48 
33 
5 
44 
27 
49 
80 
65 
67 
52 
37 
30 
14 
30 
21 
28 
26 
16 
13 
69 
64 
67 
69 
31 
97 
67 
11 
27 
42 
74 
30 
79 
0 
80 
111 
30 
18 
117 
95 
32 
33 
19 
27 
5 
14 
0 
14 
21 
44 
5 
62 
64 
33 
19 
20 
37 
46 
14 
1 
31 
15 
15 
16 
16 
32 
16 
32 
1 
21 
28 
27 
46 
143 
161 
97 
17 
31 
32 
49 
42 
42 
36 
36 
3 
4 
4 
3 
11 
11 
5 
14 
79 
79 
95 
63 
14 
26 
67 
100 
68 
12 
84 
245 
238 
109 
4 
159 
273 
250 
91 
53 
78 
15 
15 
30 
34 
68 
78 
33 
12 
10 
0 
18 
36 
62 
95 
96 
49 
1 
15 
32 
127 
110 
29 
36 
94 
63 
33 
26 
10 
12 
43 
59 
74 
65 
16 
15 
30 
53 
3 
68 
94 
31 
15 
63 
63 
17 
17 
17 
17 
1 
47 
96 
80 
33 
17 
1 
17 
65 
17 
31 
65 
34 
4 
10 
17 
32 
17 
30 
85 
52 
28 
27 
27 
10 
10 
5 
37 
46 
30 
0 
16 
31 
47 
47 
30 
30 
30 
14 
17 
1 
21 
21 
4 
12 
27 
26 
49 
64 
31 
5 
3 
4 
1 
0 
1 
5 
19 
10 
49 
63 
78 
60 
10 
0 
10 
51 
10 
32 
17 
3 
68 
94 
79 
47 
47 
47 
15 
0 
79 
159 
111 
5 
99 
165 
143 
79 
47 
47 
46 
28 
1 
25 
133 
240 
243 
197 
117 
12 
68 
94 
48 
17 
19 
37 
30 
16 
17 
5 
28 
43 
27 
10 
1 
1 
16 
32 
31 
15 
16 
1 
33 
58 
26 
1 
30 
63 
96 
128 
80 
15 
21 
12 
53 
79 
97 
58 
12 
27 
26 
26 
42 
26 
10 
26 
74 
107 
106 
65 
47 
34 
68 
94 
48 
26 
44 
91 
33 
15 
17 
12 
11 
37 
30 
1 
16 
0 
15 
16 
192 
192 
110 
19 
142 
176 
122 
123 
91 
43 
46 
31 
16 
13 
27 
31 
50 
69 
57 
84 
143 
234 
219 
107 
14 
112 
130 
100 
95 
81 
19 
27 
42 
49 
16 
0 
15 
31 
31 
47 
48 
48 
63 
95 
158 
108 
33 
89 
149 
144 
147 
116 
53 
5 
3 
52 
94 
95 
65 
58 
35 
36 
85 
85 
133 
60 
37 
111 
138 
83 
21 
17 
32 
47 
30 
21 
28 
11 
21 
1 
32 
224 
319 
173 
14 
146 
238 
233 
180 
149 
101 
5 
67 
101 
62 
48 
114 
100 
62 
64 
33 
10 
11 
11 
11 
75 
42 
1 
0 
33 
67 
36 
37 
46 
33 
81 
81 
64 
111 
110 
29 
36 
111 
129 
5 
12 
42 
65 
64 
62 
61 
27 
46 
112 
97 
26 
5 
21 
37 
62 
46 
30 
46 
37 
10 
19 
4 
5 
1 
0 
31 
94 
141 
123 
16 
66 
37 
31 
93 
17 
73 
116 
79 
0 
5 
19 
36 
5 
5 
14 
5 
106 
131 
43 
27 
26 
10 
17 
16 
30 
45 
75 
65 
79 
92 
80 
76 
55 
57 
116 
115 
105 
87 
68 
57 
30 
18 
1 
13 
33 
61 
65 
44 
8 
53 
50 
119 
84 
64 
35 
15 
34 
20 
15 
6 
11 
14 
32 
18 
26 
0 
25 
4 
1 
16 
18 
20 
46 
81 
67 
53 
63 
0 
14 
53 
44 
27 
17 
16 
17 
35 
85 
111 
208 
160 
16 
112 
193 
170 
49 
32 
17 
34 
20 
46 
48 
19 
26 
31 
12 
15 
18 
53 
80 
67 
5 
17 
16 
30 
28 
37 
127 
129 
74 
26 
53 
69 
37 
11 
19 
20 
36 
21 
37 
78 
46 
31 
0 
0 
33 
17 
14 
62 
85 
53 
60 
27 
21 
31 
64 
66 
52 
101 
79 
32 
0 
14 
5 
10 
67 
36 
36 
28 
20 
37 
21 
26 
74 
58 
81 
65 
31 
145 
170 
122 
65 
31 
145 
147 
133 
101 
62 
14 
33 
33 
33 
81 
65 
65 
80 
14 
13 
21 
63 
66 
68 
94 
79 
48 
17 
5 
27 
51 
28 
123 
59 
14 
95 
113 
97 
26 
21 
37 
53 
85 
37 
10 
5 
117 
133 
76 
27 
46 
80 
66 
84 
101 
117 
76 
59 
21 
79 
114 
116 
85 
47 
16 
10 
83 
68 
53 
21 
60 
75 
21 
95 
98 
132 
133 
110 
62 
5 
51 
85 
79 
97 
83 
69 
47 
32 
26 
43 
51 
68 
12 
4 
21 
30 
47 
32 
17 
30 
101 
140 
74 
48 
1 
3 
21 
47 
49 
3 
26 
97 
31 
66 
84 
85 
30 
81 
42 
5 
21 
26 
26 
11 
28 
11 
21 
46 
47 
113 
177 
65 
62 
111 
112 
48 
32 
0 
15 
16 
17 
1 
37 
21 
3 
53 
143 
224 
257 
177 
0 
131 
190 
176 
122 
51 
4 
19 
36 
52 
37 
30 
15 
16 
33 
58 
91 
91 
75 
42 
1 
0 
78 
92 
49 
25 
52 
112 
99 
117 
127 
112 
64 
31 
33 
67 
85 
160 
258 
164 
53 
58 
91 
75 
59 
43 
27 
11 
10 
5 
62 
111 
79 
15 
15 
30 
1 
17 
10 
20 
12 
11 
37 
30 
15 
32 
63 
62 
53 
21 
3 
52 
53 
10 
26 
10 
5 
10 
51 
36 
53 
69 
190 
181 
44 
78 
176 
115 
69 
30 
0 
0 
30 
5 
19 
36 
28 
4 
37 
47 
48 
74 
99 
68 
52 
4 
51 
68 
20 
43 
58 
65 
64 
31 
50 
100 
69 
30 
49 
96 
48 
0 
17 
5 
5 
20 
36 
84 
156 
139 
65 
15 
98 
133 
111 
112 
49 
26 
10 
5 
85 
133 
124 
43 
5 
46 
46 
16 
79 
94 
45 
11 
30 
32 
18 
20 
30 
47 
48 
65 
65 
64 
47 
29 
43 
48 
60 
40 
43 
29 
23 
25 
2 
2 
3 
11 
12 
12 
11 
44 
28 
108 
108 
27 
92 
124 
92 
4 
44 
93 
70 
70 
38 
22 
38 
61 
77 
52 
19 
25 
55 
149 
114 
78 
18 
74 
95 
92 
14 
34 
1 
18 
1 
77 
104 
75 
12 
41 
72 
54 
116 
98 
120 
101 
18 
17 
13 
49 
93 
113 
93 
40 
4 
34 
88 
102 
100 
98 
111 
83 
14 
54 
107 
64 
44 
0 
19 
56 
52 
105 
85 
57 
36 
48 
86 
107 
32 
50 
94 
89 
85 
80 
51 
14 
17 
3 
26 
31 
1 
92 
106 
48 
73 
100 
79 
50 
20 
16 
54 
91 
55 
43 
38 
17 
51 
89 
126 
130 
126 
146 
84 
46 
33 
80 
80 
63 
30 
2 
20 
46 
79 
97 
90 
27 
28 
91 
90 
81 
63 
2 
11 
16 
51 
95 
162 
293 
207 
0 
144 
177 
161 
97 
80 
46 
3 
5 
15 
3 
30 
98 
126 
50 
53 
32 
19 
37 
63 
64 
5 
53 
84 
92 
59 
17 
0 
33 
35 
37 
16 
50 
117 
159 
129 
74 
27 
4 
20 
52 
69 
69 
37 
20 
28 
10 
46 
128 
177 
58 
37 
101 
101 
28 
4 
30 
47 
33 
18 
11 
26 
0 
81 
99 
101 
14 
49 
80 
79 
30 
18 
36 
30 
31 
49 
90 
51 
4 
42 
97 
96 
31 
18 
36 
62 
81 
83 
69 
63 
48 
33 
58 
106 
49 
14 
32 
17 
42 
51 
4 
37 
14 
0 
0 
48 
113 
97 
65 
14 
62 
110 
133 
92 
42 
0 
34 
85 
128 
114 
84 
78 
63 
17 
21 
37 
28 
27 
11 
21 
85 
142 
109 
59 
1 
0 
92 
145 
38 
101 
201 
229 
175 
128 
95 
38 
4 
96 
163 
271 
290 
180 
4 
51 
116 
180 
149 
101 
84 
12 
5 
1 
16 
35 
85 
80 
35 
37 
63 
81 
90 
51 
20 
44 
75 
58 
17 
15 
45 
4 
95 
129 
99 
68 
37 
10 
42 
107 
115 
100 
92 
59 
11 
37 
62 
127 
112 
96 
79 
62 
44 
21 
48 
51 
78 
98 
181 
127 
65 
21 
36 
19 
4 
12 
4 
4 
10 
65 
129 
175 
45 
52 
95 
82 
27 
49 
15 
58 
83 
53 
5 
21 
37 
44 
75 
5 
47 
82 
100 
101 
62 
63 
48 
32 
0 
48 
47 
46 
21 
3 
53 
63 
96 
97 
5 
53 
20 
12 
20 
4 
12 
27 
10 
14 
16 
17 
3 
5 
31 
113 
90 
43 
4 
52 
36 
20 
27 
139 
91 
27 
69 
101 
30 
33 
65 
97 
81 
48 
16 
30 
37 
3 
36 
110 
78 
0 
48 
65 
17 
46 
14 
19 
20 
69 
174 
159 
95 
14 
51 
85 
79 
80 
58 
26 
20 
4 
20 
11 
4 
36 
37 
30 
14 
14 
63 
111 
80 
31 
33 
49 
10 
44 
107 
10 
79 
129 
91 
12 
43 
11 
20 
3 
36 
5 
1 
31 
49 
154 
99 
44 
11 
5 
1 
32 
65 
67 
52 
10 
81 
96 
79 
30 
42 
99 
100 
92 
59 
30 
80 
97 
19 
10 
30 
96 
113 
49 
5 
37 
30 
1 
113 
145 
96 
17 
115 
149 
143 
96 
48 
15 
18 
20 
30 
48 
66 
100 
78 
48 
5 
3 
4 
21 
21 
21 
21 
5 
21 
37 
68 
76 
107 
42 
32 
33 
51 
37 
0 
29 
59 
17 
32 
106 
99 
4 
107 
91 
74 
10 
62 
110 
78 
69 
44 
5 
31 
65 
67 
85 
63 
16 
17 
5 
4 
67 
68 
68 
44 
11 
21 
21 
14 
14 
0 
16 
16 
15 
15 
30 
30 
53 
21 
12 
59 
42 
17 
47 
32 
33 
33 
26 
10 
52 
84 
92 
75 
21 
62 
63 
47 
16 
16 
15 
46 
62 
45 
36 
110 
255 
192 
48 
1 
66 
68 
53 
63 
32 
33 
5 
83 
108 
43 
21 
63 
65 
51 
53 
46 
64 
65 
26 
10 
19 
4 
4 
37 
85 
76 
75 
58 
16 
50 
53 
15 
19 
94 
112 
97 
42 
14 
46 
63 
65 
74 
59 
51 
36 
69 
78 
62 
37 
3 
53 
62 
96 
42 
3 
11 
26 
42 
49 
97 
80 
15 
21 
76 
90 
0 
82 
132 
126 
64 
15 
31 
14 
78 
142 
101 
28 
4 
21 
14 
48 
65 
90 
75 
27 
4 
53 
46 
15 
32 
17 
1 
5 
3 
5 
14 
32 
49 
51 
52 
69 
69 
53 
12 
4 
14 
15 
17 
10 
3 
4 
10 
5 
5 
1 
1 
49 
65 
48 
48 
16 
0 
0 
30 
37 
3 
27 
58 
80 
15 
19 
69 
111 
113 
106 
58 
42 
0 
32 
66 
85 
79 
97 
98 
68 
53 
21 
10 
10 
11 
19 
4 
5 
1 
16 
48 
31 
14 
21 
37 
92 
91 
65 
16 
67 
1 
38 
4 
47 
73 
84 
5 
33 
0 
15 
15 
33 
65 
10 
12 
100 
180 
172 
107 
30 
144 
147 
117 
46 
15 
31 
31 
30 
14 
14 
14 
1 
0 
47 
47 
47 
47 
31 
17 
42 
42 
67 
36 
4 
75 
107 
58 
17 
95 
96 
80 
15 
32 
49 
106 
107 
43 
36 
68 
36 
3 
20 
37 
37 
5 
1 
14 
62 
30 
14 
5 
10 
10 
5 
10 
42 
49 
49 
32 
31 
30 
28 
5 
15 
2 
10 
8 
36 
48 
51 
31 
50 
37 
15 
34 
20 
14 
31 
32 
65 
42 
26 
10 
11 
4 
4 
3 
59 
122 
113 
63 
44 
0 
19 
15 
19 
39 
36 
9 
1 
12 
72 
101 
137 
85 
47 
157 
170 
134 
58 
50 
104 
117 
137 
110 
105 
69 
80 
50 
4 
1 
15 
14 
28 
10 
1 
31 
13 
11 
17 
32 
50 
21 
47 
41 
4 
14 
49 
67 
37 
17 
16 
14 
37 
44 
42 
16 
25 
52 
62 
48 
34 
4 
1 
16 
66 
68 
69 
30 
0 
0 
17 
1 
5 
12 
27 
4 
5 
78 
95 
15 
80 
80 
47 
14 
2 
4 
14 
16 
34 
21 
63 
49 
3 
5 
31 
33 
50 
68 
53 
142 
126 
1 
115 
148 
53 
5 
58 
90 
17 
30 
47 
47 
47 
30 
29 
27 
1 
17 
3 
78 
161 
115 
37 
64 
79 
14 
67 
165 
142 
95 
62 
18 
84 
133 
127 
112 
64 
47 
30 
19 
53 
47 
97 
83 
149 
126 
79 
64 
14 
14 
14 
30 
14 
0 
0 
16 
33 
74 
74 
58 
17 
32 
49 
35 
69 
95 
96 
90 
90 
91 
91 
90 
15 
89 
52 
62 
63 
17 
18 
68 
101 
110 
30 
50 
100 
78 
47 
49 
67 
69 
79 
64 
113 
234 
225 
23 
132 
240 
243 
206 
159 
111 
47 
18 
84 
126 
144 
98 
52 
14 
16 
18 
36 
30 
32 
49 
42 
19 
27 
27 
19 
11 
11 
5 
1 
16 
15 
47 
46 
69 
44 
11 
10 
1 
0 
0 
33 
10 
4 
12 
11 
27 
10 
5 
58 
58 
49 
16 
16 
15 
14 
33 
74 
91 
59 
11 
36 
69 
85 
94 
62 
5 
42 
42 
27 
5 
53 
229 
317 
170 
41 
190 
275 
238 
161 
58 
42 
30 
207 
176 
33 
30 
78 
85 
44 
10 
31 
49 
83 
52 
30 
15 
33 
18 
4 
21 
47 
63 
64 
32 
80 
80 
143 
61 
91 
167 
186 
109 
73 
249 
312 
286 
226 
196 
133 
60 
33 
2 
39 
68 
146 
216 
197 
162 
159 
114 
68 
53 
21 
19 
4 
30 
1 
76 
33 
57 
11 
16 
66 
110 
128 
90 
67 
20 
35 
52 
180 
245 
270 
493 
187 
137 
359 
405 
297 
164 
117 
69 
37 
19 
21 
8 
11 
281 
190 
130 
85 
48 
42 
51 
11 
74 
106 
37 
5 
76 
122 
64 
22 
43 
96 
44 
30 
114 
101 
95 
29 
36 
94 
63 
81 
81 
65 
32 
48 
82 
68 
14 
1 
67 
133 
62 
63 
111 
207 
102 
148 
127 
129 
122 
107 
107 
138 
64 
45 
42 
45 
33 
12 
88 
164 
265 
213 
128 
2 
43 
90 
48 
95 
157 
171 
128 
83 
447 
323 
52 
138 
234 
208 
86 
43 
25 
69 
82 
103 
68 
56 
52 
56 
20 
16 
19 
47 
50 
20 
15 
0 
74 
299 
282 
128 
50 
206 
281 
228 
181 
124 
75 
17 
41 
101 
121 
142 
114 
127 
115 
62 
14 
67 
276 
317 
107 
95 
339 
399 
362 
283 
218 
135 
26 
115 
194 
210 
249 
440 
309 
128 
10 
92 
155 
122 
64 
46 
60 
14 
0 
14 
60 
42 
14 
80 
90 
147 
132 
53 
20 
108 
91 
33 
32 
82 
20 
154 
80 
31 
83 
69 
78 
96 
80 
49 
48 
47 
2 
36 
110 
113 
99 
52 
21 
33 
48 
47 
80 
32 
15 
64 
64 
32 
63 
64 
112 
65 
47 
143 
80 
47 
62 
28 
5 
79 
146 
100 
14 
31 
45 
11 
30 
32 
26 
35 
36 
53 
14 
15 
48 
17 
17 
10 
10 
106 
74 
33 
15 
30 
18 
4 
1 
31 
214 
139 
63 
195 
245 
206 
78 
66 
68 
142 
256 
225 
65 
63 
96 
144 
128 
63 
14 
10 
35 
85 
101 
62 
30 
15 
47 
176 
208 
47 
66 
36 
17 
128 
211 
181 
111 
48 
46 
79 
63 
80 
113 
138 
99 
4 
27 
43 
27 
42 
1 
15 
16 
32 
97 
81 
21 
46 
1 
81 
49 
31 
48 
30 
142 
157 
171 
32 
130 
165 
192 
154 
90 
5 
46 
31 
49 
98 
84 
78 
79 
16 
30 
5 
42 
58 
74 
33 
15 
77 
203 
192 
50 
287 
418 
389 
221 
43 
72 
116 
153 
190 
162 
110 
121 
84 
31 
0 
5 
58 
123 
219 
193 
87 
20 
137 
174 
50 
94 
162 
149 
127 
128 
47 
146 
340 
334 
271 
127 
26 
99 
181 
239 
288 
240 
111 
29 
11 
104 
180 
264 
196 
191 
129 
58 
10 
53 
94 
95 
63 
16 
15 
47 
31 
15 
17 
18 
11 
5 
46 
143 
160 
96 
0 
48 
32 
63 
128 
64 
0 
74 
99 
84 
37 
5 
10 
42 
138 
139 
90 
49 
15 
63 
48 
1 
46 
69 
28 
42 
1 
32 
21 
3 
10 
64 
74 
99 
84 
60 
27 
30 
49 
147 
238 
159 
32 
80 
0 
48 
1 
37 
44 
42 
112 
173 
33 
179 
408 
564 
462 
204 
87 
244 
258 
263 
180 
169 
101 
89 
68 
0 
18 
20 
30 
48 
32 
16 
15 
48 
17 
19 
27 
65 
63 
22 
4 
14 
63 
156 
49 
121 
164 
174 
144 
96 
31 
50 
101 
111 
112 
106 
139 
83 
60 
20 
20 
21 
30 
47 
48 
33 
17 
1 
1 
17 
30 
62 
94 
126 
133 
28 
53 
63 
14 
35 
101 
78 
1 
17 
1 
14 
21 
35 
68 
69 
78 
46 
30 
142 
94 
3 
53 
95 
144 
154 
90 
58 
14 
79 
48 
69 
12 
46 
96 
99 
94 
112 
90 
59 
43 
59 
11 
53 
78 
79 
63 
165 
156 
14 
153 
180 
207 
192 
48 
96 
170 
147 
68 
21 
0 
16 
26 
12 
5 
30 
96 
129 
113 
49 
31 
64 
42 
51 
52 
30 
15 
15 
30 
14 
21 
5 
21 
5 
37 
69 
126 
158 
125 
43 
31 
162 
213 
224 
129 
46 
46 
16 
63 
34 
116 
144 
99 
30 
0 
13 
43 
10 
15 
48 
49 
58 
43 
4 
36 
11 
35 
68 
68 
28 
20 
53 
33 
96 
112 
78 
28 
21 
63 
97 
91 
83 
27 
11 
43 
11 
5 
26 
75 
75 
59 
11 
11 
3 
27 
27 
11 
4 
11 
3 
4 
43 
26 
65 
64 
0 
10 
51 
52 
20 
91 
187 
123 
90 
79 
160 
161 
129 
129 
64 
17 
35 
36 
78 
113 
115 
117 
159 
113 
17 
14 
17 
80 
17 
51 
53 
47 
65 
115 
68 
21 
26 
28 
75 
5 
63 
113 
115 
100 
94 
78 
31 
16 
48 
16 
32 
0 
0 
15 
31 
1 
17 
1 
5 
21 
4 
28 
43 
42 
33 
32 
126 
93 
27 
78 
144 
113 
58 
10 
21 
46 
62 
127 
127 
79 
1 
81 
122 
43 
44 
27 
21 
17 
48 
47 
30 
30 
14 
46 
5 
83 
84 
10 
225 
129 
80 
193 
218 
145 
79 
18 
69 
128 
146 
68 
1 
15 
81 
99 
85 
62 
46 
46 
30 
2 
20 
46 
47 
17 
45 
123 
145 
102 
43 
72 
164 
223 
177 
74 
5 
21 
37 
30 
47 
81 
83 
100 
110 
62 
0 
49 
33 
17 
42 
51 
20 
36 
17 
49 
80 
47 
14 
14 
30 
30 
31 
31 
144 
239 
86 
36 
72 
100 
160 
179 
94 
80 
33 
17 
65 
64 
0 
12 
33 
61 
56 
75 
77 
70 
70 
61 
52 
50 
72 
69 
38 
33 
45 
33 
29 
16 
12 
7 
59 
38 
33 
12 
6 
9 
11 
6 
7 
26 
44 
22 
23 
40 
41 
34 
43 
76 
45 
45 
2 
18 
34 
82 
57 
41 
24 
8 
57 
98 
91 
93 
70 
166 
151 
87 
9 
75 
140 
125 
54 
8 
56 
88 
87 
24 
89 
98 
82 
2 
38 
55 
88 
121 
121 
73 
57 
24 
7 
7 
29 
20 
2 
23 
37 
34 
23 
37 
67 
56 
21 
45 
97 
109 
81 
60 
8 
10 
51 
56 
70 
68 
67 
73 
71 
85 
66 
63 
35 
15 
2 
1 
29 
10 
105 
84 
46 
30 
77 
123 
144 
102 
58 
6 
38 
68 
114 
136 
69 
50 
39 
4 
40 
4 
32 
44 
16 
29 
65 
13 
47 
83 
95 
98 
110 
73 
4 
48 
13 
5 
0 
30 
60 
58 
15 
130 
116 
78 
64 
14 
101 
108 
74 
80 
54 
27 
56 
20 
56 
101 
137 
110 
66 
30 
25 
11 
0 
1 
3 
5 
14 
16 
1 
17 
26 
19 
27 
91 
90 
64 
9 
36 
63 
50 
46 
57 
37 
32 
115 
174 
160 
80 
0 
80 
170 
171 
107 
123 
107 
33 
89 
116 
127 
130 
94 
73 
36 
15 
17 
19 
21 
30 
47 
48 
80 
31 
17 
74 
131 
164 
140 
90 
64 
18 
126 
169 
148 
94 
80 
66 
36 
17 
31 
45 
27 
42 
48 
15 
58 
83 
68 
37 
30 
1 
1 
16 
32 
16 
49 
58 
83 
52 
36 
21 
5 
42 
58 
74 
65 
16 
32 
65 
10 
26 
42 
59 
19 
11 
10 
46 
79 
64 
16 
1 
14 
30 
62 
46 
53 
3 
4 
21 
31 
48 
49 
10 
51 
36 
10 
1 
31 
47 
64 
80 
48 
32 
0 
48 
64 
48 
15 
0 
32 
65 
81 
33 
33 
0 
15 
47 
15 
14 
1 
5 
3 
20 
21 
78 
79 
47 
31 
0 
32 
48 
49 
49 
62 
62 
47 
47 
31 
16 
64 
64 
32 
0 
33 
59 
91 
91 
59 
43 
11 
10 
58 
58 
1 
31 
15 
0 
17 
65 
58 
26 
21 
30 
30 
15 
15 
16 
16 
65 
42 
5 
37 
52 
12 
4 
52 
85 
101 
53 
28 
11 
21 
46 
31 
80 
96 
64 
15 
14 
67 
85 
78 
79 
64 
65 
33 
17 
5 
69 
60 
75 
49 
16 
33 
50 
52 
53 
53 
14 
15 
15 
1 
10 
26 
58 
42 
33 
48 
31 
14 
17 
21 
4 
11 
11 
20 
28 
11 
10 
10 
1 
16 
32 
63 
46 
29 
11 
5 
31 
63 
30 
12 
11 
37 
46 
31 
32 
48 
48 
47 
30 
37 
44 
26 
32 
29 
42 
23 
11 
71 
116 
105 
85 
73 
37 
24 
4 
0 
13 
17 
14 
12 
17 
1 
12 
1 
14 
92 
0 
35 
63 
35 
56 
36 
41 
37 
57 
37 
25 
11 
0 
34 
21 
16 
2 
5 
16 
35 
37 
32 
34 
20 
0 
22 
36 
0 
1 
19 
36 
21 
30 
16 
2 
4 
14 
32 
34 
43 
49 
1 
67 
30 
47 
65 
58 
75 
75 
59 
27 
37 
101 
14 
53 
204 
106 
15 
83 
95 
83 
62 
41 
4 
30 
32 
34 
36 
53 
53 
62 
30 
33 
17 
17 
32 
48 
48 
31 
1 
66 
68 
37 
14 
31 
1 
19 
21 
46 
16 
17 
42 
43 
27 
43 
19 
4 
43 
11 
10 
17 
0 
16 
17 
35 
37 
1 
31 
30 
2 
20 
30 
47 
64 
64 
32 
17 
1 
17 
17 
17 
5 
3 
20 
53 
46 
14 
49 
74 
58 
74 
81 
80 
1 
67 
149 
127 
49 
67 
37 
31 
16 
5 
20 
28 
11 
4 
21 
53 
21 
26 
26 
21 
10 
58 
10 
42 
21 
78 
79 
80 
49 
65 
10 
21 
5 
5 
11 
11 
27 
27 
43 
27 
27 
27 
20 
53 
85 
37 
26 
10 
26 
27 
35 
36 
52 
21 
5 
17 
14 
30 
30 
14 
78 
94 
78 
37 
19 
52 
69 
126 
110 
94 
13 
36 
78 
80 
106 
107 
75 
4 
68 
76 
123 
74 
0 
50 
52 
78 
80 
66 
52 
53 
30 
15 
48 
31 
14 
2 
11 
33 
31 
19 
21 
15 
48 
96 
111 
108 
65 
62 
3 
20 
69 
62 
17 
81 
49 
32 
64 
15 
15 
30 
21 
51 
69 
46 
47 
48 
16 
31 
47 
31 
31 
47 
47 
0 
31 
63 
78 
1 
10 
3 
20 
21 
1 
17 
32 
31 
1 
26 
75 
99 
4 
19 
20 
52 
69 
46 
47 
31 
31 
48 
32 
15 
112 
161 
129 
32 
48 
58 
115 
133 
94 
30 
30 
46 
30 
1 
21 
5 
4 
12 
11 
30 
62 
47 
79 
47 
32 
49 
42 
19 
37 
14 
15 
32 
65 
16 
47 
30 
37 
28 
10 
1 
16 
0 
17 
26 
36 
44 
43 
27 
27 
20 
53 
69 
68 
28 
4 
36 
53 
14 
14 
14 
0 
0 
15 
79 
80 
80 
31 
0 
1 
21 
42 
155 
123 
43 
37 
78 
111 
112 
64 
0 
64 
97 
49 
16 
15 
64 
81 
58 
10 
10 
26 
11 
4 
12 
4 
10 
1 
31 
32 
1 
10 
27 
5 
46 
31 
0 
32 
80 
128 
16 
1 
17 
26 
35 
4 
5 
14 
46 
30 
10 
35 
52 
37 
30 
0 
48 
31 
63 
94 
37 
69 
44 
4 
11 
10 
10 
1 
0 
0 
33 
75 
35 
20 
4 
4 
3 
20 
20 
52 
37 
37 
36 
4 
11 
4 
11 
42 
48 
14 
33 
49 
63 
62 
60 
27 
33 
32 
1 
5 
12 
4 
5 
32 
31 
62 
53 
4 
35 
52 
52 
21 
21 
37 
5 
26 
33 
47 
30 
53 
44 
5 
65 
112 
47 
1 
10 
35 
20 
5 
1 
0 
16 
15 
30 
1 
5 
12 
11 
21 
62 
79 
16 
47 
31 
79 
47 
63 
78 
30 
74 
67 
60 
59 
27 
53 
31 
32 
74 
74 
58 
49 
31 
46 
28 
53 
142 
160 
48 
47 
127 
127 
79 
46 
14 
17 
31 
31 
15 
30 
62 
30 
1 
16 
47 
30 
45 
91 
113 
63 
13 
69 
111 
97 
10 
101 
140 
139 
81 
79 
48 
1 
10 
67 
20 
21 
1 
16 
15 
31 
14 
47 
62 
28 
53 
96 
66 
27 
59 
58 
65 
33 
17 
49 
33 
1 
30 
0 
0 
15 
14 
14 
37 
28 
4 
21 
79 
48 
58 
123 
91 
68 
53 
165 
158 
78 
14 
14 
1 
33 
33 
49 
49 
48 
31 
17 
81 
65 
65 
47 
29 
4 
79 
0 
78 
133 
92 
43 
49 
15 
16 
65 
58 
43 
3 
27 
49 
30 
44 
33 
1 
28 
42 
47 
2 
4 
17 
32 
90 
19 
27 
58 
33 
17 
17 
17 
16 
0 
16 
0 
14 
33 
18 
4 
14 
31 
14 
85 
92 
106 
81 
47 
33 
3 
36 
62 
15 
15 
17 
14 
1 
5 
21 
53 
37 
10 
51 
52 
10 
74 
97 
48 
1 
60 
26 
0 
1 
12 
11 
33 
0 
31 
0 
17 
21 
44 
58 
47 
29 
10 
15 
2 
11 
30 
144 
42 
10 
53 
37 
37 
85 
44 
11 
5 
49 
48 
6 
20 
46 
32 
49 
122 
123 
59 
84 
165 
197 
140 
11 
14 
0 
15 
26 
3 
37 
46 
15 
0 
33 
1 
30 
37 
53 
21 
75 
91 
11 
68 
60 
75 
138 
113 
16 
17 
26 
27 
19 
20 
21 
0 
0 
30 
37 
44 
11 
1 
16 
10 
44 
74 
33 
79 
78 
85 
12 
37 
95 
65 
5 
28 
58 
33 
32 
10 
3 
53 
190 
32 
63 
31 
64 
31 
33 
83 
117 
159 
112 
48 
32 
0 
64 
48 
17 
13 
27 
10 
0 
15 
5 
26 
3 
20 
37 
78 
65 
80 
63 
95 
15 
64 
0 
16 
17 
14 
17 
48 
63 
45 
43 
49 
31 
5 
19 
27 
26 
30 
48 
90 
83 
4 
5 
90 
170 
90 
17 
48 
32 
0 
48 
81 
65 
26 
21 
21 
20 
12 
27 
27 
11 
37 
49 
96 
30 
28 
26 
78 
63 
15 
15 
15 
94 
110 
5 
75 
115 
52 
67 
84 
84 
36 
3 
27 
27 
5 
5 
17 
15 
48 
49 
26 
44 
123 
90 
48 
79 
5 
51 
68 
69 
101 
53 
26 
75 
91 
107 
106 
80 
47 
2 
4 
21 
47 
112 
97 
42 
5 
5 
53 
85 
78 
46 
30 
15 
16 
33 
1 
49 
49 
17 
15 
62 
62 
53 
53 
44 
4 
37 
85 
94 
26 
74 
74 
58 
33 
17 
16 
47 
0 
32 
80 
48 
31 
79 
63 
1 
33 
35 
11 
42 
0 
48 
48 
64 
15 
33 
30 
46 
46 
85 
69 
28 
4 
68 
117 
14 
33 
49 
49 
49 
65 
65 
17 
15 
47 
15 
48 
96 
15 
78 
94 
85 
21 
51 
52 
36 
10 
10 
90 
154 
106 
33 
1 
31 
64 
0 
17 
49 
26 
12 
20 
53 
33 
48 
48 
49 
33 
26 
42 
42 
42 
1 
46 
62 
63 
31 
48 
81 
49 
81 
17 
15 
0 
15 
31 
46 
46 
37 
69 
60 
69 
78 
111 
112 
49 
14 
63 
111 
96 
64 
65 
48 
0 
16 
16 
17 
10 
5 
4 
3 
4 
43 
27 
10 
10 
33 
31 
46 
29 
11 
21 
14 
16 
1 
1 
37 
44 
59 
26 
1 
16 
15 
17 
10 
12 
11 
21 
17 
48 
47 
46 
28 
37 
14 
80 
97 
17 
53 
46 
62 
53 
37 
37 
12 
4 
53 
37 
21 
21 
58 
58 
113 
65 
0 
16 
42 
42 
19 
11 
11 
5 
26 
74 
58 
65 
112 
63 
2 
20 
78 
79 
64 
17 
1 
14 
14 
17 
1 
30 
46 
62 
53 
53 
44 
27 
10 
1 
14 
31 
31 
15 
16 
16 
15 
15 
0 
32 
64 
64 
47 
14 
12 
27 
4 
21 
17 
16 
16 
0 
17 
21 
36 
12 
27 
4 
26 
26 
1 
0 
1 
33 
5 
11 
43 
43 
11 
68 
180 
100 
12 
4 
37 
30 
15 
0 
1 
10 
28 
27 
26 
49 
32 
15 
17 
26 
44 
4 
69 
33 
64 
48 
15 
1 
10 
11 
11 
3 
11 
11 
5 
10 
10 
1 
1 
16 
0 
32 
32 
31 
15 
33 
33 
21 
21 
21 
21 
21 
21 
37 
44 
43 
5 
14 
14 
15 
0 
17 
17 
10 
10 
26 
49 
48 
47 
44 
26 
23 
27 
7 
53 
34 
30 
19 
23 
4 
24 
4 
22 
10 
8 
20 
63 
65 
67 
69 
69 
62 
62 
31 
16 
31 
14 
12 
4 
58 
0 
25 
36 
62 
48 
42 
51 
53 
5 
33 
14 
15 
15 
31 
0 
47 
31 
14 
37 
19 
52 
53 
101 
85 
53 
21 
10 
5 
26 
58 
33 
32 
31 
48 
48 
80 
63 
15 
14 
1 
1 
0 
0 
15 
15 
0 
1 
10 
26 
43 
75 
42 
10 
1 
16 
31 
47 
30 
21 
3 
36 
53 
21 
21 
5 
42 
59 
83 
36 
20 
11 
91 
43 
4 
27 
4 
37 
85 
53 
5 
11 
4 
4 
4 
11 
11 
11 
11 
36 
12 
11 
3 
27 
4 
37 
46 
46 
37 
37 
60 
42 
33 
15 
29 
43 
26 
31 
17 
10 
19 
4 
26 
5 
1 
15 
48 
80 
48 
15 
1 
42 
59 
67 
76 
75 
58 
33 
31 
1 
26 
19 
11 
11 
26 
10 
21 
62 
30 
1 
32 
48 
48 
64 
15 
0 
15 
14 
1 
14 
1 
17 
10 
4 
12 
27 
43 
42 
17 
15 
15 
15 
17 
17 
17 
21 
5 
5 
21 
46 
62 
62 
69 
61 
11 
53 
111 
48 
0 
30 
14 
1 
17 
33 
1 
30 
31 
15 
15 
30 
46 
85 
60 
27 
21 
30 
15 
16 
15 
15 
30 
1 
26 
35 
4 
4 
11 
43 
43 
11 
5 
21 
21 
5 
11 
4 
3 
11 
36 
36 
52 
68 
28 
43 
43 
26 
1 
30 
15 
15 
16 
32 
16 
15 
17 
10 
4 
20 
4 
20 
36 
28 
11 
4 
10 
33 
32 
15 
5 
11 
3 
11 
27 
20 
4 
26 
26 
1 
15 
63 
46 
62 
37 
12 
11 
10 
1 
31 
32 
33 
26 
42 
75 
20 
108 
123 
139 
58 
1 
63 
64 
33 
26 
26 
27 
4 
36 
68 
28 
11 
68 
53 
26 
59 
67 
36 
28 
59 
10 
30 
31 
15 
31 
14 
14 
26 
21 
37 
37 
21 
21 
21 
3 
27 
11 
5 
53 
53 
21 
27 
91 
58 
33 
65 
80 
6 
4 
1 
31 
1 
50 
4 
27 
10 
10 
1 
1 
16 
0 
0 
17 
5 
36 
28 
4 
4 
10 
10 
33 
32 
47 
1 
51 
11 
10 
10 
1 
16 
16 
0 
16 
47 
31 
49 
49 
17 
30 
62 
46 
37 
29 
43 
26 
14 
80 
81 
27 
12 
75 
139 
58 
26 
14 
0 
16 
33 
33 
10 
5 
37 
28 
11 
10 
14 
30 
0 
16 
31 
32 
32 
16 
16 
15 
15 
14 
14 
5 
3 
4 
20 
20 
20 
12 
4 
5 
1 
15 
0 
16 
64 
79 
78 
76 
43 
33 
0 
1 
3 
4 
5 
5 
49 
48 
31 
33 
58 
35 
84 
117 
5 
59 
67 
52 
52 
36 
20 
4 
19 
4 
20 
10 
74 
81 
32 
16 
16 
33 
10 
5 
53 
52 
3 
20 
5 
5 
10 
33 
33 
16 
15 
0 
0 
14 
14 
30 
21 
5 
11 
20 
28 
11 
10 
17 
17 
16 
15 
15 
31 
30 
14 
5 
35 
4 
36 
12 
4 
20 
20 
5 
4 
11 
4 
52 
60 
43 
26 
33 
16 
0 
0 
1 
14 
21 
5 
12 
43 
26 
17 
31 
31 
0 
1 
17 
10 
21 
60 
75 
42 
33 
16 
17 
12 
43 
10 
1 
0 
0 
14 
5 
5 
3 
11 
5 
5 
1 
15 
15 
15 
15 
32 
47 
14 
30 
37 
44 
59 
42 
17 
16 
0 
26 
3 
11 
17 
16 
15 
5 
12 
11 
5 
17 
32 
31 
37 
44 
26 
17 
16 
34 
52 
53 
14 
65 
48 
48 
31 
1 
10 
26 
43 
27 
27 
4 
20 
37 
53 
85 
85 
5 
51 
68 
10 
33 
49 
32 
15 
1 
10 
37 
68 
44 
27 
10 
1 
15 
32 
33 
106 
58 
5 
37 
46 
62 
46 
30 
53 
36 
12 
20 
4 
20 
19 
4 
12 
27 
27 
26 
48 
31 
21 
28 
43 
10 
14 
31 
16 
15 
14 
37 
37 
28 
27 
5 
15 
16 
37 
60 
59 
49 
15 
18 
11 
17 
15 
17 
18 
11 
5 
14 
17 
0 
15 
46 
21 
19 
11 
26 
33 
32 
15 
17 
5 
28 
26 
17 
16 
15 
14 
5 
3 
10 
17 
15 
1 
13 
11 
26 
17 
16 
14 
21 
3 
36 
62 
63 
32 
0 
31 
47 
47 
63 
79 
46 
21 
12 
21 
14 
16 
1 
5 
28 
11 
26 
17 
16 
1 
5 
28 
43 
10 
1 
15 
16 
16 
1 
1 
53 
76 
42 
47 
49 
5 
36 
28 
11 
11 
26 
10 
1 
1 
16 
15 
14 
21 
44 
11 
5 
14 
15 
16 
0 
14 
14 
37 
28 
43 
26 
33 
16 
15 
1 
10 
19 
4 
10 
10 
17 
32 
16 
15 
1 
10 
5 
3 
4 
4 
5 
10 
17 
33 
32 
32 
31 
31 
1 
21 
12 
11 
5 
17 
0 
0 
15 
1 
30 
5 
5 
12 
27 
5 
46 
16 
64 
79 
62 
21 
19 
52 
85 
69 
21 
27 
51 
68 
52 
60 
75 
26 
46 
31 
0 
0 
1 
1 
5 
37 
53 
20 
44 
27 
10 
1 
0 
17 
26 
67 
52 
4 
43 
75 
43 
27 
27 
11 
11 
11 
11 
11 
27 
27 
42 
26 
17 
0 
16 
17 
1 
1 
5 
5 
5 
14 
30 
46 
37 
21 
28 
27 
10 
1 
1 
0 
0 
0 
17 
1 
37 
37 
37 
5 
35 
4 
27 
42 
26 
48 
63 
14 
34 
4 
10 
17 
0 
31 
0 
0 
30 
46 
42 
42 
20 
44 
43 
43 
26 
10 
17 
17 
1 
1 
0 
0 
0 
15 
14 
21 
20 
28 
27 
26 
1 
0 
0 
30 
21 
12 
11 
26 
17 
31 
0 
1 
5 
3 
11 
11 
27 
26 
5 
5 
5 
5 
14 
33 
16 
16 
31 
31 
15 
16 
14 
14 
1 
10 
5 
37 
52 
44 
11 
52 
36 
36 
12 
4 
53 
53 
53 
60 
59 
10 
1 
0 
0 
1 
1 
21 
4 
3 
4 
4 
5 
21 
5 
5 
26 
26 
33 
17 
17 
17 
33 
65 
64 
16 
16 
1 
1 
10 
35 
4 
4 
37 
46 
14 
26 
43 
51 
52 
69 
69 
53 
21 
12 
27 
33 
0 
17 
115 
85 
14 
33 
33 
65 
81 
65 
64 
47 
15 
17 
58 
35 
4 
11 
10 
42 
49 
32 
0 
1 
5 
12 
27 
26 
10 
49 
49 
48 
31 
2 
52 
94 
111 
48 
1 
30 
47 
47 
47 
48 
48 
33 
33 
1 
30 
14 
1 
1 
32 
32 
32 
47 
30 
5 
3 
4 
5 
5 
10 
5 
11 
19 
28 
27 
10 
17 
0 
0 
15 
15 
14 
30 
30 
5 
26 
3 
11 
42 
49 
49 
32 
31 
30 
12 
20 
37 
14 
14 
14 
0 
0 
32 
48 
64 
63 
30 
13 
27 
17 
80 
98 
36 
5 
49 
49 
16 
0 
0 
48 
48 
0 
15 
17 
97 
90 
123 
91 
42 
5 
30 
31 
32 
49 
10 
5 
19 
4 
11 
43 
75 
75 
58 
33 
32 
31 
30 
13 
4 
14 
47 
81 
106 
75 
75 
27 
53 
94 
127 
111 
47 
15 
1 
1 
5 
21 
5 
19 
4 
10 
33 
32 
15 
14 
2 
11 
10 
1 
0 
1 
5 
5 
12 
27 
10 
17 
15 
14 
13 
43 
10 
33 
31 
30 
44 
26 
32 
29 
52 
31 
33 
3 
5 
1 
15 
16 
15 
14 
1 
1 
1 
1 
17 
16 
15 
1 
10 
3 
4 
1 
0 
0 
5 
3 
36 
46 
31 
15 
0 
1 
14 
17 
26 
26 
43 
27 
27 
11 
11 
11 
3 
4 
11 
20 
37 
37 
21 
5 
21 
37 
37 
36 
28 
43 
27 
26 
17 
16 
0 
17 
26 
26 
99 
68 
68 
60 
43 
49 
32 
9 
4 
1 
25 
20 
64 
35 
47 
34 
46 
57 
36 
31 
1 
19 
37 
14 
32 
65 
65 
42 
26 
10 
1 
65 
32 
16 
81 
129 
97 
1 
0 
17 
98 
132 
37 
33 
14 
