81 
90 
90 
74 
49 
64 
79 
37 
10 
75 
65 
55 
59 
48 
13 
53 
79 
95 
102 
107 
64 
45 
90 
64 
30 
17 
26 
26 
75 
91 
74 
80 
31 
10 
26 
26 
21 
37 
12 
10 
0 
65 
106 
106 
74 
64 
78 
76 
58 
32 
31 
5 
42 
75 
67 
44 
43 
43 
42 
65 
79 
76 
80 
44 
0 
51 
78 
96 
82 
36 
53 
46 
64 
97 
97 
97 
79 
29 
11 
17 
0 
14 
21 
4 
19 
4 
4 
21 
14 
31 
47 
47 
46 
5 
4 
19 
60 
43 
27 
27 
43 
11 
4 
36 
44 
11 
37 
62 
79 
78 
78 
61 
59 
49 
0 
50 
108 
123 
97 
45 
26 
15 
81 
97 
64 
62 
77 
75 
65 
31 
13 
4 
37 
53 
69 
92 
90 
55 
27 
1 
32 
49 
26 
3 
21 
47 
64 
97 
97 
96 
47 
45 
59 
49 
15 
1 
5 
19 
36 
36 
21 
21 
5 
21 
28 
43 
58 
65 
47 
28 
10 
0 
12 
0 
3 
14 
48 
66 
68 
46 
31 
33 
19 
5 
0 
49 
58 
42 
42 
65 
80 
79 
93 
107 
81 
31 
13 
4 
21 
31 
47 
64 
80 
79 
62 
61 
75 
49 
15 
18 
36 
46 
47 
32 
42 
67 
52 
36 
37 
37 
37 
37 
36 
44 
27 
10 
1 
0 
16 
31 
30 
60 
58 
47 
2 
4 
14 
32 
48 
48 
16 
31 
31 
14 
14 
2 
43 
42 
64 
45 
27 
16 
33 
74 
90 
65 
79 
92 
33 
22 
27 
78 
95 
111 
110 
140 
154 
134 
122 
109 
87 
90 
61 
7 
36 
57 
84 
79 
66 
101 
79 
97 
74 
59 
43 
4 
4 
4 
11 
5 
21 
46 
46 
37 
5 
26 
10 
5 
21 
37 
37 
53 
44 
59 
42 
16 
30 
29 
43 
10 
0 
16 
49 
58 
74 
65 
95 
76 
65 
14 
51 
84 
84 
76 
91 
74 
81 
80 
31 
5 
26 
10 
10 
4 
12 
27 
10 
17 
16 
15 
21 
3 
27 
26 
17 
31 
32 
33 
33 
64 
32 
14 
5 
19 
4 
4 
37 
53 
52 
44 
43 
27 
11 
4 
11 
4 
27 
43 
43 
42 
33 
32 
30 
13 
4 
5 
14 
30 
46 
53 
60 
42 
17 
15 
29 
59 
32 
28 
1 
2 
21 
64 
67 
69 
63 
48 
17 
3 
10 
0 
30 
12 
33 
22 
75 
23 
43 
13 
15 
19 
79 
97 
99 
116 
133 
124 
123 
113 
63 
29 
36 
69 
101 
108 
33 
15 
13 
11 
21 
21 
21 
44 
91 
90 
81 
47 
29 
26 
0 
1 
2 
11 
37 
14 
0 
0 
2 
43 
65 
70 
74 
55 
59 
39 
42 
22 
33 
45 
40 
11 
25 
30 
73 
69 
63 
65 
59 
35 
52 
76 
59 
58 
64 
61 
74 
70 
81 
140 
54 
8 
20 
80 
115 
126 
128 
144 
161 
144 
111 
94 
124 
113 
125 
129 
93 
56 
27 
8 
20 
40 
36 
79 
82 
68 
78 
80 
65 
26 
10 
11 
19 
20 
44 
43 
58 
64 
54 
90 
38 
49 
45 
8 
4 
9 
14 
19 
63 
67 
79 
82 
100 
78 
111 
80 
64 
64 
64 
32 
47 
14 
21 
10 
5 
11 
11 
11 
11 
11 
3 
4 
12 
4 
11 
26 
32 
0 
17 
10 
27 
59 
75 
58 
49 
48 
31 
14 
5 
12 
11 
21 
37 
28 
27 
10 
1 
0 
32 
48 
49 
16 
32 
15 
14 
30 
37 
21 
11 
43 
58 
65 
63 
76 
81 
125 
136 
121 
98 
66 
18 
45 
68 
105 
126 
185 
164 
181 
174 
181 
172 
154 
134 
122 
109 
56 
27 
6 
1 
50 
110 
137 
100 
79 
80 
58 
43 
43 
35 
12 
27 
27 
43 
4 
5 
1 
0 
17 
34 
36 
37 
46 
63 
63 
64 
32 
32 
15 
15 
31 
30 
5 
43 
43 
42 
17 
17 
16 
14 
28 
10 
15 
33 
26 
26 
10 
27 
51 
84 
76 
107 
65 
32 
14 
10 
26 
11 
11 
43 
43 
43 
26 
26 
17 
32 
31 
13 
43 
49 
15 
3 
14 
33 
83 
100 
101 
69 
52 
60 
43 
26 
26 
10 
5 
69 
92 
90 
95 
44 
10 
16 
19 
21 
47 
49 
51 
20 
30 
31 
49 
19 
4 
21 
46 
63 
63 
47 
15 
15 
32 
47 
53 
60 
42 
31 
13 
5 
0 
33 
26 
3 
5 
31 
112 
129 
97 
65 
33 
17 
10 
42 
10 
5 
37 
53 
53 
44 
10 
30 
31 
16 
17 
17 
17 
21 
45 
75 
81 
77 
65 
61 
49 
28 
31 
51 
95 
138 
163 
172 
171 
129 
63 
45 
58 
32 
17 
42 
51 
68 
84 
76 
75 
58 
48 
22 
43 
33 
38 
11 
14 
33 
19 
14 
16 
3 
30 
33 
35 
30 
64 
83 
85 
62 
47 
16 
17 
5 
60 
90 
79 
76 
48 
45 
21 
63 
81 
82 
68 
46 
48 
97 
106 
122 
96 
46 
12 
21 
69 
76 
42 
64 
61 
58 
48 
29 
11 
15 
41 
20 
1 
0 
12 
5 
32 
66 
68 
62 
63 
48 
49 
5 
13 
27 
10 
31 
60 
65 
61 
80 
3 
31 
66 
100 
110 
126 
125 
155 
160 
156 
151 
138 
140 
102 
71 
55 
23 
8 
7 
22 
29 
4 
19 
34 
56 
39 
21 
18 
40 
37 
34 
30 
34 
30 
34 
21 
16 
3 
1 
9 
11 
33 
22 
43 
31 
28 
33 
25 
36 
14 
33 
26 
19 
5 
49 
32 
14 
28 
26 
64 
29 
27 
17 
16 
33 
34 
20 
21 
14 
0 
1 
5 
4 
12 
27 
26 
14 
30 
1 
5 
5 
19 
11 
5 
17 
15 
31 
16 
48 
32 
32 
0 
15 
14 
10 
26 
35 
20 
36 
44 
42 
33 
16 
15 
15 
14 
30 
53 
60 
74 
80 
77 
33 
2 
5 
15 
12 
1 
25 
11 
0 
34 
36 
21 
0 
16 
1 
19 
4 
10 
33 
15 
1 
10 
3 
11 
20 
53 
21 
20 
3 
11 
27 
42 
32 
14 
3 
37 
78 
78 
46 
53 
53 
76 
91 
74 
49 
15 
32 
32 
32 
48 
16 
15 
0 
1 
1 
17 
16 
15 
31 
31 
0 
17 
0 
15 
13 
11 
17 
15 
17 
44 
74 
32 
34 
52 
85 
126 
117 
108 
74 
79 
76 
42 
48 
45 
59 
15 
12 
0 
3 
30 
81 
91 
91 
107 
97 
64 
46 
19 
36 
36 
5 
49 
46 
44 
17 
17 
51 
100 
92 
107 
90 
65 
80 
79 
78 
29 
20 
20 
53 
37 
21 
10 
65 
48 
14 
18 
20 
10 
26 
33 
32 
15 
1 
10 
19 
52 
52 
36 
28 
27 
26 
33 
1 
15 
48 
32 
49 
49 
18 
11 
49 
30 
44 
48 
45 
48 
29 
14 
49 
51 
53 
79 
145 
161 
144 
127 
77 
74 
15 
18 
4 
14 
15 
32 
33 
33 
26 
3 
4 
21 
21 
37 
12 
27 
26 
33 
33 
15 
48 
64 
48 
48 
48 
32 
0 
17 
33 
33 
33 
17 
1 
14 
10 
10 
11 
20 
20 
28 
11 
5 
14 
30 
46 
62 
30 
14 
1 
1 
32 
47 
61 
74 
103 
138 
156 
109 
77 
45 
6 
24 
54 
68 
66 
95 
99 
95 
114 
133 
127 
96 
113 
97 
112 
79 
61 
59 
64 
38 
42 
23 
43 
23 
11 
9 
5 
9 
21 
25 
10 
6 
26 
29 
17 
28 
8 
27 
23 
26 
29 
7 
26 
29 
8 
5 
2 
1 
51 
8 
42 
77 
102 
118 
125 
132 
130 
143 
115 
80 
67 
63 
34 
5 
9 
4 
16 
12 
16 
13 
33 
45 
40 
59 
77 
55 
41 
50 
59 
60 
45 
29 
13 
29 
29 
20 
3 
2 
6 
8 
9 
43 
61 
54 
39 
56 
57 
56 
56 
71 
54 
36 
18 
6 
7 
22 
20 
18 
24 
22 
5 
3 
6 
8 
13 
27 
44 
36 
51 
51 
18 
6 
23 
55 
55 
70 
52 
50 
72 
62 
51 
73 
30 
35 
56 
36 
56 
52 
63 
50 
53 
63 
48 
49 
42 
43 
27 
19 
11 
5 
17 
48 
61 
58 
71 
91 
102 
88 
98 
59 
44 
44 
45 
13 
25 
41 
72 
86 
52 
50 
41 
24 
6 
29 
36 
18 
40 
14 
35 
57 
14 
60 
109 
133 
147 
119 
68 
40 
21 
12 
23 
40 
66 
83 
139 
76 
44 
29 
9 
23 
29 
20 
2 
24 
22 
4 
2 
8 
8 
18 
59 
45 
38 
39 
24 
40 
41 
41 
57 
41 
25 
9 
8 
8 
23 
23 
6 
2 
4 
3 
2 
9 
7 
8 
6 
9 
9 
25 
40 
39 
29 
4 
2 
24 
21 
19 
56 
37 
34 
47 
51 
14 
33 
35 
53 
30 
47 
16 
32 
1 
46 
61 
91 
128 
140 
151 
153 
130 
115 
83 
66 
18 
29 
85 
83 
121 
110 
105 
84 
46 
16 
13 
10 
55 
59 
70 
81 
76 
22 
15 
3 
16 
19 
15 
2 
5 
16 
3 
1 
9 
11 
16 
13 
10 
15 
28 
33 
45 
26 
6 
26 
25 
5 
9 
4 
0 
12 
0 
13 
10 
7 
27 
16 
28 
33 
13 
26 
38 
42 
22 
26 
22 
33 
29 
8 
43 
38 
24 
27 
29 
8 
9 
27 
13 
8 
6 
11 
2 
7 
5 
13 
8 
5 
13 
23 
4 
41 
37 
41 
21 
25 
4 
14 
33 
67 
68 
37 
46 
30 
53 
37 
28 
5 
1 
0 
13 
11 
1 
9 
4 
15 
49 
35 
53 
46 
78 
78 
117 
108 
113 
70 
75 
31 
60 
48 
92 
55 
74 
44 
54 
40 
25 
4 
13 
8 
9 
27 
2 
9 
39 
21 
18 
46 
19 
31 
34 
46 
73 
20 
31 
33 
35 
52 
21 
14 
16 
15 
14 
45 
43 
26 
17 
1 
0 
0 
0 
16 
0 
15 
30 
37 
44 
42 
49 
47 
29 
27 
33 
30 
44 
49 
45 
58 
38 
26 
13 
17 
13 
1 
13 
17 
13 
17 
13 
17 
28 
16 
12 
0 
3 
14 
18 
37 
47 
81 
90 
107 
90 
128 
30 
19 
36 
92 
106 
113 
102 
138 
118 
90 
61 
49 
45 
33 
13 
33 
29 
10 
25 
36 
31 
50 
52 
62 
48 
49 
26 
35 
20 
20 
5 
1 
1 
32 
32 
63 
30 
12 
27 
10 
65 
64 
47 
30 
10 
35 
36 
20 
10 
10 
17 
15 
31 
0 
16 
15 
47 
62 
44 
43 
33 
15 
15 
29 
43 
49 
47 
44 
32 
45 
49 
22 
26 
22 
11 
0 
35 
62 
63 
80 
96 
95 
93 
107 
32 
2 
20 
69 
101 
109 
123 
145 
150 
154 
150 
136 
137 
114 
121 
136 
118 
100 
89 
69 
82 
53 
41 
20 
15 
2 
5 
0 
60 
33 
22 
27 
15 
12 
16 
3 
15 
3 
7 
11 
7 
10 
6 
1 
44 
54 
40 
50 
66 
89 
120 
117 
137 
68 
47 
18 
17 
45 
56 
75 
102 
104 
105 
89 
82 
73 
57 
72 
86 
84 
82 
79 
67 
78 
98 
84 
78 
79 
80 
65 
33 
33 
33 
33 
17 
1 
14 
1 
30 
30 
61 
59 
65 
54 
107 
71 
82 
75 
77 
23 
23 
37 
34 
87 
84 
64 
51 
79 
50 
30 
41 
20 
15 
18 
20 
15 
2 
42 
22 
58 
93 
102 
119 
103 
102 
45 
13 
3 
3 
27 
60 
60 
44 
12 
12 
2 
9 
23 
9 
10 
44 
45 
22 
8 
6 
2 
11 
12 
2 
9 
23 
29 
4 
13 
8 
25 
50 
75 
60 
61 
45 
29 
9 
72 
78 
83 
71 
20 
24 
5 
13 
24 
59 
70 
56 
42 
44 
8 
9 
20 
57 
30 
13 
17 
28 
7 
42 
45 
24 
26 
29 
31 
82 
68 
30 
16 
12 
64 
76 
70 
72 
98 
107 
108 
61 
22 
8 
39 
69 
66 
87 
68 
104 
84 
79 
81 
35 
11 
49 
63 
76 
80 
92 
87 
90 
76 
39 
33 
29 
0 
35 
15 
2 
33 
29 
23 
73 
83 
83 
83 
98 
89 
71 
37 
19 
22 
55 
40 
40 
87 
126 
115 
95 
67 
46 
13 
40 
59 
54 
40 
59 
61 
8 
36 
80 
19 
30 
25 
11 
16 
13 
42 
55 
59 
54 
41 
27 
9 
1 
2 
5 
6 
10 
9 
21 
2 
17 
12 
40 
59 
77 
40 
26 
12 
8 
1 
12 
8 
4 
40 
36 
64 
83 
46 
0 
13 
26 
31 
44 
40 
75 
70 
105 
107 
92 
93 
70 
70 
70 
54 
29 
29 
12 
3 
19 
34 
50 
72 
94 
115 
159 
193 
209 
224 
236 
215 
201 
169 
136 
86 
52 
41 
17 
76 
118 
150 
197 
211 
207 
178 
165 
95 
34 
5 
6 
97 
92 
71 
89 
75 
61 
22 
7 
6 
37 
51 
121 
117 
144 
122 
83 
68 
52 
37 
62 
47 
31 
32 
32 
32 
32 
31 
31 
37 
44 
42 
48 
38 
59 
48 
44 
33 
29 
1 
13 
17 
45 
40 
59 
54 
40 
74 
76 
77 
70 
54 
54 
54 
77 
61 
20 
19 
2 
6 
6 
23 
23 
23 
24 
39 
39 
39 
38 
37 
67 
57 
38 
4 
22 
25 
27 
45 
39 
41 
42 
44 
38 
24 
41 
42 
60 
60 
77 
77 
52 
51 
66 
57 
70 
52 
57 
30 
19 
7 
10 
29 
7 
10 
12 
8 
10 
18 
14 
19 
24 
21 
2 
14 
3 
31 
3 
15 
19 
15 
19 
63 
51 
47 
35 
14 
2 
37 
41 
20 
14 
32 
42 
67 
52 
52 
36 
20 
20 
5 
10 
17 
0 
0 
0 
1 
5 
19 
11 
10 
17 
0 
0 
28 
26 
31 
44 
33 
13 
14 
49 
51 
46 
48 
49 
35 
52 
46 
31 
32 
33 
17 
10 
3 
4 
4 
10 
17 
15 
14 
12 
27 
17 
0 
12 
5 
0 
12 
17 
6 
26 
22 
26 
45 
40 
42 
44 
29 
23 
8 
25 
25 
6 
22 
61 
68 
50 
88 
85 
50 
31 
35 
39 
4 
7 
33 
28 
45 
55 
40 
24 
9 
23 
40 
56 
87 
70 
36 
41 
30 
18 
15 
13 
33 
44 
56 
82 
75 
60 
44 
18 
7 
7 
11 
13 
7 
10 
44 
22 
23 
41 
26 
60 
45 
6 
39 
85 
50 
63 
67 
56 
52 
15 
3 
16 
28 
32 
44 
39 
75 
54 
26 
29 
1 
50 
85 
79 
64 
33 
18 
4 
1 
15 
29 
43 
65 
63 
60 
49 
0 
12 
17 
15 
44 
48 
45 
17 
13 
17 
2 
69 
111 
80 
48 
47 
47 
16 
0 
14 
30 
53 
44 
59 
42 
49 
31 
1 
10 
27 
27 
59 
97 
95 
92 
65 
6 
37 
111 
145 
129 
128 
94 
92 
58 
31 
14 
3 
4 
5 
14 
15 
80 
64 
33 
16 
16 
31 
1 
10 
27 
43 
59 
91 
74 
49 
32 
30 
28 
11 
21 
46 
46 
46 
37 
28 
11 
26 
33 
17 
0 
17 
35 
53 
62 
79 
78 
69 
76 
75 
49 
16 
32 
48 
48 
47 
62 
21 
5 
19 
4 
20 
20 
11 
43 
58 
47 
28 
33 
6 
21 
32 
35 
69 
95 
127 
127 
142 
124 
90 
63 
44 
17 
9 
11 
0 
33 
35 
52 
85 
85 
85 
44 
27 
10 
17 
0 
32 
49 
42 
42 
27 
19 
20 
20 
5 
33 
48 
30 
5 
19 
36 
53 
69 
69 
69 
36 
36 
4 
11 
27 
10 
33 
31 
46 
77 
75 
49 
16 
42 
51 
68 
53 
46 
47 
48 
33 
10 
3 
27 
5 
46 
62 
85 
108 
97 
86 
106 
86 
97 
76 
70 
56 
42 
28 
2 
40 
22 
11 
29 
24 
2 
11 
29 
8 
22 
52 
105 
69 
64 
51 
53 
32 
13 
26 
38 
26 
22 
42 
23 
11 
16 
13 
26 
23 
43 
16 
12 
1 
41 
36 
30 
32 
17 
3 
5 
0 
1 
29 
27 
10 
32 
15 
45 
59 
32 
29 
5 
7 
11 
16 
6 
4 
15 
25 
4 
17 
1 
44 
42 
47 
45 
26 
31 
28 
16 
13 
26 
22 
21 
25 
11 
8 
11 
16 
12 
16 
2 
5 
31 
65 
66 
20 
10 
0 
18 
11 
21 
32 
62 
108 
113 
125 
120 
91 
70 
24 
11 
6 
17 
2 
71 
68 
64 
67 
78 
80 
33 
18 
4 
5 
0 
14 
28 
26 
48 
30 
28 
42 
64 
38 
4 
14 
0 
1 
35 
68 
101 
124 
90 
47 
3 
53 
62 
79 
78 
46 
44 
59 
58 
58 
49 
33 
15 
0 
0 
14 
44 
58 
64 
38 
11 
0 
25 
4 
0 
2 
4 
14 
32 
48 
65 
65 
48 
31 
21 
28 
10 
16 
6 
11 
14 
15 
17 
35 
37 
15 
17 
35 
52 
53 
30 
46 
46 
31 
15 
31 
31 
0 
16 
16 
31 
14 
13 
43 
49 
38 
91 
118 
57 
4 
48 
51 
94 
112 
90 
83 
84 
69 
31 
1 
18 
20 
10 
17 
17 
16 
47 
29 
4 
15 
18 
52 
84 
92 
75 
42 
65 
48 
32 
0 
16 
48 
63 
62 
60 
58 
47 
13 
10 
16 
6 
27 
30 
49 
51 
37 
31 
49 
58 
59 
75 
75 
75 
43 
11 
4 
20 
28 
11 
20 
36 
28 
43 
12 
75 
81 
39 
75 
33 
49 
74 
59 
51 
52 
36 
21 
0 
30 
44 
65 
70 
74 
22 
43 
16 
51 
46 
65 
83 
116 
133 
165 
140 
107 
33 
30 
30 
69 
92 
74 
64 
30 
5 
27 
43 
43 
42 
74 
97 
80 
46 
37 
37 
27 
90 
113 
94 
92 
65 
1 
3 
37 
62 
95 
112 
65 
33 
65 
81 
32 
15 
32 
32 
31 
30 
44 
42 
48 
77 
97 
77 
40 
11 
57 
78 
129 
122 
122 
129 
95 
69 
52 
84 
36 
44 
43 
17 
16 
33 
10 
3 
27 
26 
14 
79 
127 
150 
155 
104 
75 
22 
21 
89 
84 
117 
142 
133 
165 
156 
139 
97 
38 
43 
0 
35 
85 
95 
64 
64 
96 
95 
62 
21 
44 
42 
48 
14 
12 
14 
32 
19 
69 
128 
114 
85 
47 
17 
28 
5 
1 
0 
2 
4 
16 
38 
75 
119 
123 
118 
104 
105 
105 
104 
103 
84 
89 
69 
41 
4 
16 
13 
10 
15 
12 
33 
22 
58 
54 
65 
108 
118 
183 
183 
198 
180 
201 
180 
142 
127 
111 
95 
62 
21 
10 
26 
49 
48 
62 
76 
42 
0 
16 
48 
64 
79 
93 
122 
102 
122 
125 
103 
105 
98 
99 
82 
89 
104 
101 
121 
101 
96 
98 
68 
53 
46 
142 
142 
156 
138 
119 
107 
86 
72 
58 
60 
60 
61 
61 
45 
44 
20 
3 
22 
38 
102 
70 
69 
51 
34 
40 
37 
35 
40 
37 
57 
68 
62 
79 
80 
96 
63 
53 
44 
33 
31 
12 
1 
33 
35 
14 
16 
18 
59 
112 
140 
134 
151 
151 
110 
67 
25 
7 
34 
67 
83 
115 
130 
168 
190 
147 
127 
115 
110 
105 
68 
46 
0 
44 
97 
124 
151 
137 
114 
130 
153 
174 
162 
78 
57 
26 
61 
88 
114 
146 
162 
152 
150 
84 
35 
11 
19 
3 
29 
13 
3 
19 
3 
4 
12 
12 
28 
12 
12 
12 
12 
2 
9 
9 
6 
22 
52 
34 
39 
5 
13 
8 
26 
28 
9 
46 
66 
53 
64 
66 
37 
30 
0 
13 
97 
125 
120 
121 
98 
91 
76 
76 
45 
55 
8 
6 
22 
2 
18 
18 
18 
11 
12 
2 
24 
55 
36 
34 
56 
68 
73 
85 
127 
113 
83 
84 
30 
1 
32 
1 
26 
58 
80 
9 
36 
53 
33 
55 
11 
41 
84 
158 
189 
219 
151 
130 
123 
77 
23 
11 
64 
122 
115 
84 
37 
16 
61 
40 
75 
70 
16 
19 
30 
33 
19 
21 
32 
50 
20 
21 
1 
0 
15 
1 
17 
49 
81 
96 
79 
76 
33 
18 
84 
133 
156 
106 
96 
61 
90 
80 
46 
3 
21 
47 
80 
65 
65 
49 
0 
79 
92 
96 
108 
87 
58 
25 
21 
80 
177 
208 
214 
218 
246 
248 
249 
153 
42 
67 
160 
250 
282 
295 
299 
269 
183 
65 
90 
171 
218 
263 
299 
294 
216 
154 
125 
55 
10 
12 
25 
95 
163 
158 
128 
161 
160 
134 
107 
81 
38 
11 
1 
32 
90 
131 
124 
91 
91 
139 
122 
96 
61 
42 
16 
35 
37 
30 
31 
31 
15 
0 
0 
16 
49 
49 
48 
47 
30 
2 
36 
52 
52 
52 
76 
75 
74 
49 
1 
0 
31 
78 
77 
122 
134 
121 
75 
13 
46 
112 
175 
221 
234 
182 
209 
173 
80 
50 
101 
133 
37 
5 
69 
94 
78 
166 
235 
220 
180 
107 
114 
277 
284 
168 
171 
262 
296 
312 
311 
262 
108 
83 
178 
168 
133 
192 
241 
225 
239 
236 
192 
94 
12 
37 
63 
96 
97 
67 
20 
14 
48 
98 
84 
62 
64 
49 
5 
37 
69 
61 
43 
17 
17 
35 
37 
0 
1 
19 
20 
46 
79 
64 
0 
30 
12 
20 
53 
69 
21 
17 
16 
0 
1 
49 
81 
95 
77 
91 
49 
32 
14 
5 
12 
27 
49 
31 
28 
48 
45 
33 
45 
33 
29 
14 
41 
36 
31 
33 
19 
52 
69 
125 
107 
129 
79 
66 
108 
139 
97 
167 
235 
176 
108 
32 
34 
53 
80 
98 
84 
62 
46 
14 
14 
21 
12 
11 
4 
19 
76 
11 
1 
0 
29 
43 
0 
12 
46 
159 
230 
266 
221 
150 
56 
36 
47 
64 
18 
27 
33 
18 
15 
19 
14 
18 
5 
0 
18 
52 
101 
63 
33 
28 
58 
112 
125 
113 
108 
102 
104 
120 
136 
151 
150 
116 
66 
55 
36 
73 
69 
41 
21 
25 
1 
29 
1 
34 
52 
78 
94 
110 
109 
139 
144 
140 
134 
136 
153 
153 
120 
103 
68 
89 
69 
57 
37 
48 
19 
14 
29 
26 
22 
49 
108 
102 
135 
134 
133 
130 
110 
114 
117 
159 
207 
189 
186 
141 
56 
20 
79 
113 
154 
209 
198 
187 
143 
124 
81 
15 
18 
20 
21 
14 
31 
31 
31 
0 
15 
30 
30 
10 
5 
37 
69 
21 
19 
4 
10 
17 
32 
30 
60 
112 
156 
134 
87 
55 
8 
22 
53 
66 
126 
162 
148 
142 
143 
112 
97 
81 
49 
2 
27 
65 
125 
152 
171 
140 
125 
93 
70 
39 
7 
38 
52 
34 
55 
69 
35 
6 
7 
7 
22 
6 
18 
18 
20 
35 
34 
57 
55 
70 
68 
41 
8 
25 
19 
27 
12 
12 
13 
77 
29 
2 
2 
2 
25 
25 
24 
23 
6 
34 
2 
13 
6 
9 
9 
24 
39 
22 
4 
13 
55 
11 
7 
20 
24 
5 
28 
6 
24 
17 
44 
8 
21 
70 
104 
66 
11 
3 
13 
22 
8 
4 
25 
4 
64 
19 
14 
32 
35 
62 
29 
104 
82 
91 
109 
134 
119 
71 
7 
39 
69 
82 
127 
179 
174 
33 
3 
49 
93 
113 
92 
102 
120 
105 
43 
9 
37 
41 
53 
88 
52 
15 
25 
20 
31 
90 
122 
106 
42 
37 
92 
97 
125 
145 
172 
166 
151 
105 
18 
11 
12 
88 
117 
82 
46 
33 
35 
101 
165 
133 
108 
123 
90 
16 
127 
143 
157 
218 
230 
152 
162 
187 
124 
29 
72 
78 
121 
132 
142 
144 
113 
81 
48 
48 
48 
30 
94 
140 
122 
48 
13 
27 
32 
14 
28 
65 
54 
59 
16 
51 
46 
32 
1 
34 
20 
42 
80 
45 
20 
62 
16 
17 
1 
10 
19 
116 
126 
48 
112 
126 
140 
97 
125 
144 
76 
16 
19 
46 
127 
128 
160 
143 
93 
90 
32 
18 
36 
53 
79 
63 
110 
92 
74 
95 
124 
168 
187 
118 
65 
19 
63 
99 
132 
172 
155 
145 
86 
59 
33 
0 
16 
31 
34 
52 
69 
94 
126 
157 
155 
128 
156 
151 
122 
93 
24 
84 
111 
114 
100 
94 
112 
129 
96 
79 
61 
43 
30 
47 
64 
64 
63 
94 
76 
91 
129 
150 
75 
32 
18 
84 
127 
33 
5 
51 
68 
36 
76 
43 
33 
31 
29 
10 
15 
33 
51 
100 
108 
139 
145 
79 
35 
62 
48 
33 
46 
1 
49 
48 
0 
42 
42 
42 
65 
64 
46 
45 
43 
49 
31 
45 
42 
39 
43 
39 
59 
70 
49 
3 
48 
67 
94 
111 
96 
112 
95 
77 
43 
17 
63 
111 
142 
172 
168 
155 
125 
87 
105 
91 
44 
13 
9 
14 
35 
64 
51 
30 
32 
51 
85 
127 
113 
81 
49 
80 
31 
1 
26 
81 
112 
125 
170 
134 
129 
156 
88 
27 
96 
131 
101 
78 
30 
16 
15 
50 
116 
78 
14 
44 
21 
81 
65 
66 
20 
42 
48 
14 
33 
26 
1 
0 
79 
69 
60 
4 
69 
101 
110 
1 
113 
134 
155 
144 
124 
96 
108 
47 
19 
46 
63 
96 
90 
90 
91 
51 
36 
28 
91 
122 
39 
11 
16 
34 
100 
124 
123 
145 
151 
155 
112 
61 
10 
47 
80 
81 
65 
65 
26 
5 
26 
42 
17 
15 
31 
79 
109 
106 
102 
90 
77 
88 
139 
70 
47 
67 
95 
65 
58 
107 
59 
4 
27 
10 
10 
58 
58 
3 
26 
14 
16 
47 
47 
0 
0 
0 
30 
109 
21 
31 
12 
78 
113 
106 
113 
112 
70 
59 
14 
31 
15 
0 
15 
15 
16 
48 
81 
5 
76 
90 
32 
16 
21 
12 
11 
11 
28 
43 
42 
26 
33 
1 
30 
60 
58 
63 
62 
69 
21 
81 
176 
157 
10 
31 
49 
26 
43 
91 
106 
106 
97 
79 
94 
92 
42 
16 
51 
78 
112 
145 
193 
111 
29 
17 
18 
46 
81 
90 
75 
59 
107 
90 
80 
78 
77 
43 
37 
94 
79 
47 
32 
49 
33 
33 
16 
0 
16 
16 
31 
32 
32 
32 
16 
0 
1 
13 
27 
1 
33 
90 
90 
97 
80 
14 
81 
193 
144 
1 
67 
116 
124 
123 
129 
48 
75 
11 
52 
133 
53 
26 
58 
28 
43 
42 
64 
14 
42 
83 
76 
75 
42 
17 
0 
16 
32 
47 
1 
28 
91 
74 
65 
32 
15 
1 
5 
91 
75 
68 
101 
85 
21 
75 
203 
187 
42 
17 
16 
66 
52 
30 
48 
49 
35 
4 
37 
15 
15 
74 
75 
19 
11 
5 
17 
17 
0 
31 
63 
78 
85 
37 
43 
59 
59 
26 
17 
16 
16 
64 
64 
47 
62 
53 
4 
19 
36 
108 
107 
10 
47 
80 
65 
42 
35 
4 
5 
17 
0 
47 
46 
62 
46 
37 
53 
26 
11 
3 
11 
10 
17 
32 
54 
107 
112 
141 
120 
123 
109 
103 
103 
87 
87 
70 
10 
28 
29 
6 
25 
9 
24 
24 
40 
8 
7 
23 
22 
45 
20 
2 
6 
71 
104 
105 
89 
22 
45 
61 
60 
52 
35 
34 
34 
6 
22 
54 
54 
53 
51 
57 
46 
67 
79 
66 
53 
16 
18 
27 
1 
96 
90 
28 
42 
49 
86 
107 
119 
155 
102 
113 
60 
23 
10 
25 
5 
41 
30 
66 
78 
61 
72 
52 
98 
46 
1 
28 
5 
47 
1 
44 
81 
70 
43 
32 
45 
1 
57 
42 
80 
18 
5 
64 
83 
37 
31 
13 
36 
31 
1 
29 
27 
17 
0 
17 
28 
43 
65 
47 
10 
3 
5 
17 
31 
45 
10 
31 
2 
59 
42 
16 
32 
97 
106 
74 
26 
12 
75 
42 
81 
65 
16 
15 
31 
46 
13 
36 
92 
27 
33 
38 
106 
54 
27 
1 
30 
14 
16 
22 
91 
86 
72 
74 
76 
32 
13 
37 
31 
17 
3 
30 
41 
11 
16 
25 
100 
197 
255 
191 
49 
147 
148 
100 
68 
68 
36 
43 
42 
17 
63 
128 
102 
139 
103 
26 
25 
21 
41 
36 
47 
30 
34 
100 
68 
5 
10 
90 
97 
63 
79 
15 
80 
128 
79 
21 
67 
85 
78 
62 
110 
109 
107 
80 
45 
11 
46 
79 
64 
64 
63 
46 
53 
28 
10 
0 
13 
43 
47 
44 
16 
28 
24 
27 
22 
24 
27 
45 
54 
7 
30 
35 
57 
46 
35 
56 
68 
88 
84 
79 
82 
84 
62 
48 
49 
65 
81 
81 
80 
0 
45 
90 
134 
153 
178 
178 
200 
190 
178 
149 
128 
129 
131 
84 
36 
21 
21 
10 
33 
65 
48 
31 
29 
27 
26 
32 
30 
44 
58 
32 
13 
11 
0 
18 
4 
0 
13 
5 
9 
11 
8 
4 
24 
21 
57 
46 
34 
30 
66 
53 
48 
19 
21 
15 
32 
26 
3 
5 
17 
15 
29 
58 
47 
60 
40 
59 
54 
24 
10 
3 
2 
6 
39 
72 
88 
119 
101 
2 
40 
75 
109 
134 
150 
149 
115 
120 
101 
89 
37 
48 
19 
17 
9 
26 
55 
75 
39 
10 
13 
7 
5 
12 
9 
39 
22 
27 
44 
77 
86 
134 
134 
116 
98 
88 
68 
48 
35 
14 
16 
1 
44 
43 
33 
31 
44 
42 
39 
59 
72 
59 
32 
28 
14 
16 
34 
36 
69 
62 
79 
63 
62 
61 
75 
65 
95 
28 
14 
47 
80 
128 
128 
142 
188 
145 
93 
74 
47 
28 
17 
9 
37 
48 
50 
68 
62 
63 
47 
47 
63 
30 
37 
3 
27 
33 
31 
13 
5 
0 
50 
20 
46 
32 
65 
49 
65 
65 
64 
48 
79 
77 
75 
65 
31 
1 
10 
19 
20 
36 
53 
21 
14 
14 
15 
0 
0 
0 
15 
1 
17 
26 
3 
43 
10 
33 
0 
13 
11 
33 
15 
12 
21 
0 
3 
46 
48 
19 
5 
32 
49 
67 
36 
53 
53 
37 
28 
43 
10 
58 
74 
26 
1 
1 
30 
30 
62 
69 
92 
27 
149 
174 
94 
10 
58 
5 
5 
74 
33 
46 
47 
15 
16 
16 
32 
32 
1 
30 
53 
44 
10 
31 
32 
32 
80 
64 
31 
31 
46 
37 
36 
12 
43 
43 
33 
0 
33 
18 
36 
36 
37 
36 
44 
27 
5 
37 
37 
14 
14 
47 
0 
0 
1 
13 
27 
49 
63 
13 
52 
110 
47 
47 
95 
111 
63 
47 
33 
81 
90 
42 
33 
32 
15 
10 
19 
21 
0 
1 
3 
10 
1 
16 
18 
52 
85 
85 
53 
11 
10 
10 
17 
15 
13 
4 
46 
46 
46 
69 
60 
42 
65 
32 
0 
17 
49 
65 
49 
32 
0 
2 
4 
10 
17 
0 
31 
64 
48 
64 
48 
31 
15 
0 
30 
5 
10 
10 
17 
32 
15 
1 
10 
67 
44 
27 
27 
36 
68 
4 
91 
43 
4 
28 
11 
21 
30 
31 
16 
14 
37 
12 
10 
33 
0 
12 
21 
16 
33 
35 
68 
84 
44 
43 
59 
43 
11 
20 
44 
43 
21 
31 
0 
30 
69 
28 
20 
37 
53 
62 
62 
46 
63 
47 
0 
0 
1 
14 
21 
28 
27 
58 
49 
15 
48 
49 
49 
42 
59 
11 
3 
20 
20 
21 
21 
21 
37 
14 
15 
48 
1 
14 
1 
78 
143 
48 
15 
80 
112 
97 
113 
65 
80 
47 
13 
42 
0 
112 
218 
74 
53 
14 
32 
63 
30 
83 
68 
21 
14 
31 
32 
17 
10 
3 
11 
21 
53 
30 
16 
0 
0 
17 
17 
10 
10 
19 
11 
10 
14 
1 
15 
16 
49 
21 
17 
65 
80 
63 
30 
21 
52 
60 
43 
33 
0 
10 
35 
36 
53 
21 
21 
21 
4 
44 
4 
21 
37 
69 
69 
10 
58 
58 
26 
49 
14 
79 
79 
63 
31 
0 
0 
16 
16 
31 
1 
26 
67 
52 
69 
37 
3 
4 
53 
69 
10 
26 
74 
65 
33 
16 
0 
15 
30 
45 
43 
17 
0 
33 
58 
59 
91 
58 
14 
112 
26 
108 
139 
122 
97 
63 
21 
3 
52 
148 
108 
27 
10 
17 
16 
1 
10 
3 
21 
14 
0 
1 
2 
11 
10 
0 
16 
33 
26 
19 
20 
17 
16 
14 
3 
21 
47 
81 
99 
132 
101 
78 
46 
1 
1 
17 
17 
26 
42 
43 
19 
20 
20 
21 
5 
10 
1 
33 
32 
16 
17 
109 
187 
176 
45 
68 
16 
62 
92 
26 
47 
16 
18 
11 
53 
159 
143 
31 
17 
12 
27 
17 
15 
1 
51 
84 
52 
76 
91 
97 
95 
108 
112 
93 
65 
61 
40 
59 
77 
87 
88 
72 
40 
7 
6 
25 
41 
55 
22 
18 
35 
18 
2 
6 
7 
22 
45 
4 
2 
41 
87 
69 
35 
24 
33 
12 
7 
26 
2 
24 
27 
54 
1 
3 
73 
46 
45 
48 
92 
23 
43 
9 
1 
13 
7 
43 
6 
7 
4 
41 
30 
50 
62 
18 
10 
6 
107 
80 
28 
1 
13 
17 
2 
10 
13 
14 
2 
17 
9 
4 
0 
13 
10 
6 
10 
8 
27 
23 
43 
23 
27 
15 
3 
14 
41 
20 
1 
22 
42 
39 
26 
22 
17 
29 
1 
6 
27 
15 
82 
53 
48 
61 
26 
16 
35 
37 
16 
66 
52 
5 
30 
37 
19 
60 
107 
90 
22 
65 
156 
119 
106 
77 
16 
3 
111 
131 
101 
63 
17 
35 
85 
65 
112 
47 
17 
65 
10 
27 
27 
28 
26 
17 
31 
45 
58 
47 
77 
58 
32 
1 
3 
1 
16 
26 
19 
20 
5 
30 
30 
14 
62 
1 
17 
49 
32 
15 
46 
108 
106 
70 
58 
47 
12 
14 
33 
35 
4 
14 
15 
16 
1 
13 
11 
10 
0 
32 
1 
13 
11 
5 
14 
16 
17 
17 
10 
5 
5 
5 
21 
37 
37 
21 
4 
20 
20 
4 
11 
4 
4 
11 
12 
59 
65 
31 
44 
81 
63 
37 
3 
68 
69 
37 
1 
17 
31 
30 
60 
26 
33 
16 
32 
10 
12 
4 
14 
31 
15 
30 
1 
5 
42 
58 
27 
3 
91 
75 
59 
58 
10 
5 
21 
21 
21 
21 
4 
12 
3 
27 
27 
26 
26 
49 
33 
17 
16 
0 
0 
14 
30 
29 
27 
5 
31 
48 
1 
14 
49 
48 
32 
63 
94 
92 
75 
42 
5 
37 
62 
78 
63 
30 
30 
14 
1 
10 
42 
26 
81 
81 
32 
64 
96 
63 
48 
129 
145 
80 
0 
97 
74 
97 
127 
61 
43 
5 
47 
48 
48 
16 
47 
47 
0 
15 
15 
15 
0 
46 
5 
4 
19 
20 
5 
69 
37 
30 
1 
17 
1 
1 
16 
16 
0 
16 
17 
1 
2 
4 
53 
47 
15 
0 
1 
10 
42 
81 
64 
32 
16 
32 
16 
0 
15 
14 
1 
10 
19 
4 
21 
21 
36 
60 
43 
90 
65 
95 
102 
123 
88 
59 
38 
57 
43 
114 
121 
94 
83 
63 
49 
12 
42 
145 
144 
126 
108 
65 
22 
10 
6 
142 
99 
62 
34 
4 
0 
17 
3 
181 
126 
95 
96 
64 
64 
47 
13 
164 
127 
114 
69 
47 
18 
5 
15 
2 
10 
0 
28 
49 
45 
56 
59 
54 
40 
11 
9 
1 
50 
31 
51 
69 
48 
81 
177 
177 
95 
46 
14 
30 
95 
95 
78 
1 
97 
225 
49 
112 
238 
268 
65 
19 
88 
84 
137 
85 
89 
180 
64 
214 
11 
79 
99 
94 
9 
36 
63 
161 
67 
10 
161 
143 
13 
11 
15 
19 
17 
41 
10 
88 
84 
79 
89 
11 
49 
54 
91 
55 
43 
8 
68 
126 
127 
95 
94 
117 
100 
20 
11 
59 
74 
80 
45 
43 
32 
1 
19 
37 
31 
49 
50 
4 
33 
31 
28 
17 
6 
42 
15 
19 
46 
63 
64 
58 
67 
53 
47 
64 
48 
32 
48 
63 
30 
1 
26 
74 
106 
1 
79 
64 
62 
173 
91 
15 
50 
36 
53 
30 
32 
17 
42 
83 
100 
100 
21 
5 
53 
21 
74 
90 
186 
209 
22 
85 
169 
116 
78 
0 
14 
13 
27 
106 
112 
29 
101 
153 
4 
15 
18 
5 
0 
18 
21 
15 
25 
20 
1 
6 
27 
16 
18 
21 
32 
66 
68 
69 
78 
78 
69 
44 
59 
58 
33 
16 
1 
2 
11 
10 
48 
47 
45 
43 
33 
22 
27 
17 
22 
27 
16 
13 
5 
32 
3 
21 
0 
2 
5 
32 
34 
53 
16 
62 
44 
52 
78 
31 
63 
96 
113 
81 
80 
45 
27 
16 
13 
85 
57 
36 
81 
175 
42 
3 
5 
1 
0 
16 
48 
49 
69 
21 
83 
84 
124 
4 
37 
1 
63 
79 
63 
47 
14 
17 
58 
10 
85 
85 
21 
37 
20 
4 
11 
43 
43 
42 
17 
49 
0 
16 
31 
31 
46 
29 
59 
65 
47 
30 
10 
19 
52 
36 
12 
20 
52 
60 
11 
5 
14 
31 
32 
33 
30 
14 
16 
46 
76 
0 
49 
43 
91 
139 
161 
79 
45 
27 
37 
62 
62 
1 
46 
30 
14 
47 
78 
204 
122 
32 
146 
11 
65 
0 
64 
144 
48 
49 
42 
3 
11 
74 
30 
47 
143 
126 
140 
112 
92 
55 
57 
50 
44 
44 
60 
92 
100 
131 
57 
8 
75 
13 
24 
5 
12 
41 
14 
28 
38 
23 
40 
41 
9 
23 
24 
8 
39 
70 
85 
82 
88 
68 
70 
89 
123 
141 
125 
86 
38 
25 
424 
309 
242 
174 
114 
78 
105 
68 
224 
269 
248 
210 
195 
201 
174 
162 
148 
108 
91 
58 
47 
44 
33 
6 
21 
73 
84 
94 
127 
143 
142 
140 
129 
93 
97 
77 
72 
27 
152 
85 
38 
90 
61 
40 
36 
70 
88 
26 
12 
40 
22 
4 
25 
9 
4 
22 
49 
12 
54 
40 
18 
12 
11 
60 
141 
182 
157 
11 
66 
6 
40 
217 
194 
73 
7 
57 
59 
109 
7 
8 
9 
5 
12 
77 
102 
150 
93 
52 
93 
7 
103 
61 
20 
3 
45 
38 
40 
62 
51 
63 
19 
39 
58 
60 
6 
24 
38 
68 
104 
116 
110 
137 
132 
110 
97 
3 
11 
65 
127 
61 
21 
0 
60 
64 
44 
32 
60 
39 
43 
73 
37 
137 
117 
18 
1 
35 
79 
35 
85 
80 
66 
11 
97 
127 
2 
91 
32 
28 
161 
13 
167 
148 
72 
27 
64 
12 
95 
19 
33 
2 
21 
89 
20 
48 
19 
30 
49 
3 
58 
0 
33 
51 
69 
94 
126 
157 
107 
128 
140 
120 
107 
22 
62 
162 
148 
126 
80 
1 
44 
26 
1 
15 
45 
81 
172 
183 
121 
59 
77 
38 
7 
52 
88 
52 
62 
81 
83 
30 
64 
76 
113 
109 
81 
61 
40 
43 
38 
8 
11 
34 
39 
36 
41 
5 
25 
21 
16 
19 
1 
15 
76 
81 
22 
59 
8 
11 
7 
27 
39 
27 
24 
10 
44 
6 
56 
59 
9 
78 
18 
1 
2 
14 
9 
26 
6 
4 
16 
51 
69 
14 
15 
1 
3 
42 
64 
70 
90 
55 
75 
23 
101 
265 
133 
16 
110 
85 
76 
20 
100 
12 
27 
90 
202 
193 
63 
207 
428 
280 
89 
186 
188 
102 
7 
20 
82 
87 
68 
73 
78 
51 
31 
35 
112 
92 
72 
59 
22 
25 
43 
13 
87 
57 
59 
61 
22 
22 
7 
7 
104 
135 
39 
22 
114 
107 
60 
61 
38 
8 
70 
2 
35 
27 
3 
3 
13 
22 
23 
23 
21 
12 
6 
56 
73 
66 
57 
87 
39 
7 
102 
84 
28 
71 
122 
45 
104 
94 
3 
6 
78 
99 
8 
123 
71 
74 
13 
71 
58 
45 
56 
277 
102 
59 
47 
44 
17 
77 
65 
141 
73 
11 
13 
6 
71 
102 
52 
9 
94 
146 
133 
32 
150 
155 
96 
3 
46 
6 
26 
23 
27 
16 
3 
16 
2 
53 
57 
4 
0 
13 
42 
63 
108 
129 
34 
31 
19 
0 
13 
17 
9 
26 
40 
11 
16 
12 
1 
13 
5 
9 
37 
32 
35 
46 
48 
49 
35 
20 
75 
122 
145 
143 
140 
144 
172 
119 
89 
50 
3 
60 
52 
67 
67 
34 
2 
54 
22 
7 
24 
40 
8 
22 
73 
91 
28 
9 
7 
10 
3 
2 
24 
39 
29 
20 
18 
41 
62 
99 
32 
109 
174 
109 
241 
172 
54 
7 
23 
10 
12 
9 
1 
44 
22 
6 
132 
146 
127 
3 
17 
47 
76 
42 
31 
44 
17 
9 
43 
31 
60 
80 
3 
40 
69 
57 
5 
9 
11 
32 
45 
42 
15 
12 
15 
18 
21 
16 
29 
5 
16 
29 
10 
31 
44 
81 
6 
21 
54 
75 
87 
75 
41 
142 
50 
69 
128 
98 
132 
49 
63 
109 
187 
161 
31 
42 
3 
37 
46 
32 
49 
90 
90 
74 
33 
16 
26 
67 
92 
91 
161 
134 
113 
45 
71 
27 
16 
51 
62 
48 
42 
28 
11 
21 
53 
14 
16 
16 
49 
5 
93 
123 
58 
14 
16 
14 
21 
12 
11 
5 
30 
15 
0 
53 
76 
42 
17 
0 
282 
171 
75 
37 
206 
254 
333 
298 
134 
6 
36 
57 
94 
12 
47 
83 
15 
3 
1 
33 
35 
37 
31 
32 
33 
26 
26 
26 
33 
32 
31 
30 
28 
10 
15 
45 
42 
38 
43 
39 
90 
45 
8 
4 
2 
23 
4 
9 
39 
36 
50 
55 
37 
18 
15 
3 
24 
37 
57 
37 
41 
21 
7 
27 
16 
3 
55 
36 
40 
21 
2 
31 
35 
40 
36 
64 
67 
78 
96 
97 
74 
74 
65 
32 
47 
61 
75 
87 
107 
102 
104 
25 
18 
27 
44 
45 
54 
39 
23 
24 
9 
70 
117 
163 
169 
174 
177 
147 
116 
67 
85 
94 
94 
79 
62 
62 
61 
11 
26 
32 
14 
2 
11 
1 
0 
34 
20 
14 
0 
29 
59 
81 
63 
3 
46 
129 
179 
172 
155 
106 
55 
43 
22 
24 
18 
34 
2 
9 
23 
5 
28 
22 
41 
59 
19 
6 
7 
39 
55 
70 
69 
83 
105 
94 
66 
47 
50 
53 
48 
51 
53 
46 
32 
33 
26 
42 
91 
35 
4 
5 
17 
31 
14 
12 
10 
17 
0 
10 
35 
20 
21 
14 
14 
14 
64 
0 
31 
64 
96 
112 
95 
79 
77 
91 
81 
31 
12 
14 
48 
35 
53 
63 
80 
81 
58 
4 
36 
52 
85 
100 
108 
90 
96 
54 
42 
6 
11 
9 
5 
9 
10 
22 
58 
60 
55 
57 
50 
59 
60 
92 
76 
52 
67 
66 
88 
70 
20 
45 
23 
9 
4 
19 
18 
25 
24 
7 
2 
59 
125 
182 
56 
56 
72 
87 
86 
85 
83 
57 
30 
19 
40 
37 
41 
5 
13 
1 
13 
32 
28 
8 
5 
13 
7 
4 
6 
6 
11 
73 
55 
21 
2 
9 
7 
10 
12 
9 
24 
22 
4 
13 
8 
10 
28 
54 
55 
56 
41 
77 
93 
100 
82 
88 
69 
18 
23 
11 
6 
33 
60 
70 
55 
25 
25 
178 
130 
105 
87 
68 
64 
67 
68 
154 
145 
128 
95 
54 
11 
17 
6 
10 
7 
11 
9 
5 
66 
63 
51 
30 
45 
74 
39 
11 
47 
82 
36 
1 
79 
78 
44 
37 
63 
96 
49 
1 
65 
81 
81 
31 
2 
84 
79 
82 
68 
62 
48 
65 
58 
26 
26 
33 
16 
0 
26 
19 
21 
15 
17 
12 
10 
32 
46 
76 
74 
87 
107 
87 
75 
38 
49 
60 
38 
41 
43 
45 
7 
9 
11 
13 
6 
7 
25 
50 
51 
51 
50 
73 
88 
70 
36 
98 
71 
37 
3 
23 
25 
27 
22 
8 
4 
25 
62 
67 
72 
53 
41 
5 
54 
65 
45 
7 
5 
18 
56 
69 
66 
62 
66 
37 
16 
2 
37 
30 
64 
82 
68 
62 
80 
49 
3 
75 
145 
167 
187 
183 
10 
3 
18 
24 
22 
20 
18 
41 
183 
165 
162 
158 
130 
68 
62 
31 
0 
46 
14 
62 
222 
341 
131 
101 
96 
50 
37 
0 
19 
30 
66 
21 
16 
3 
1 
0 
34 
52 
62 
16 
5 
12 
11 
17 
16 
1 
189 
218 
231 
210 
163 
131 
82 
63 
108 
113 
86 
91 
97 
77 
74 
54 
42 
29 
8 
10 
13 
24 
22 
52 
34 
56 
46 
50 
0 
44 
24 
43 
23 
26 
22 
49 
28 
38 
41 
75 
61 
55 
25 
11 
28 
9 
8 
25 
2 
20 
131 
146 
73 
65 
76 
8 
117 
57 
4 
80 
92 
65 
61 
56 
100 
121 
69 
118 
187 
135 
58 
50 
119 
52 
88 
27 
15 
3 
15 
29 
49 
77 
65 
29 
0 
3 
15 
19 
15 
13 
33 
6 
10 
9 
4 
32 
19 
15 
18 
5 
0 
2 
11 
16 
14 
44 
65 
54 
59 
48 
44 
33 
29 
32 
28 
8 
11 
24 
20 
24 
10 
6 
42 
22 
33 
29 
24 
27 
6 
17 
44 
38 
41 
27 
6 
7 
4 
6 
8 
11 
22 
9 
4 
9 
14 
3 
8 
5 
41 
21 
25 
5 
6 
59 
54 
58 
76 
55 
57 
59 
51 
57 
55 
36 
9 
1 
13 
33 
61 
97 
77 
8 
10 
13 
24 
5 
2 
23 
11 
6 
1 
3 
15 
19 
15 
19 
30 
41 
4 
0 
13 
5 
7 
27 
32 
45 
49 
29 
42 
22 
26 
9 
10 
22 
10 
9 
5 
9 
10 
29 
49 
61 
65 
60 
56 
59 
77 
55 
25 
18 
27 
12 
13 
25 
41 
120 
38 
4 
9 
33 
44 
16 
19 
31 
51 
78 
65 
35 
21 
15 
13 
27 
16 
2 
5 
16 
12 
26 
16 
13 
27 
33 
48 
30 
76 
113 
135 
43 
31 
83 
63 
51 
95 
146 
43 
49 
79 
93 
74 
55 
75 
39 
27 
6 
26 
45 
24 
27 
8 
5 
41 
46 
57 
37 
32 
19 
5 
0 
13 
10 
15 
44 
49 
22 
74 
22 
11 
0 
12 
10 
15 
29 
10 
0 
12 
10 
0 
12 
16 
29 
26 
7 
11 
16 
12 
32 
28 
32 
28 
7 
27 
8 
5 
9 
5 
9 
5 
8 
11 
0 
12 
32 
29 
33 
29 
26 
6 
26 
6 
33 
45 
17 
12 
23 
26 
29 
17 
12 
24 
5 
13 
0 
12 
8 
11 
9 
5 
13 
17 
29 
17 
29 
1 
13 
1 
2 
1 
13 
17 
13 
17 
22 
10 
7 
27 
16 
13 
17 
9 
5 
0 
3 
15 
2 
14 
41 
52 
47 
50 
20 
14 
31 
33 
26 
11 
20 
36 
52 
108 
75 
59 
59 
42 
42 
33 
16 
16 
26 
3 
11 
1 
31 
1 
2 
4 
5 
30 
32 
33 
17 
5 
5 
5 
4 
20 
36 
52 
44 
59 
43 
26 
17 
0 
0 
17 
10 
3 
27 
42 
64 
70 
91 
87 
91 
71 
74 
76 
39 
41 
27 
13 
6 
6 
20 
2 
39 
37 
18 
14 
19 
23 
4 
8 
11 
24 
21 
24 
4 
0 
18 
5 
0 
18 
4 
1 
0 
5 
12 
10 
16 
0 
5 
12 
4 
1 
0 
0 
21 
28 
27 
33 
15 
21 
28 
26 
32 
14 
28 
10 
16 
1 
3 
5 
14 
32 
49 
33 
26 
10 
10 
5 
5 
5 
5 
5 
1 
14 
14 
14 
14 
14 
14 
30 
30 
37 
28 
43 
26 
17 
16 
0 
17 
10 
5 
20 
28 
27 
26 
48 
47 
29 
27 
33 
47 
45 
26 
16 
2 
11 
17 
1 
19 
21 
0 
1 
2 
27 
33 
15 
28 
26 
31 
61 
65 
38 
42 
22 
33 
29 
8 
10 
29 
40 
58 
60 
70 
7 
8 
34 
35 
59 
60 
60 
60 
52 
35 
34 
41 
56 
38 
37 
19 
25 
39 
21 
3 
8 
1 
3 
9 
6 
11 
9 
14 
19 
40 
21 
13 
7 
36 
25 
22 
4 
6 
7 
10 
13 
8 
6 
4 
18 
23 
37 
34 
39 
20 
25 
21 
18 
30 
45 
24 
27 
6 
9 
11 
29 
23 
7 
9 
2 
11 
12 
3 
13 
2 
25 
41 
40 
39 
38 
45 
36 
19 
29 
7 
23 
21 
19 
25 
39 
20 
9 
30 
35 
56 
36 
40 
36 
48 
19 
0 
12 
16 
12 
8 
11 
22 
8 
27 
29 
23 
40 
2 
11 
12 
29 
22 
22 
7 
7 
39 
23 
7 
