32 
31 
1 
5 
10 
3 
27 
26 
5 
14 
1 
17 
17 
0 
0 
17 
10 
5 
4 
11 
27 
27 
10 
17 
0 
0 
65 
65 
49 
32 
16 
31 
15 
16 
65 
64 
16 
0 
33 
65 
65 
97 
64 
47 
30 
3 
11 
5 
1 
1 
31 
15 
0 
0 
14 
14 
1 
78 
62 
44 
43 
49 
31 
29 
10 
32 
66 
85 
79 
113 
106 
75 
59 
27 
28 
43 
42 
16 
15 
1 
10 
19 
4 
21 
21 
17 
14 
47 
31 
30 
30 
30 
37 
21 
21 
10 
10 
26 
33 
33 
16 
0 
17 
10 
12 
11 
5 
0 
16 
33 
10 
19 
36 
21 
1 
0 
16 
10 
19 
4 
5 
30 
0 
15 
14 
2 
20 
21 
15 
16 
33 
27 
19 
20 
21 
30 
31 
16 
0 
17 
26 
43 
3 
27 
58 
81 
79 
77 
17 
50 
69 
79 
112 
80 
32 
31 
14 
1 
17 
26 
10 
5 
46 
46 
47 
47 
63 
31 
0 
15 
14 
14 
14 
5 
21 
37 
12 
11 
10 
17 
16 
17 
42 
51 
20 
21 
14 
0 
0 
1 
3 
20 
53 
53 
53 
21 
21 
20 
20 
20 
4 
20 
12 
11 
4 
4 
26 
10 
10 
10 
10 
10 
26 
5 
5 
20 
12 
43 
58 
33 
16 
66 
36 
21 
15 
16 
17 
34 
20 
5 
10 
1 
0 
32 
49 
65 
74 
75 
35 
27 
58 
63 
61 
90 
128 
79 
42 
139 
155 
187 
171 
138 
80 
31 
49 
129 
129 
32 
31 
16 
16 
31 
31 
31 
1 
14 
30 
15 
16 
0 
14 
14 
37 
28 
11 
5 
0 
0 
1 
18 
4 
5 
15 
49 
50 
20 
21 
14 
15 
17 
10 
35 
20 
21 
5 
1 
15 
0 
14 
5 
3 
21 
30 
31 
16 
16 
33 
33 
26 
26 
27 
43 
11 
11 
12 
11 
11 
4 
5 
5 
17 
17 
48 
31 
1 
28 
21 
47 
33 
12 
17 
16 
19 
52 
101 
101 
85 
76 
74 
49 
32 
81 
19 
43 
42 
49 
32 
0 
1 
1 
5 
26 
58 
75 
43 
75 
106 
26 
110 
127 
112 
80 
64 
31 
0 
0 
16 
16 
31 
31 
31 
14 
17 
10 
26 
27 
3 
11 
10 
5 
14 
30 
14 
0 
15 
0 
0 
33 
58 
58 
58 
10 
26 
5 
37 
100 
156 
122 
0 
51 
69 
64 
74 
67 
53 
30 
14 
15 
31 
48 
80 
48 
47 
47 
46 
45 
59 
42 
32 
29 
42 
47 
44 
32 
44 
7 
43 
22 
1 
35 
40 
36 
56 
20 
15 
2 
5 
16 
14 
12 
10 
64 
93 
81 
29 
33 
12 
23 
43 
22 
5 
9 
5 
41 
20 
0 
2 
21 
15 
17 
35 
30 
48 
34 
11 
33 
47 
16 
17 
3 
11 
33 
47 
13 
75 
97 
94 
140 
97 
54 
43 
0 
18 
5 
16 
67 
53 
31 
49 
99 
37 
1 
63 
45 
27 
49 
30 
44 
10 
0 
33 
10 
27 
19 
5 
1 
0 
14 
60 
42 
48 
38 
59 
49 
38 
43 
32 
29 
10 
9 
4 
14 
33 
3 
1 
0 
12 
17 
22 
43 
48 
45 
26 
6 
27 
7 
11 
0 
12 
16 
44 
32 
28 
16 
12 
0 
3 
1 
18 
21 
24 
11 
16 
44 
49 
29 
33 
9 
21 
31 
50 
52 
46 
32 
3 
26 
31 
13 
42 
80 
61 
74 
79 
44 
17 
25 
4 
14 
49 
51 
69 
62 
47 
32 
21 
12 
59 
65 
48 
30 
44 
10 
33 
15 
18 
4 
53 
47 
48 
49 
5 
37 
60 
75 
42 
49 
16 
33 
42 
42 
26 
10 
10 
26 
17 
1 
31 
63 
78 
77 
75 
65 
47 
44 
26 
16 
46 
44 
1 
32 
35 
37 
47 
48 
33 
10 
3 
11 
11 
10 
10 
33 
32 
16 
16 
33 
17 
17 
1 
30 
31 
31 
31 
15 
1 
1 
14 
30 
30 
1 
5 
21 
44 
43 
33 
16 
31 
21 
10 
51 
20 
4 
10 
5 
5 
5 
5 
10 
5 
21 
21 
12 
11 
17 
0 
26 
51 
52 
37 
5 
10 
14 
62 
62 
30 
1 
1 
1 
16 
16 
16 
15 
16 
16 
17 
1 
10 
42 
43 
43 
27 
11 
19 
11 
27 
58 
33 
16 
30 
21 
19 
68 
53 
53 
46 
30 
14 
1 
16 
31 
29 
43 
1 
0 
1 
28 
43 
1 
32 
66 
84 
85 
94 
46 
14 
17 
32 
47 
46 
60 
10 
15 
18 
20 
14 
31 
49 
74 
67 
52 
52 
60 
59 
26 
33 
32 
31 
0 
49 
42 
81 
96 
102 
106 
70 
17 
18 
62 
80 
74 
75 
107 
90 
65 
64 
47 
46 
30 
1 
1 
0 
0 
30 
53 
60 
74 
65 
47 
29 
11 
31 
50 
36 
53 
46 
16 
1 
12 
16 
13 
1 
0 
10 
67 
52 
52 
85 
62 
63 
47 
32 
1 
14 
5 
10 
10 
26 
33 
33 
1 
14 
14 
16 
15 
0 
0 
0 
1 
37 
28 
27 
17 
15 
33 
19 
5 
15 
16 
17 
21 
12 
36 
69 
46 
47 
47 
63 
63 
46 
1 
33 
32 
47 
61 
59 
49 
31 
19 
37 
31 
17 
18 
20 
21 
30 
47 
32 
32 
33 
26 
10 
43 
67 
36 
36 
20 
4 
11 
43 
59 
5 
17 
48 
54 
59 
71 
43 
39 
27 
24 
11 
16 
35 
95 
154 
131 
132 
100 
36 
20 
20 
52 
4 
4 
4 
4 
4 
4 
3 
27 
11 
26 
26 
17 
0 
16 
14 
21 
11 
75 
59 
81 
48 
30 
28 
11 
17 
15 
17 
51 
101 
111 
111 
111 
62 
37 
12 
11 
10 
5 
1 
17 
0 
47 
62 
46 
44 
27 
1 
0 
32 
1 
10 
43 
51 
60 
43 
59 
10 
5 
5 
10 
58 
59 
4 
19 
27 
11 
4 
11 
11 
43 
58 
48 
77 
42 
6 
11 
0 
2 
37 
79 
81 
115 
108 
107 
75 
42 
49 
32 
0 
1 
1 
26 
58 
65 
65 
63 
61 
42 
0 
19 
21 
31 
33 
42 
43 
35 
36 
21 
17 
31 
13 
10 
0 
18 
52 
53 
46 
30 
37 
37 
21 
5 
1 
15 
1 
3 
10 
0 
32 
65 
49 
1 
0 
15 
16 
15 
31 
31 
32 
32 
17 
2 
43 
42 
32 
14 
19 
4 
17 
15 
29 
10 
15 
12 
30 
48 
34 
20 
14 
48 
26 
3 
4 
30 
47 
48 
65 
58 
42 
81 
65 
64 
0 
33 
16 
0 
14 
5 
11 
27 
11 
5 
17 
17 
16 
16 
0 
30 
85 
92 
26 
0 
2 
27 
14 
33 
35 
37 
62 
79 
79 
79 
79 
62 
37 
37 
12 
27 
11 
10 
1 
30 
31 
31 
47 
46 
45 
59 
49 
0 
17 
28 
42 
15 
35 
37 
31 
50 
36 
31 
33 
35 
52 
46 
62 
78 
62 
37 
28 
27 
10 
10 
21 
44 
43 
42 
33 
15 
15 
1 
2 
4 
5 
16 
14 
28 
1 
16 
19 
37 
46 
48 
33 
35 
36 
37 
62 
63 
63 
46 
69 
60 
74 
48 
6 
11 
17 
0 
17 
18 
20 
21 
14 
0 
33 
33 
26 
26 
26 
1 
17 
0 
0 
1 
18 
20 
21 
14 
15 
32 
32 
17 
5 
10 
27 
43 
11 
28 
43 
42 
65 
38 
43 
23 
21 
64 
90 
155 
91 
67 
68 
36 
5 
1 
0 
47 
46 
37 
3 
4 
20 
36 
37 
21 
20 
28 
43 
43 
26 
49 
16 
0 
1 
10 
10 
12 
11 
10 
33 
16 
0 
0 
16 
0 
0 
0 
0 
1 
1 
5 
5 
28 
26 
48 
61 
58 
54 
65 
77 
39 
10 
13 
8 
4 
2 
23 
26 
13 
8 
9 
11 
13 
8 
6 
2 
11 
2 
41 
72 
70 
45 
20 
19 
34 
73 
71 
53 
2 
7 
41 
27 
44 
54 
24 
5 
35 
56 
85 
89 
94 
67 
47 
19 
16 
3 
7 
11 
39 
42 
28 
8 
1 
19 
24 
68 
80 
83 
94 
48 
51 
21 
0 
28 
49 
9 
5 
8 
27 
39 
26 
22 
1 
13 
8 
11 
9 
1 
3 
40 
36 
24 
37 
41 
1 
2 
15 
19 
40 
20 
41 
37 
13 
24 
27 
13 
8 
21 
18 
46 
89 
52 
62 
48 
50 
20 
14 
33 
19 
33 
6 
27 
0 
2 
10 
57 
52 
30 
17 
3 
14 
33 
19 
14 
16 
3 
10 
16 
2 
4 
14 
17 
19 
17 
15 
12 
17 
13 
58 
77 
39 
57 
50 
27 
2 
71 
68 
79 
98 
149 
142 
144 
129 
81 
58 
43 
43 
27 
3 
27 
27 
42 
42 
49 
80 
78 
76 
49 
22 
42 
7 
27 
6 
33 
3 
47 
83 
117 
95 
80 
81 
65 
50 
20 
10 
0 
6 
43 
47 
60 
17 
49 
51 
53 
46 
31 
15 
1 
2 
11 
14 
16 
18 
4 
1 
31 
49 
26 
3 
4 
14 
16 
30 
44 
26 
0 
25 
20 
30 
15 
32 
49 
65 
65 
42 
42 
35 
4 
42 
64 
38 
43 
16 
25 
4 
17 
0 
3 
21 
15 
65 
99 
100 
69 
37 
21 
21 
5 
1 
33 
32 
30 
44 
26 
32 
2 
4 
14 
33 
34 
20 
30 
31 
48 
33 
49 
49 
33 
17 
1 
26 
18 
27 
26 
32 
2 
11 
10 
16 
46 
44 
26 
8 
4 
31 
65 
51 
37 
46 
47 
63 
48 
17 
35 
52 
84 
60 
59 
33 
15 
30 
53 
44 
4 
37 
69 
85 
76 
75 
49 
16 
17 
10 
3 
10 
17 
0 
19 
37 
47 
49 
19 
21 
14 
31 
48 
49 
42 
35 
20 
36 
20 
11 
35 
12 
4 
4 
27 
26 
48 
15 
18 
36 
37 
14 
31 
32 
16 
16 
16 
49 
33 
33 
10 
4 
28 
42 
17 
0 
16 
26 
19 
11 
26 
48 
77 
65 
6 
5 
32 
67 
69 
78 
79 
64 
49 
26 
28 
65 
86 
65 
28 
31 
81 
106 
123 
145 
159 
172 
145 
125 
65 
13 
37 
80 
90 
107 
123 
122 
113 
86 
91 
80 
29 
5 
47 
80 
97 
90 
106 
106 
90 
49 
1 
21 
12 
27 
17 
16 
14 
2 
4 
21 
14 
30 
47 
32 
17 
21 
12 
11 
33 
48 
38 
27 
1 
25 
36 
14 
0 
3 
37 
16 
3 
17 
32 
83 
116 
132 
124 
122 
81 
47 
30 
21 
35 
52 
52 
60 
123 
74 
32 
15 
21 
12 
4 
20 
37 
46 
47 
80 
64 
33 
17 
10 
19 
36 
52 
52 
44 
27 
4 
20 
52 
76 
43 
33 
32 
30 
44 
33 
6 
4 
0 
18 
52 
47 
64 
65 
74 
74 
81 
65 
48 
32 
15 
0 
0 
15 
46 
37 
28 
5 
17 
15 
30 
44 
26 
0 
19 
30 
48 
65 
65 
49 
33 
48 
48 
32 
17 
26 
19 
4 
5 
5 
5 
26 
42 
48 
15 
10 
51 
60 
91 
90 
97 
86 
91 
48 
29 
10 
22 
4 
30 
48 
17 
26 
58 
74 
90 
65 
16 
16 
17 
10 
19 
20 
21 
14 
0 
0 
0 
33 
19 
11 
1 
16 
10 
19 
20 
37 
37 
14 
17 
31 
13 
11 
0 
17 
35 
37 
62 
62 
62 
69 
44 
43 
26 
33 
33 
16 
16 
0 
32 
81 
64 
63 
45 
43 
26 
0 
2 
11 
17 
9 
36 
78 
79 
96 
96 
111 
109 
107 
113 
38 
27 
14 
32 
65 
90 
107 
90 
74 
48 
47 
1 
3 
21 
31 
48 
65 
49 
10 
3 
11 
21 
0 
0 
2 
27 
5 
30 
62 
62 
53 
84 
60 
59 
27 
3 
4 
11 
59 
58 
26 
26 
26 
33 
15 
48 
48 
64 
79 
77 
59 
49 
0 
16 
32 
48 
31 
30 
37 
12 
11 
4 
21 
14 
0 
1 
13 
26 
16 
25 
20 
46 
63 
64 
64 
63 
46 
37 
20 
28 
27 
43 
42 
17 
14 
14 
1 
30 
69 
76 
74 
81 
54 
43 
16 
18 
84 
110 
126 
142 
117 
124 
113 
79 
44 
10 
31 
64 
112 
128 
126 
108 
65 
0 
35 
36 
53 
62 
62 
31 
15 
16 
34 
36 
5 
17 
16 
16 
32 
65 
42 
42 
42 
27 
3 
11 
11 
42 
65 
54 
75 
32 
18 
36 
46 
79 
96 
127 
127 
109 
91 
96 
61 
26 
15 
42 
35 
52 
69 
37 
53 
69 
36 
11 
27 
27 
43 
43 
26 
5 
21 
5 
35 
4 
5 
1 
0 
15 
1 
3 
11 
1 
6 
27 
16 
29 
5 
15 
49 
74 
107 
90 
90 
81 
48 
0 
17 
0 
0 
15 
16 
32 
32 
15 
15 
37 
60 
58 
64 
54 
27 
17 
9 
11 
17 
9 
27 
16 
17 
67 
53 
31 
16 
18 
11 
10 
32 
62 
76 
81 
86 
91 
71 
59 
38 
10 
13 
17 
28 
7 
20 
41 
53 
64 
67 
69 
15 
14 
28 
17 
6 
11 
0 
18 
11 
10 
47 
61 
42 
6 
21 
0 
28 
26 
0 
17 
19 
5 
0 
17 
3 
21 
1 
15 
16 
1 
37 
60 
74 
80 
93 
81 
38 
42 
9 
69 
79 
81 
49 
49 
17 
29 
43 
32 
29 
42 
71 
91 
80 
28 
5 
16 
50 
52 
30 
15 
1 
2 
11 
10 
0 
1 
19 
11 
14 
15 
0 
15 
0 
17 
1 
5 
12 
27 
11 
5 
10 
33 
48 
62 
60 
58 
48 
31 
21 
12 
5 
46 
79 
79 
46 
21 
10 
10 
5 
12 
11 
37 
53 
85 
77 
107 
81 
54 
59 
48 
13 
5 
0 
17 
35 
36 
46 
63 
63 
79 
30 
21 
11 
4 
43 
59 
74 
81 
79 
109 
91 
48 
17 
67 
68 
52 
20 
20 
11 
4 
10 
5 
17 
1 
5 
10 
26 
27 
27 
43 
74 
48 
14 
5 
21 
44 
42 
17 
16 
49 
26 
3 
43 
58 
49 
15 
17 
42 
74 
65 
15 
33 
26 
10 
21 
46 
14 
17 
33 
42 
58 
51 
11 
27 
10 
14 
31 
65 
58 
26 
33 
48 
38 
91 
80 
86 
91 
64 
6 
20 
62 
80 
97 
90 
58 
65 
49 
32 
31 
14 
26 
35 
20 
21 
15 
0 
18 
11 
5 
16 
32 
42 
35 
21 
0 
17 
26 
35 
36 
36 
37 
69 
62 
46 
37 
37 
3 
20 
44 
59 
26 
17 
0 
32 
32 
47 
30 
5 
5 
5 
44 
75 
58 
48 
14 
28 
42 
33 
0 
48 
32 
47 
63 
78 
53 
12 
4 
21 
30 
46 
31 
31 
63 
63 
46 
21 
12 
11 
4 
21 
36 
28 
11 
17 
16 
15 
15 
21 
12 
5 
31 
65 
58 
43 
19 
4 
4 
4 
21 
30 
47 
48 
32 
0 
0 
32 
47 
46 
29 
27 
10 
17 
0 
16 
17 
17 
10 
10 
33 
64 
31 
13 
27 
33 
1 
28 
42 
15 
2 
36 
94 
142 
142 
124 
139 
129 
79 
44 
5 
31 
49 
58 
74 
91 
75 
26 
5 
5 
21 
5 
5 
5 
10 
49 
32 
17 
19 
21 
15 
0 
10 
19 
20 
21 
30 
30 
31 
47 
31 
16 
31 
14 
12 
10 
16 
33 
42 
19 
20 
36 
52 
52 
60 
59 
26 
49 
31 
30 
5 
11 
43 
59 
42 
33 
47 
46 
44 
42 
32 
1 
12 
1 
9 
20 
63 
65 
74 
91 
75 
58 
42 
49 
48 
32 
16 
1 
1 
14 
46 
77 
91 
48 
13 
4 
15 
48 
26 
19 
37 
31 
32 
26 
19 
10 
32 
22 
43 
16 
29 
26 
22 
26 
22 
33 
29 
24 
27 
6 
7 
4 
13 
7 
25 
18 
27 
12 
2 
25 
24 
7 
38 
36 
3 
2 
2 
41 
56 
54 
52 
41 
62 
51 
87 
68 
24 
27 
22 
65 
44 
23 
6 
11 
45 
7 
40 
9 
13 
36 
66 
88 
85 
35 
7 
41 
66 
11 
3 
25 
39 
21 
19 
41 
46 
51 
72 
85 
66 
47 
19 
14 
49 
35 
21 
15 
1 
3 
1 
8 
11 
16 
3 
16 
60 
55 
58 
44 
7 
1 
3 
9 
1 
19 
56 
21 
13 
7 
7 
5 
19 
73 
62 
66 
78 
89 
52 
79 
89 
36 
14 
15 
12 
10 
16 
19 
14 
14 
12 
17 
30 
44 
32 
2 
21 
41 
21 
25 
21 
24 
4 
0 
2 
5 
41 
20 
16 
3 
14 
25 
11 
7 
27 
22 
17 
2 
47 
67 
69 
79 
65 
66 
52 
37 
31 
1 
12 
4 
14 
0 
14 
3 
20 
1 
15 
2 
4 
14 
16 
18 
4 
1 
16 
34 
4 
17 
54 
58 
61 
24 
11 
9 
21 
25 
21 
16 
19 
46 
105 
69 
48 
66 
52 
62 
47 
48 
49 
81 
49 
26 
10 
10 
4 
28 
43 
58 
48 
6 
11 
17 
31 
28 
26 
15 
28 
0 
19 
46 
89 
68 
69 
47 
32 
17 
51 
36 
5 
1 
16 
34 
20 
53 
30 
0 
13 
27 
33 
48 
14 
12 
5 
0 
17 
3 
5 
1 
16 
34 
37 
31 
49 
42 
51 
52 
36 
36 
20 
4 
4 
4 
10 
1 
0 
1 
10 
10 
11 
27 
35 
20 
20 
36 
36 
36 
4 
11 
43 
27 
5 
17 
32 
46 
28 
42 
16 
2 
11 
15 
18 
36 
46 
32 
26 
51 
85 
78 
62 
46 
31 
16 
32 
31 
21 
28 
43 
49 
31 
28 
17 
16 
19 
14 
32 
51 
53 
48 
26 
35 
37 
30 
14 
15 
31 
31 
15 
15 
30 
14 
5 
26 
17 
15 
33 
26 
19 
21 
17 
16 
31 
14 
5 
12 
11 
14 
15 
1 
28 
10 
15 
2 
4 
1 
32 
34 
11 
1 
16 
34 
20 
30 
15 
1 
28 
5 
46 
80 
80 
81 
65 
16 
14 
14 
10 
12 
10 
32 
30 
12 
26 
48 
29 
26 
31 
28 
0 
49 
35 
69 
62 
79 
79 
79 
95 
94 
53 
3 
36 
20 
12 
4 
5 
5 
1 
1 
17 
17 
33 
49 
63 
61 
58 
39 
27 
0 
2 
37 
48 
114 
116 
117 
53 
1 
17 
32 
30 
12 
4 
53 
69 
53 
37 
21 
53 
53 
37 
21 
12 
11 
21 
46 
30 
14 
37 
21 
28 
26 
17 
0 
49 
65 
58 
58 
58 
26 
21 
44 
43 
33 
31 
13 
11 
14 
48 
65 
58 
51 
20 
53 
46 
15 
0 
14 
21 
5 
11 
3 
4 
20 
5 
17 
0 
2 
11 
1 
16 
26 
19 
20 
37 
14 
30 
62 
94 
78 
46 
21 
10 
42 
42 
42 
49 
47 
21 
44 
49 
30 
3 
21 
63 
95 
111 
78 
77 
91 
81 
46 
12 
4 
69 
133 
124 
58 
16 
30 
60 
65 
29 
30 
81 
99 
92 
139 
138 
145 
110 
44 
21 
31 
16 
33 
42 
43 
75 
75 
58 
49 
15 
33 
35 
20 
21 
15 
64 
64 
49 
49 
65 
81 
48 
0 
33 
42 
26 
10 
27 
27 
11 
11 
10 
1 
32 
46 
28 
17 
1 
13 
27 
17 
9 
5 
48 
67 
117 
126 
126 
117 
108 
106 
96 
45 
10 
31 
66 
52 
53 
78 
79 
46 
37 
44 
59 
65 
16 
17 
51 
36 
30 
47 
32 
33 
26 
19 
52 
85 
94 
62 
1 
32 
32 
64 
79 
45 
43 
17 
16 
17 
44 
42 
31 
12 
47 
66 
100 
94 
78 
62 
53 
60 
75 
75 
42 
17 
47 
63 
93 
107 
64 
2 
36 
53 
30 
1 
14 
53 
92 
122 
113 
79 
1 
81 
144 
118 
75 
33 
0 
17 
33 
97 
143 
158 
172 
193 
150 
106 
29 
62 
146 
148 
149 
110 
101 
124 
138 
127 
124 
80 
12 
111 
162 
181 
126 
31 
16 
34 
36 
62 
63 
48 
32 
15 
14 
45 
59 
74 
96 
78 
28 
85 
94 
94 
109 
123 
113 
70 
43 
33 
33 
99 
132 
132 
172 
122 
65 
16 
16 
80 
118 
107 
39 
21 
64 
49 
17 
31 
31 
14 
45 
20 
78 
112 
128 
95 
108 
129 
141 
160 
172 
135 
58 
25 
101 
127 
145 
154 
138 
145 
160 
182 
187 
160 
44 
14 
50 
62 
50 
63 
83 
142 
160 
160 
160 
150 
139 
96 
2 
36 
36 
20 
4 
4 
28 
75 
107 
58 
10 
1 
1 
17 
15 
15 
0 
31 
29 
42 
71 
74 
45 
7 
36 
30 
16 
34 
52 
95 
161 
139 
91 
75 
74 
80 
45 
27 
48 
1 
10 
42 
42 
5 
10 
35 
20 
20 
20 
5 
10 
16 
15 
77 
107 
97 
63 
5 
4 
27 
75 
75 
59 
27 
10 
11 
12 
11 
5 
5 
17 
32 
0 
16 
14 
13 
43 
33 
15 
3 
30 
48 
42 
35 
4 
49 
71 
75 
7 
20 
94 
143 
127 
110 
76 
59 
81 
32 
15 
31 
37 
28 
74 
49 
0 
15 
15 
47 
0 
1 
14 
30 
30 
47 
80 
49 
1 
30 
21 
53 
60 
26 
0 
17 
42 
97 
96 
54 
75 
112 
125 
97 
54 
58 
0 
35 
78 
63 
32 
33 
81 
112 
111 
125 
138 
118 
121 
75 
2 
88 
100 
15 
28 
56 
100 
143 
256 
271 
253 
193 
140 
86 
26 
73 
68 
46 
65 
67 
149 
206 
173 
107 
65 
32 
113 
81 
64 
63 
125 
170 
192 
172 
65 
41 
84 
78 
81 
90 
59 
75 
113 
95 
108 
49 
1 
51 
68 
84 
84 
100 
84 
37 
5 
21 
5 
42 
65 
63 
28 
33 
1 
51 
52 
37 
53 
37 
33 
159 
165 
3 
53 
101 
133 
172 
187 
177 
142 
76 
48 
13 
4 
63 
113 
106 
58 
129 
111 
45 
20 
12 
11 
27 
74 
81 
79 
61 
90 
79 
45 
58 
54 
59 
31 
60 
33 
81 
138 
122 
113 
96 
47 
45 
75 
42 
0 
31 
48 
32 
112 
128 
64 
30 
124 
144 
28 
79 
138 
129 
127 
156 
161 
124 
112 
108 
48 
28 
30 
192 
234 
91 
20 
42 
106 
113 
111 
140 
135 
106 
77 
33 
99 
191 
194 
220 
251 
256 
220 
136 
123 
31 
35 
14 
16 
99 
95 
98 
148 
85 
62 
158 
188 
151 
72 
26 
208 
288 
317 
263 
232 
249 
201 
104 
56 
41 
5 
67 
185 
197 
129 
131 
149 
174 
229 
236 
97 
9 
20 
31 
90 
99 
53 
21 
14 
15 
63 
111 
127 
78 
78 
10 
26 
5 
37 
37 
20 
11 
58 
81 
47 
77 
123 
65 
1 
42 
11 
91 
42 
81 
143 
111 
78 
117 
140 
42 
0 
17 
51 
84 
11 
74 
80 
2 
97 
108 
54 
1 
19 
63 
49 
49 
48 
127 
158 
108 
59 
10 
65 
32 
64 
81 
34 
4 
48 
13 
85 
96 
81 
64 
111 
125 
139 
176 
173 
113 
54 
75 
111 
257 
163 
116 
140 
138 
135 
123 
86 
26 
49 
51 
85 
94 
143 
175 
191 
198 
75 
14 
0 
1 
5 
12 
5 
30 
15 
30 
37 
10 
75 
59 
27 
42 
65 
80 
78 
60 
17 
64 
67 
100 
117 
46 
16 
30 
44 
1 
49 
42 
59 
59 
44 
59 
160 
14 
170 
203 
177 
63 
28 
42 
96 
110 
76 
5 
46 
95 
159 
112 
64 
81 
30 
78 
64 
79 
109 
122 
77 
15 
131 
110 
111 
64 
16 
0 
17 
50 
84 
30 
79 
109 
113 
77 
56 
107 
77 
57 
88 
37 
18 
10 
48 
115 
101 
79 
113 
98 
52 
53 
46 
63 
31 
95 
102 
59 
55 
58 
134 
81 
2 
49 
28 
31 
51 
79 
50 
85 
25 
10 
3 
56 
116 
144 
170 
123 
75 
58 
80 
31 
58 
122 
90 
81 
95 
108 
80 
12 
72 
37 
73 
85 
0 
13 
36 
62 
15 
53 
3 
85 
62 
31 
109 
58 
134 
57 
68 
153 
94 
97 
83 
117 
117 
101 
60 
11 
11 
5 
30 
94 
221 
81 
77 
72 
26 
2 
10 
96 
161 
160 
144 
159 
158 
141 
107 
48 
25 
20 
62 
95 
48 
96 
111 
141 
138 
79 
108 
64 
12 
47 
35 
62 
128 
146 
100 
85 
94 
78 
47 
16 
32 
48 
15 
14 
13 
20 
21 
65 
31 
65 
2 
11 
33 
80 
102 
59 
103 
129 
3 
137 
159 
98 
85 
79 
32 
17 
21 
85 
2 
164 
158 
95 
128 
97 
21 
101 
188 
267 
129 
41 
11 
0 
83 
94 
129 
139 
91 
59 
14 
0 
95 
78 
62 
31 
79 
252 
342 
293 
211 
105 
23 
149 
273 
330 
352 
412 
397 
294 
198 
54 
104 
190 
242 
389 
309 
76 
81 
24 
52 
32 
86 
74 
7 
59 
23 
20 
48 
51 
101 
159 
175 
143 
127 
79 
15 
0 
47 
15 
1 
14 
46 
133 
421 
108 
95 
34 
78 
66 
21 
73 
100 
79 
25 
4 
1 
6 
59 
48 
34 
46 
25 
26 
48 
98 
68 
20 
60 
36 
21 
58 
123 
123 
155 
75 
26 
1 
79 
127 
222 
141 
138 
24 
68 
111 
122 
139 
139 
90 
48 
14 
35 
52 
101 
3 
20 
49 
141 
135 
121 
42 
19 
63 
42 
107 
139 
193 
199 
219 
167 
155 
55 
20 
47 
145 
138 
145 
127 
77 
43 
16 
79 
33 
49 
15 
64 
81 
33 
81 
42 
42 
43 
51 
68 
69 
85 
14 
129 
65 
30 
17 
17 
26 
122 
91 
91 
10 
79 
65 
51 
69 
16 
13 
36 
127 
128 
96 
95 
30 
122 
186 
81 
32 
26 
3 
52 
68 
35 
51 
4 
26 
65 
32 
122 
27 
11 
43 
42 
17 
79 
109 
59 
65 
63 
10 
59 
91 
129 
111 
108 
113 
86 
42 
48 
122 
154 
145 
159 
156 
113 
78 
44 
17 
15 
16 
49 
49 
49 
65 
32 
15 
0 
33 
17 
1 
53 
21 
12 
43 
75 
58 
33 
0 
63 
109 
155 
14 
257 
483 
364 
21 
105 
149 
169 
149 
176 
170 
155 
90 
30 
176 
129 
42 
19 
11 
21 
10 
107 
83 
20 
21 
30 
0 
32 
79 
95 
14 
2 
59 
49 
54 
43 
7 
4 
63 
97 
154 
170 
161 
127 
62 
21 
3 
4 
37 
30 
63 
79 
79 
62 
44 
17 
15 
17 
17 
65 
112 
64 
46 
78 
85 
28 
28 
59 
10 
30 
17 
96 
80 
32 
47 
1 
58 
19 
37 
47 
33 
10 
20 
28 
36 
36 
85 
181 
133 
44 
212 
341 
50 
164 
149 
100 
51 
100 
108 
20 
85 
46 
64 
0 
16 
32 
112 
95 
78 
92 
27 
21 
30 
31 
47 
14 
33 
33 
33 
17 
17 
33 
26 
5 
21 
5 
37 
92 
90 
0 
14 
37 
12 
20 
53 
53 
33 
81 
81 
47 
80 
31 
63 
63 
79 
46 
33 
81 
64 
63 
46 
1 
97 
128 
109 
123 
63 
28 
1 
32 
58 
91 
35 
59 
11 
21 
21 
33 
65 
16 
16 
21 
28 
43 
5 
14 
31 
31 
15 
1 
14 
21 
58 
10 
69 
122 
145 
64 
224 
442 
97 
217 
229 
143 
82 
4 
30 
79 
32 
47 
62 
85 
4 
44 
20 
53 
69 
46 
85 
85 
92 
58 
42 
33 
16 
32 
96 
32 
16 
17 
1 
37 
60 
59 
33 
31 
17 
26 
26 
11 
11 
11 
11 
11 
5 
5 
5 
5 
21 
14 
1 
1 
16 
0 
16 
33 
81 
112 
96 
94 
13 
132 
53 
1 
1 
15 
16 
15 
78 
117 
69 
5 
10 
33 
48 
63 
62 
46 
29 
27 
10 
1 
16 
17 
42 
51 
52 
52 
53 
46 
31 
0 
79 
30 
34 
132 
116 
115 
164 
133 
101 
5 
106 
131 
60 
27 
43 
21 
78 
79 
63 
31 
96 
31 
0 
17 
58 
74 
74 
74 
97 
64 
46 
60 
42 
15 
3 
14 
0 
2 
11 
33 
15 
3 
37 
47 
18 
20 
31 
17 
44 
58 
112 
77 
26 
16 
18 
11 
16 
16 
5 
13 
11 
26 
32 
13 
11 
0 
1 
19 
30 
47 
48 
49 
49 
17 
1 
53 
53 
44 
43 
74 
112 
70 
59 
33 
25 
27 
32 
2 
21 
63 
33 
2 
20 
5 
17 
16 
1 
10 
35 
4 
42 
42 
32 
31 
1 
18 
36 
78 
175 
96 
95 
96 
96 
96 
79 
78 
92 
58 
16 
25 
4 
14 
32 
2 
11 
17 
32 
30 
29 
59 
33 
30 
44 
33 
9 
5 
120 
52 
15 
2 
65 
54 
74 
55 
107 
95 
44 
0 
35 
78 
105 
68 
78 
47 
48 
16 
1 
30 
5 
3 
11 
43 
113 
157 
153 
139 
93 
40 
43 
6 
5 
16 
51 
78 
112 
122 
83 
20 
10 
1 
32 
30 
28 
5 
16 
63 
29 
43 
65 
6 
11 
1 
30 
44 
26 
49 
47 
2 
20 
46 
80 
131 
132 
85 
37 
21 
3 
68 
84 
60 
123 
122 
128 
94 
53 
12 
4 
10 
17 
16 
90 
67 
10 
15 
64 
58 
51 
11 
43 
42 
26 
65 
65 
80 
63 
30 
44 
26 
16 
2 
11 
32 
29 
42 
31 
28 
0 
50 
68 
94 
15 
48 
33 
26 
11 
28 
43 
74 
96 
86 
91 
48 
29 
5 
16 
18 
20 
53 
78 
31 
16 
1 
44 
74 
71 
91 
96 
108 
33 
25 
20 
14 
31 
65 
42 
3 
4 
14 
48 
58 
3 
42 
1 
16 
17 
5 
12 
75 
97 
79 
85 
44 
26 
1 
15 
16 
17 
42 
67 
68 
100 
26 
58 
58 
58 
49 
32 
31 
26 
35 
36 
21 
126 
110 
94 
61 
43 
17 
0 
3 
254 
192 
161 
138 
122 
122 
113 
79 
29 
36 
46 
31 
80 
81 
10 
10 
59 
75 
91 
59 
12 
59 
90 
129 
127 
124 
49 
0 
10 
3 
5 
1 
32 
97 
122 
59 
19 
19 
20 
20 
20 
11 
11 
4 
36 
76 
11 
81 
96 
47 
14 
30 
53 
28 
27 
5 
15 
65 
146 
212 
228 
28 
117 
160 
98 
4 
10 
1 
31 
96 
145 
160 
143 
93 
75 
16 
34 
85 
207 
192 
161 
80 
30 
35 
37 
32 
19 
14 
25 
36 
46 
79 
111 
142 
133 
92 
59 
156 
91 
43 
26 
19 
27 
42 
80 
237 
249 
251 
237 
197 
179 
169 
133 
73 
20 
7 
42 
92 
118 
119 
119 
214 
149 
99 
57 
39 
20 
18 
23 
27 
86 
104 
114 
131 
131 
131 
57 
24 
22 
18 
82 
51 
2 
6 
24 
6 
18 
35 
35 
19 
51 
51 
18 
13 
29 
18 
34 
34 
29 
52 
131 
98 
152 
101 
93 
24 
75 
61 
7 
43 
70 
88 
74 
45 
23 
1 
35 
72 
101 
73 
4 
8 
10 
45 
72 
106 
60 
77 
39 
6 
20 
34 
24 
25 
67 
115 
99 
35 
28 
45 
4 
12 
18 
88 
69 
3 
8 
21 
2 
24 
42 
45 
22 
7 
82 
107 
60 
29 
2 
9 
7 
105 
139 
61 
8 
119 
181 
67 
89 
62 
115 
168 
52 
16 
13 
43 
26 
81 
95 
92 
65 
93 
145 
109 
0 
2 
14 
41 
52 
48 
35 
30 
18 
1 
29 
33 
29 
17 
6 
26 
6 
10 
6 
26 
29 
33 
29 
16 
12 
7 
10 
45 
24 
27 
7 
42 
29 
8 
27 
6 
5 
2 
14 
18 
21 
25 
20 
0 
13 
26 
32 
67 
94 
32 
28 
81 
141 
72 
43 
31 
12 
1 
65 
114 
116 
132 
100 
69 
58 
90 
122 
113 
96 
30 
5 
3 
36 
21 
10 
4 
11 
11 
11 
11 
11 
26 
69 
62 
14 
79 
31 
1 
74 
91 
19 
20 
36 
20 
20 
84 
52 
21 
14 
16 
30 
5 
28 
27 
10 
26 
14 
1 
1 
46 
30 
47 
16 
31 
15 
1 
49 
74 
90 
35 
43 
33 
30 
29 
27 
30 
78 
110 
93 
75 
65 
48 
31 
14 
49 
97 
80 
47 
46 
30 
1 
49 
97 
80 
48 
17 
1 
69 
60 
20 
5 
30 
47 
31 
32 
32 
15 
80 
143 
110 
12 
30 
96 
138 
139 
123 
122 
97 
0 
122 
147 
100 
19 
100 
84 
53 
37 
5 
42 
49 
32 
48 
14 
33 
58 
42 
26 
58 
49 
16 
16 
16 
15 
47 
15 
0 
16 
63 
62 
37 
19 
52 
12 
43 
145 
95 
94 
117 
28 
36 
53 
21 
10 
21 
30 
14 
30 
30 
21 
11 
12 
11 
10 
21 
53 
37 
5 
21 
30 
15 
0 
1 
14 
10 
58 
74 
26 
28 
91 
65 
1 
28 
33 
0 
65 
26 
19 
52 
53 
62 
62 
31 
0 
0 
0 
47 
47 
14 
18 
4 
37 
14 
0 
1 
28 
20 
69 
62 
1 
32 
0 
15 
48 
97 
58 
19 
26 
33 
47 
29 
43 
17 
0 
58 
51 
68 
53 
62 
78 
78 
21 
10 
3 
20 
69 
69 
37 
5 
26 
3 
59 
58 
14 
78 
143 
78 
47 
32 
14 
45 
43 
1 
0 
14 
5 
5 
35 
20 
21 
21 
30 
0 
0 
16 
16 
32 
80 
64 
16 
31 
14 
5 
4 
19 
52 
52 
52 
4 
43 
59 
11 
11 
10 
1 
1 
31 
48 
80 
32 
47 
111 
63 
1 
35 
36 
53 
47 
47 
48 
49 
65 
80 
16 
32 
48 
63 
30 
5 
19 
36 
85 
53 
5 
10 
5 
5 
43 
43 
75 
27 
84 
165 
101 
53 
20 
43 
59 
91 
42 
53 
53 
37 
14 
1 
1 
0 
15 
15 
16 
0 
0 
33 
97 
112 
63 
30 
5 
11 
27 
19 
20 
28 
43 
27 
43 
42 
1 
30 
63 
63 
47 
1 
33 
14 
31 
15 
32 
32 
17 
14 
1 
1 
10 
26 
10 
3 
20 
4 
5 
1 
17 
14 
31 
15 
15 
15 
31 
16 
0 
0 
1 
30 
5 
11 
43 
43 
91 
90 
58 
17 
14 
15 
15 
31 
47 
30 
1 
17 
26 
26 
59 
59 
43 
10 
14 
14 
14 
15 
32 
16 
30 
78 
17 
42 
51 
68 
53 
37 
37 
21 
5 
10 
5 
4 
12 
11 
43 
42 
10 
1 
31 
0 
16 
17 
1 
5 
53 
69 
3 
36 
5 
5 
5 
26 
10 
4 
19 
36 
36 
36 
28 
43 
10 
10 
1 
15 
0 
15 
14 
1 
10 
26 
26 
26 
17 
17 
33 
33 
16 
15 
16 
1 
30 
30 
37 
37 
21 
4 
11 
27 
3 
4 
12 
27 
11 
10 
10 
17 
15 
16 
64 
97 
81 
32 
15 
31 
16 
16 
31 
16 
33 
49 
33 
5 
5 
5 
21 
12 
43 
5 
62 
79 
48 
31 
31 
33 
42 
10 
60 
75 
5 
79 
96 
64 
16 
14 
37 
28 
27 
33 
48 
1 
51 
52 
68 
84 
92 
59 
10 
1 
14 
5 
21 
3 
4 
4 
10 
1 
1 
16 
31 
30 
12 
5 
31 
32 
33 
27 
35 
52 
36 
36 
20 
5 
10 
5 
1 
1 
0 
0 
1 
5 
10 
3 
20 
21 
1 
1 
0 
32 
49 
42 
26 
5 
3 
27 
10 
1 
31 
0 
0 
1 
33 
42 
35 
11 
53 
14 
14 
0 
15 
14 
21 
12 
11 
5 
30 
32 
32 
17 
10 
19 
36 
53 
30 
15 
31 
15 
0 
31 
47 
46 
21 
4 
27 
91 
90 
74 
65 
48 
0 
0 
0 
31 
46 
30 
5 
10 
11 
27 
11 
27 
27 
27 
11 
4 
19 
20 
28 
11 
4 
3 
11 
20 
36 
37 
21 
14 
17 
1 
1 
10 
26 
26 
42 
42 
30 
63 
48 
49 
42 
75 
91 
11 
36 
37 
5 
37 
42 
42 
10 
26 
26 
5 
37 
10 
27 
27 
43 
43 
4 
52 
28 
11 
5 
1 
0 
16 
49 
42 
27 
3 
20 
5 
10 
33 
16 
16 
49 
42 
26 
19 
20 
5 
1 
0 
0 
33 
35 
36 
20 
12 
52 
84 
11 
51 
52 
53 
14 
0 
15 
32 
33 
26 
27 
11 
11 
4 
28 
43 
26 
33 
16 
1 
3 
21 
47 
65 
67 
36 
5 
17 
0 
1 
21 
60 
11 
14 
15 
17 
51 
68 
53 
47 
31 
0 
30 
5 
10 
12 
11 
21 
30 
15 
15 
0 
33 
26 
4 
12 
5 
14 
15 
16 
33 
21 
12 
37 
14 
0 
15 
10 
3 
4 
1 
15 
33 
18 
11 
10 
0 
1 
3 
11 
32 
17 
51 
53 
15 
33 
10 
19 
10 
17 
0 
34 
20 
21 
31 
17 
2 
4 
1 
0 
18 
20 
14 
32 
33 
26 
28 
27 
26 
1 
47 
65 
50 
36 
37 
14 
16 
33 
26 
10 
12 
11 
5 
17 
32 
14 
3 
20 
30 
31 
16 
32 
33 
1 
37 
28 
11 
14 
31 
33 
34 
52 
21 
15 
17 
13 
43 
58 
32 
1 
3 
21 
46 
48 
49 
35 
5 
15 
33 
34 
20 
21 
1 
32 
15 
17 
10 
3 
5 
17 
14 
28 
5 
16 
50 
36 
21 
14 
32 
49 
18 
43 
10 
15 
33 
12 
5 
31 
32 
42 
42 
19 
20 
20 
21 
14 
14 
0 
15 
30 
29 
27 
5 
15 
33 
19 
21 
17 
31 
44 
42 
31 
12 
1 
41 
52 
62 
112 
129 
74 
65 
16 
0 
47 
78 
77 
10 
32 
66 
68 
69 
20 
20 
28 
12 
27 
91 
10 
15 
29 
43 
32 
2 
30 
81 
83 
36 
21 
33 
80 
46 
50 
84 
132 
172 
186 
118 
122 
54 
4 
15 
49 
90 
154 
177 
143 
124 
65 
22 
10 
16 
3 
37 
79 
144 
144 
112 
80 
79 
31 
49 
161 
177 
81 
0 
66 
100 
84 
53 
30 
0 
16 
17 
35 
20 
10 
16 
15 
26 
3 
20 
1 
0 
31 
110 
60 
5 
31 
41 
20 
78 
80 
74 
19 
20 
5 
17 
0 
30 
45 
59 
49 
6 
4 
30 
64 
74 
83 
68 
69 
53 
21 
5 
1 
1 
16 
15 
1 
5 
12 
4 
14 
15 
48 
33 
17 
37 
28 
27 
10 
14 
15 
0 
1 
74 
99 
84 
44 
4 
26 
33 
48 
47 
30 
29 
59 
74 
32 
1 
35 
36 
46 
47 
0 
14 
21 
12 
43 
26 
16 
0 
10 
35 
36 
36 
4 
27 
75 
91 
133 
117 
108 
107 
65 
9 
10 
41 
69 
89 
68 
64 
83 
62 
32 
12 
26 
64 
61 
58 
24 
52 
95 
113 
51 
84 
52 
5 
21 
10 
97 
176 
63 
35 
78 
57 
36 
16 
12 
17 
29 
65 
45 
14 
66 
69 
95 
95 
111 
127 
78 
37 
4 
20 
20 
4 
26 
74 
48 
47 
45 
42 
31 
13 
21 
31 
17 
19 
52 
53 
30 
16 
31 
2 
4 
14 
16 
34 
36 
37 
15 
17 
13 
11 
33 
22 
11 
0 
18 
21 
47 
65 
58 
67 
84 
84 
4 
27 
21 
21 
5 
81 
49 
0 
16 
33 
50 
20 
21 
37 
30 
0 
15 
15 
14 
37 
76 
10 
15 
34 
20 
46 
32 
34 
4 
30 
48 
65 
65 
65 
65 
49 
32 
0 
0 
17 
17 
33 
33 
32 
31 
30 
29 
43 
33 
15 
12 
5 
0 
17 
3 
21 
32 
34 
20 
14 
16 
18 
4 
1 
16 
19 
21 
0 
9 
4 
14 
32 
34 
27 
17 
1 
3 
14 
17 
19 
30 
32 
51 
52 
46 
62 
79 
78 
101 
12 
5 
1 
16 
16 
32 
32 
16 
79 
46 
60 
26 
16 
9 
11 
1 
25 
20 
1 
9 
4 
15 
18 
14 
16 
3 
62 
73 
52 
46 
79 
97 
26 
106 
90 
26 
5 
5 
46 
94 
37 
5 
4 
28 
26 
0 
1 
3 
21 
0 
15 
37 
44 
36 
53 
78 
95 
127 
144 
79 
31 
48 
128 
32 
15 
16 
1 
37 
44 
10 
15 
61 
58 
15 
3 
20 
14 
47 
63 
64 
49 
65 
74 
91 
59 
42 
26 
17 
0 
0 
0 
32 
32 
32 
16 
0 
1 
1 
10 
4 
12 
43 
26 
1 
0 
1 
19 
37 
1 
15 
13 
11 
30 
80 
90 
83 
52 
53 
5 
11 
4 
28 
11 
11 
10 
1 
14 
30 
1 
10 
10 
3 
43 
10 
14 
31 
48 
33 
49 
10 
5 
4 
28 
4 
5 
17 
0 
14 
18 
20 
21 
0 
22 
43 
33 
2 
5 
15 
34 
20 
46 
63 
79 
96 
80 
32 
32 
16 
33 
49 
33 
32 
16 
0 
17 
42 
42 
42 
10 
17 
0 
16 
1 
33 
26 
27 
3 
4 
5 
17 
16 
14 
2 
4 
37 
30 
15 
16 
17 
10 
19 
20 
5 
0 
15 
13 
43 
32 
6 
4 
46 
48 
49 
42 
42 
43 
35 
36 
36 
53 
21 
5 
26 
42 
42 
33 
14 
31 
32 
17 
5 
12 
11 
17 
16 
13 
11 
17 
17 
3 
37 
31 
32 
49 
58 
59 
19 
11 
10 
1 
15 
0 
1 
12 
21 
1 
0 
10 
19 
4 
20 
21 
30 
30 
47 
48 
17 
5 
12 
43 
49 
15 
2 
20 
37 
46 
46 
14 
30 
31 
31 
32 
16 
0 
16 
17 
17 
17 
5 
21 
28 
43 
26 
0 
16 
33 
35 
36 
5 
1 
0 
1 
5 
19 
37 
30 
31 
33 
17 
10 
3 
11 
10 
14 
31 
48 
33 
26 
10 
26 
33 
33 
32 
0 
31 
31 
14 
13 
4 
21 
37 
30 
30 
47 
30 
30 
30 
1 
5 
5 
5 
11 
43 
43 
43 
26 
33 
0 
17 
3 
1 
25 
4 
14 
31 
48 
17 
37 
28 
37 
63 
96 
96 
80 
62 
45 
27 
33 
64 
62 
44 
10 
47 
65 
74 
75 
58 
14 
31 
15 
15 
1 
21 
28 
11 
17 
0 
1 
5 
21 
4 
51 
52 
36 
37 
14 
16 
33 
67 
68 
53 
14 
17 
32 
15 
14 
17 
10 
10 
33 
49 
33 
1 
21 
28 
42 
49 
0 
49 
58 
74 
81 
47 
46 
108 
26 
33 
16 
16 
16 
33 
33 
17 
1 
14 
30 
1 
17 
33 
48 
38 
59 
16 
25 
20 
30 
63 
64 
96 
95 
101 
92 
58 
48 
14 
12 
5 
47 
16 
14 
12 
11 
10 
14 
31 
32 
16 
14 
14 
1 
10 
37 
10 
59 
74 
97 
111 
69 
19 
101 
133 
85 
69 
85 
69 
37 
21 
10 
33 
32 
31 
31 
14 
5 
11 
3 
4 
4 
4 
36 
36 
37 
21 
21 
17 
47 
77 
74 
71 
75 
23 
10 
16 
99 
196 
132 
100 
100 
84 
52 
37 
10 
74 
113 
97 
48 
1 
18 
36 
53 
30 
31 
16 
33 
33 
10 
12 
11 
33 
47 
45 
58 
64 
60 
23 
5 
2 
46 
73 
52 
63 
65 
83 
100 
94 
63 
16 
0 
14 
53 
44 
10 
17 
1 
35 
37 
0 
2 
4 
1 
15 
28 
49 
61 
33 
13 
14 
41 
68 
78 
64 
34 
36 
46 
47 
32 
0 
14 
13 
27 
1 
25 
21 
31 
49 
59 
19 
4 
21 
37 
30 
31 
15 
0 
5 
28 
59 
65 
16 
17 
19 
4 
17 
15 
28 
1 
25 
20 
31 
41 
4 
17 
0 
33 
51 
37 
14 
16 
19 
14 
0 
21 
19 
101 
101 
69 
53 
14 
1 
1 
17 
32 
31 
46 
60 
58 
63 
60 
48 
29 
33 
13 
14 
89 
100 
94 
96 
97 
81 
42 
26 
26 
26 
10 
12 
27 
33 
47 
29 
11 
1 
0 
16 
17 
2 
27 
32 
2 
37 
64 
58 
35 
36 
36 
36 
52 
52 
68 
52 
20 
12 
11 
4 
28 
59 
97 
95 
108 
64 
3 
46 
48 
42 
67 
68 
69 
53 
21 
37 
69 
52 
20 
4 
5 
1 
15 
16 
1 
5 
21 
44 
11 
21 
10 
1 
0 
15 
30 
13 
4 
17 
22 
43 
7 
43 
7 
20 
32 
99 
133 
126 
117 
85 
60 
59 
42 
42 
17 
17 
17 
14 
47 
47 
79 
78 
13 
4 
30 
46 
62 
46 
14 
49 
48 
46 
44 
26 
15 
65 
67 
36 
53 
53 
21 
14 
30 
31 
31 
47 
46 
37 
37 
11 
11 
27 
26 
33 
32 
0 
17 
17 
10 
5 
5 
28 
27 
10 
16 
16 
66 
52 
53 
47 
32 
32 
33 
26 
26 
19 
27 
42 
80 
46 
44 
26 
0 
17 
51 
53 
62 
63 
63 
47 
30 
17 
63 
0 
29 
26 
47 
44 
32 
44 
33 
17 
67 
92 
91 
81 
111 
125 
106 
79 
108 
104 
75 
23 
5 
24 
4 
8 
27 
6 
26 
9 
1 
18 
37 
57 
36 
46 
49 
66 
20 
5 
1 
16 
1 
1 
10 
26 
26 
5 
21 
37 
28 
43 
26 
1 
31 
32 
14 
46 
62 
53 
21 
10 
27 
35 
11 
11 
26 
49 
48 
30 
5 
19 
4 
4 
36 
20 
4 
28 
27 
11 
21 
37 
30 
14 
1 
1 
33 
0 
32 
49 
42 
43 
43 
43 
26 
1 
14 
0 
16 
31 
47 
46 
60 
58 
32 
1 
11 
11 
3 
4 
28 
75 
75 
58 
81 
63 
29 
10 
16 
42 
83 
108 
139 
145 
143 
124 
65 
6 
27 
1 
33 
67 
52 
37 
53 
69 
76 
107 
80 
22 
11 
14 
32 
81 
90 
81 
65 
49 
64 
80 
79 
46 
21 
3 
4 
5 
0 
16 
48 
64 
79 
93 
90 
63 
28 
21 
31 
80 
112 
127 
94 
92 
91 
97 
64 
46 
28 
11 
14 
48 
97 
129 
128 
86 
43 
17 
31 
29 
27 
0 
34 
21 
31 
82 
68 
62 
79 
95 
126 
140 
106 
63 
1 
42 
74 
90 
80 
63 
29 
43 
10 
10 
17 
17 
0 
65 
74 
75 
75 
75 
75 
90 
81 
64 
46 
44 
11 
37 
78 
78 
62 
69 
44 
43 
26 
33 
32 
30 
19 
53 
78 
95 
95 
79 
62 
37 
20 
3 
3 
11 
27 
26 
42 
1 
15 
31 
31 
32 
32 
16 
14 
37 
28 
11 
33 
16 
14 
2 
4 
17 
0 
2 
37 
79 
112 
96 
48 
31 
47 
62 
45 
59 
42 
32 
0 
26 
51 
36 
52 
60 
59 
81 
95 
76 
17 
33 
35 
53 
69 
85 
53 
69 
76 
122 
129 
95 
45 
4 
14 
32 
65 
58 
58 
42 
49 
80 
95 
108 
81 
38 
26 
25 
52 
94 
127 
112 
80 
48 
49 
33 
42 
10 
4 
28 
27 
10 
0 
48 
80 
80 
62 
61 
74 
64 
61 
42 
31 
3 
53 
78 
110 
126 
92 
43 
33 
0 
5 
3 
20 
53 
46 
62 
47 
63 
63 
47 
47 
62 
60 
27 
1 
14 
30 
53 
44 
59 
58 
80 
94 
76 
48 
3 
62 
96 
106 
123 
91 
106 
113 
128 
79 
69 
60 
26 
15 
49 
58 
51 
52 
53 
53 
52 
60 
59 
10 
17 
16 
17 
50 
52 
53 
30 
15 
32 
42 
58 
59 
43 
43 
42 
49 
64 
79 
45 
11 
5 
30 
63 
79 
78 
85 
92 
97 
54 
59 
39 
11 
32 
67 
78 
112 
122 
139 
154 
144 
93 
42 
0 
48 
32 
32 
32 
32 
16 
0 
15 
47 
46 
53 
3 
59 
65 
38 
59 
86 
121 
123 
125 
119 
72 
41 
41 
25 
41 
25 
25 
41 
24 
7 
8 
41 
41 
41 
6 
23 
39 
23 
22 
45 
36 
12 
9 
40 
38 
29 
4 
12 
9 
40 
9 
18 
34 
89 
110 
115 
110 
161 
90 
51 
21 
17 
15 
12 
26 
64 
93 
74 
93 
121 
155 
140 
124 
92 
45 
41 
62 
98 
126 
97 
51 
1 
29 
56 
43 
77 
56 
42 
93 
54 
7 
36 
89 
53 
47 
34 
21 
8 
11 
7 
27 
6 
10 
22 
26 
9 
5 
32 
19 
17 
22 
43 
15 
12 
14 
32 
19 
37 
16 
17 
3 
5 
17 
0 
1 
2 
11 
11 
10 
17 
16 
15 
17 
26 
11 
11 
10 
10 
21 
14 
14 
37 
92 
90 
95 
92 
65 
31 
18 
4 
14 
32 
3 
10 
39 
27 
32 
6 
11 
16 
29 
10 
9 
4 
15 
29 
10 
9 
20 
47 
64 
97 
96 
63 
29 
11 
5 
30 
47 
78 
85 
108 
90 
48 
70 
75 
63 
12 
30 
96 
112 
80 
62 
44 
26 
16 
0 
32 
63 
94 
140 
138 
111 
92 
64 
60 
17 
41 
