127 
80 
32 
32 
49 
66 
116 
101 
15 
95 
46 
19 
30 
16 
50 
68 
46 
48 
33 
5 
10 
27 
43 
27 
11 
43 
42 
17 
0 
0 
1 
26 
11 
12 
27 
27 
26 
10 
17 
17 
33 
32 
32 
47 
17 
26 
19 
20 
37 
37 
5 
42 
74 
106 
81 
65 
31 
1 
34 
36 
69 
110 
47 
1 
17 
10 
58 
67 
68 
52 
52 
28 
11 
5 
37 
62 
47 
0 
15 
31 
47 
47 
30 
30 
30 
14 
1 
10 
5 
21 
28 
27 
11 
10 
1 
0 
0 
30 
61 
59 
10 
0 
48 
106 
99 
100 
92 
4 
62 
95 
97 
90 
83 
52 
20 
10 
10 
10 
5 
5 
5 
21 
36 
44 
59 
43 
65 
32 
14 
3 
30 
64 
90 
99 
84 
4 
43 
67 
132 
100 
85 
36 
3 
20 
36 
37 
10 
58 
58 
129 
128 
46 
35 
78 
113 
99 
85 
110 
78 
30 
34 
84 
94 
79 
65 
51 
20 
94 
46 
16 
32 
79 
47 
14 
14 
10 
3 
20 
36 
69 
110 
110 
62 
1 
10 
19 
4 
5 
14 
31 
15 
0 
16 
0 
15 
31 
64 
48 
17 
33 
49 
49 
48 
16 
0 
17 
3 
11 
5 
1 
15 
15 
32 
16 
0 
0 
15 
16 
48 
80 
64 
80 
63 
14 
10 
51 
53 
46 
62 
47 
31 
15 
15 
1 
10 
35 
53 
78 
111 
112 
81 
48 
16 
16 
17 
117 
124 
90 
0 
35 
94 
169 
196 
181 
174 
37 
51 
133 
208 
97 
35 
4 
33 
31 
46 
44 
5 
31 
65 
83 
69 
14 
15 
16 
16 
17 
33 
10 
5 
4 
3 
11 
36 
36 
36 
52 
44 
27 
27 
26 
17 
15 
16 
16 
17 
17 
10 
10 
10 
46 
62 
30 
14 
17 
26 
10 
5 
5 
26 
10 
10 
10 
17 
17 
16 
15 
14 
28 
10 
0 
9 
68 
47 
34 
37 
32 
35 
21 
0 
17 
3 
5 
0 
17 
18 
20 
21 
15 
16 
26 
35 
36 
21 
30 
46 
46 
31 
46 
30 
69 
92 
58 
63 
33 
19 
21 
0 
0 
5 
12 
11 
10 
1 
15 
0 
0 
0 
0 
0 
15 
16 
16 
127 
94 
101 
92 
74 
64 
61 
49 
44 
7 
9 
2 
52 
19 
3 
12 
19 
35 
35 
35 
28 
44 
60 
60 
44 
36 
83 
82 
39 
25 
43 
29 
8 
22 
4 
9 
30 
19 
24 
20 
24 
20 
15 
3 
17 
22 
59 
47 
44 
23 
11 
8 
10 
9 
10 
6 
26 
45 
49 
76 
23 
10 
28 
22 
24 
18 
11 
29 
38 
23 
8 
9 
2 
2 
27 
28 
13 
38 
23 
56 
56 
89 
152 
103 
37 
45 
24 
5 
2 
7 
10 
13 
7 
4 
29 
8 
5 
2 
24 
21 
51 
57 
70 
68 
121 
117 
137 
133 
239 
208 
176 
142 
124 
87 
66 
43 
67 
19 
4 
19 
18 
9 
23 
104 
73 
89 
120 
151 
148 
113 
3 
42 
129 
128 
111 
79 
46 
53 
44 
59 
65 
47 
44 
33 
6 
10 
50 
46 
35 
31 
35 
15 
3 
1 
18 
5 
15 
18 
4 
1 
0 
5 
12 
11 
1 
0 
0 
0 
1 
1 
1 
1 
1 
1 
16 
16 
16 
33 
49 
58 
58 
42 
42 
33 
16 
15 
5 
28 
42 
64 
77 
90 
87 
107 
102 
9 
11 
2 
9 
23 
22 
20 
34 
40 
14 
19 
40 
36 
40 
36 
16 
6 
11 
10 
0 
0 
1 
5 
5 
10 
11 
27 
27 
26 
10 
17 
17 
0 
32 
65 
85 
44 
43 
10 
1 
15 
17 
34 
20 
14 
0 
14 
12 
17 
31 
44 
33 
22 
26 
45 
33 
28 
6 
6 
20 
34 
40 
38 
36 
41 
39 
36 
40 
37 
41 
20 
16 
3 
14 
41 
36 
46 
32 
34 
36 
30 
32 
34 
20 
21 
30 
16 
33 
26 
27 
19 
20 
5 
5 
1 
1 
15 
15 
16 
1 
17 
10 
19 
4 
5 
1 
0 
0 
1 
2 
4 
10 
16 
0 
34 
20 
21 
15 
33 
26 
19 
20 
14 
14 
15 
16 
17 
33 
26 
26 
27 
19 
20 
20 
4 
5 
5 
5 
5 
21 
5 
1 
1 
1 
1 
16 
0 
16 
17 
10 
10 
19 
4 
20 
5 
14 
14 
15 
16 
16 
17 
17 
17 
5 
10 
11 
3 
4 
5 
1 
0 
0 
17 
10 
3 
4 
5 
14 
16 
17 
10 
19 
4 
5 
14 
15 
16 
17 
10 
51 
36 
20 
5 
14 
14 
31 
15 
16 
32 
0 
0 
14 
14 
21 
5 
19 
20 
30 
31 
48 
33 
19 
11 
10 
1 
0 
1 
3 
4 
53 
79 
95 
48 
47 
16 
49 
74 
74 
26 
46 
30 
47 
31 
47 
32 
16 
16 
1 
17 
17 
17 
10 
10 
10 
10 
5 
11 
11 
11 
11 
11 
19 
20 
12 
27 
27 
27 
27 
27 
26 
26 
1 
1 
1 
1 
1 
0 
0 
16 
32 
32 
48 
48 
47 
30 
21 
3 
43 
10 
15 
16 
21 
76 
170 
96 
18 
126 
193 
163 
116 
69 
3 
68 
94 
112 
97 
58 
12 
10 
14 
15 
32 
33 
33 
17 
1 
30 
30 
0 
15 
15 
15 
0 
32 
32 
33 
10 
10 
27 
43 
35 
36 
20 
20 
3 
11 
4 
4 
11 
26 
10 
10 
10 
10 
10 
17 
17 
17 
33 
32 
16 
31 
15 
14 
21 
10 
19 
20 
4 
5 
10 
26 
42 
26 
33 
17 
16 
16 
16 
15 
1 
1 
5 
21 
52 
44 
59 
26 
0 
0 
18 
20 
37 
31 
0 
30 
21 
20 
12 
4 
10 
26 
10 
17 
33 
17 
16 
0 
15 
47 
14 
1 
21 
12 
4 
21 
14 
16 
47 
14 
26 
19 
4 
5 
65 
32 
0 
16 
17 
10 
10 
10 
10 
10 
30 
47 
47 
47 
15 
15 
15 
15 
14 
1 
14 
5 
4 
3 
27 
27 
10 
21 
14 
1 
33 
32 
32 
16 
31 
14 
14 
5 
28 
43 
26 
16 
16 
17 
18 
4 
5 
17 
17 
32 
31 
14 
14 
5 
3 
11 
11 
5 
1 
0 
16 
0 
31 
14 
21 
21 
44 
59 
42 
0 
32 
50 
36 
21 
14 
30 
0 
32 
32 
31 
31 
31 
31 
31 
30 
14 
14 
5 
10 
12 
11 
11 
42 
17 
32 
32 
1 
26 
35 
21 
1 
1 
16 
16 
17 
17 
10 
10 
17 
33 
16 
0 
1 
5 
12 
10 
16 
1 
12 
1 
0 
3 
14 
9 
20 
32 
19 
14 
9 
4 
15 
34 
20 
1 
16 
18 
20 
14 
15 
33 
35 
20 
1 
15 
17 
26 
3 
21 
14 
16 
33 
26 
3 
20 
21 
14 
15 
16 
1 
10 
10 
3 
20 
5 
14 
31 
16 
16 
17 
17 
10 
10 
10 
11 
19 
20 
4 
5 
21 
37 
21 
21 
49 
49 
49 
48 
46 
60 
42 
47 
28 
32 
28 
7 
26 
13 
7 
25 
26 
28 
28 
29 
29 
34 
18 
18 
18 
18 
2 
2 
9 
9 
8 
23 
22 
29 
36 
19 
2 
24 
39 
29 
4 
2 
24 
38 
36 
3 
24 
22 
36 
34 
55 
52 
41 
14 
13 
16 
12 
7 
4 
25 
21 
2 
39 
20 
40 
37 
18 
30 
18 
14 
2 
1 
2 
14 
2 
1 
25 
21 
41 
36 
16 
19 
30 
57 
36 
62 
65 
35 
4 
17 
32 
14 
3 
5 
47 
33 
34 
20 
14 
16 
3 
5 
0 
1 
12 
5 
16 
18 
4 
0 
17 
3 
1 
0 
18 
4 
5 
15 
17 
3 
10 
17 
16 
19 
21 
0 
33 
19 
21 
15 
17 
18 
20 
30 
16 
17 
3 
20 
14 
31 
17 
26 
35 
20 
5 
1 
15 
16 
33 
10 
10 
35 
36 
11 
5 
21 
30 
14 
14 
14 
32 
32 
16 
15 
14 
10 
3 
36 
53 
30 
31 
32 
17 
1 
10 
5 
43 
67 
52 
19 
36 
36 
36 
12 
4 
4 
11 
10 
5 
14 
30 
31 
32 
33 
26 
19 
11 
26 
33 
15 
2 
11 
1 
16 
34 
20 
21 
15 
16 
5 
3 
4 
14 
31 
32 
33 
26 
43 
43 
35 
12 
43 
27 
59 
42 
26 
17 
16 
15 
14 
5 
3 
4 
10 
1 
0 
16 
0 
14 
21 
19 
11 
4 
5 
5 
1 
1 
17 
33 
33 
33 
32 
16 
15 
15 
1 
1 
37 
37 
28 
27 
26 
17 
16 
15 
10 
3 
5 
1 
0 
1 
5 
3 
4 
5 
17 
49 
32 
32 
0 
0 
0 
62 
46 
42 
75 
83 
44 
11 
20 
37 
37 
30 
47 
47 
32 
0 
0 
32 
48 
16 
16 
0 
0 
0 
15 
1 
1 
14 
21 
37 
20 
12 
11 
10 
17 
0 
0 
31 
46 
21 
3 
4 
5 
14 
0 
15 
15 
1 
1 
1 
1 
17 
17 
1 
0 
0 
32 
32 
33 
33 
17 
10 
10 
10 
11 
11 
11 
27 
27 
11 
11 
11 
27 
26 
10 
10 
33 
17 
17 
16 
0 
16 
15 
31 
31 
14 
37 
37 
28 
27 
17 
0 
17 
26 
19 
4 
5 
1 
30 
14 
1 
17 
17 
33 
49 
49 
49 
33 
17 
16 
16 
16 
15 
15 
30 
21 
12 
43 
42 
33 
16 
18 
36 
53 
15 
15 
0 
14 
14 
30 
30 
37 
37 
4 
3 
4 
4 
4 
10 
10 
10 
1 
1 
1 
1 
1 
16 
32 
32 
32 
31 
30 
14 
21 
28 
26 
49 
32 
14 
3 
20 
14 
15 
16 
1 
14 
21 
21 
20 
28 
43 
74 
81 
47 
18 
36 
63 
49 
50 
20 
20 
5 
42 
42 
33 
17 
17 
1 
1 
1 
17 
32 
32 
32 
48 
31 
14 
14 
21 
28 
26 
33 
16 
1 
2 
11 
5 
1 
0 
1 
10 
19 
11 
10 
10 
1 
0 
0 
1 
5 
3 
11 
11 
10 
10 
10 
17 
17 
0 
0 
16 
16 
0 
0 
16 
0 
0 
16 
16 
17 
10 
26 
35 
20 
20 
5 
5 
14 
14 
1 
1 
14 
30 
31 
14 
1 
30 
46 
14 
26 
43 
43 
27 
27 
10 
21 
30 
47 
47 
32 
32 
49 
49 
17 
15 
15 
0 
0 
15 
15 
63 
62 
53 
3 
4 
21 
15 
16 
33 
33 
33 
1 
14 
15 
16 
33 
26 
19 
4 
5 
1 
15 
31 
32 
16 
16 
32 
31 
31 
31 
14 
1 
10 
10 
4 
28 
27 
58 
42 
1 
0 
32 
17 
37 
28 
11 
5 
14 
1 
16 
16 
0 
16 
15 
15 
15 
0 
15 
1 
1 
1 
1 
14 
14 
14 
1 
1 
14 
1 
14 
14 
14 
21 
37 
37 
44 
59 
26 
17 
0 
1 
19 
4 
5 
1 
0 
0 
0 
0 
0 
0 
0 
15 
15 
15 
15 
15 
0 
0 
0 
16 
16 
0 
0 
0 
0 
0 
1 
26 
10 
3 
4 
5 
1 
0 
0 
17 
10 
19 
20 
21 
21 
30 
14 
15 
15 
32 
32 
32 
0 
16 
0 
16 
16 
16 
0 
15 
32 
48 
32 
48 
48 
31 
15 
1 
5 
5 
3 
27 
11 
26 
10 
17 
16 
15 
1 
10 
3 
11 
5 
17 
16 
31 
46 
45 
43 
10 
0 
1 
18 
36 
37 
30 
0 
16 
15 
63 
47 
14 
42 
58 
58 
26 
5 
1 
16 
32 
81 
58 
26 
3 
4 
20 
21 
21 
5 
21 
21 
21 
21 
4 
3 
4 
4 
4 
5 
26 
26 
42 
26 
33 
33 
32 
15 
1 
21 
4 
12 
11 
10 
17 
16 
15 
14 
21 
28 
27 
17 
0 
0 
10 
19 
4 
11 
10 
10 
17 
16 
16 
0 
1 
14 
21 
53 
28 
27 
26 
17 
0 
0 
32 
33 
26 
10 
10 
11 
4 
4 
4 
10 
10 
5 
5 
5 
10 
5 
5 
1 
1 
0 
0 
0 
17 
10 
19 
4 
5 
1 
16 
1 
3 
20 
14 
15 
17 
18 
4 
5 
14 
48 
33 
26 
19 
20 
21 
14 
14 
15 
15 
16 
16 
16 
16 
16 
16 
16 
0 
0 
0 
0 
0 
0 
16 
33 
17 
33 
42 
10 
5 
1 
17 
1 
14 
46 
14 
1 
26 
42 
27 
19 
20 
36 
37 
5 
5 
5 
1 
14 
14 
1 
14 
14 
1 
1 
14 
30 
30 
37 
21 
3 
4 
4 
10 
21 
30 
30 
21 
26 
26 
75 
51 
36 
44 
59 
27 
5 
37 
14 
14 
15 
0 
0 
0 
16 
32 
64 
80 
47 
1 
17 
26 
19 
11 
20 
37 
37 
21 
11 
19 
36 
37 
46 
46 
31 
15 
0 
0 
0 
0 
0 
0 
0 
15 
31 
63 
62 
46 
13 
4 
21 
30 
48 
33 
17 
14 
53 
85 
85 
69 
28 
11 
37 
30 
31 
16 
33 
21 
37 
20 
3 
4 
4 
4 
4 
20 
35 
36 
36 
36 
36 
3 
4 
4 
21 
5 
10 
26 
33 
17 
33 
33 
49 
16 
0 
16 
16 
0 
14 
14 
14 
14 
37 
21 
12 
11 
5 
10 
17 
1 
16 
15 
15 
30 
21 
12 
4 
10 
17 
0 
0 
17 
10 
19 
20 
4 
11 
27 
43 
43 
27 
26 
26 
17 
17 
1 
0 
0 
15 
14 
1 
21 
37 
12 
11 
5 
1 
0 
15 
14 
1 
5 
12 
27 
26 
17 
17 
48 
31 
14 
5 
12 
26 
33 
15 
17 
35 
4 
10 
32 
15 
17 
19 
4 
20 
5 
5 
5 
26 
58 
58 
10 
5 
26 
33 
33 
16 
15 
16 
17 
1 
5 
10 
3 
4 
27 
11 
27 
58 
58 
58 
33 
16 
0 
1 
10 
12 
4 
5 
14 
15 
0 
0 
1 
14 
30 
30 
21 
21 
3 
11 
11 
10 
17 
17 
17 
32 
31 
30 
14 
19 
20 
21 
14 
15 
15 
16 
15 
31 
47 
63 
31 
30 
14 
5 
5 
19 
4 
11 
5 
17 
1 
16 
32 
16 
15 
15 
15 
30 
14 
5 
5 
12 
27 
5 
21 
14 
16 
31 
30 
21 
3 
11 
27 
10 
33 
16 
15 
15 
14 
21 
12 
10 
1 
15 
16 
17 
5 
20 
12 
4 
21 
5 
5 
5 
10 
11 
19 
36 
36 
36 
37 
21 
37 
36 
12 
4 
5 
5 
1 
1 
0 
16 
31 
63 
62 
13 
4 
5 
1 
15 
48 
49 
26 
10 
5 
21 
30 
30 
30 
30 
30 
14 
14 
1 
1 
5 
5 
4 
4 
3 
11 
27 
27 
27 
26 
10 
10 
33 
17 
33 
32 
31 
14 
5 
19 
20 
5 
1 
16 
0 
15 
14 
30 
21 
21 
28 
11 
10 
17 
16 
0 
1 
5 
5 
3 
11 
26 
17 
15 
16 
1 
5 
5 
4 
19 
11 
43 
43 
43 
10 
5 
10 
21 
14 
17 
33 
33 
33 
1 
15 
0 
0 
1 
17 
1 
14 
14 
30 
30 
30 
14 
21 
37 
37 
28 
27 
10 
17 
0 
16 
17 
26 
4 
12 
4 
4 
10 
26 
26 
33 
17 
16 
16 
15 
15 
1 
5 
21 
20 
44 
11 
5 
1 
1 
15 
0 
31 
46 
30 
21 
3 
20 
21 
1 
1 
0 
16 
32 
16 
15 
31 
31 
30 
14 
37 
28 
43 
42 
17 
16 
33 
3 
11 
21 
31 
16 
1 
14 
37 
36 
28 
27 
26 
16 
0 
1 
2 
11 
10 
17 
17 
16 
31 
14 
21 
12 
11 
17 
16 
0 
17 
3 
11 
10 
17 
32 
47 
37 
28 
5 
14 
32 
5 
3 
5 
1 
0 
0 
0 
17 
17 
17 
1 
0 
0 
0 
17 
10 
3 
11 
10 
1 
16 
17 
10 
3 
5 
1 
0 
16 
10 
3 
21 
14 
16 
17 
19 
20 
21 
30 
31 
16 
33 
1 
5 
4 
3 
4 
5 
5 
14 
15 
16 
33 
33 
10 
26 
26 
26 
27 
4 
11 
27 
3 
11 
27 
4 
37 
37 
37 
5 
21 
21 
5 
5 
11 
11 
4 
4 
11 
4 
20 
21 
5 
5 
21 
21 
21 
21 
5 
5 
20 
28 
4 
10 
10 
17 
33 
16 
0 
0 
14 
21 
37 
28 
27 
33 
32 
0 
17 
10 
3 
4 
5 
5 
17 
17 
32 
16 
15 
15 
14 
53 
60 
27 
14 
31 
33 
26 
27 
3 
11 
43 
26 
42 
81 
48 
15 
1 
26 
19 
20 
1 
17 
16 
15 
15 
30 
53 
28 
27 
10 
17 
16 
1 
10 
19 
5 
1 
16 
15 
14 
5 
3 
11 
10 
17 
16 
48 
31 
21 
28 
11 
17 
0 
0 
5 
28 
11 
10 
17 
0 
1 
10 
3 
4 
10 
10 
17 
32 
15 
30 
37 
3 
4 
5 
17 
16 
0 
0 
1 
10 
11 
3 
4 
11 
26 
26 
33 
33 
16 
0 
15 
1 
14 
5 
21 
12 
27 
26 
10 
16 
31 
1 
18 
11 
42 
65 
31 
17 
35 
37 
1 
31 
14 
21 
28 
42 
33 
16 
0 
10 
19 
20 
5 
17 
32 
32 
15 
30 
21 
12 
11 
1 
15 
32 
5 
44 
43 
65 
48 
1 
12 
10 
0 
0 
10 
19 
21 
1 
16 
31 
30 
21 
3 
4 
21 
1 
0 
0 
15 
30 
37 
53 
76 
59 
58 
16 
41 
52 
46 
16 
1 
12 
11 
1 
0 
15 
14 
5 
26 
27 
3 
43 
59 
59 
58 
49 
15 
14 
44 
26 
0 
49 
35 
11 
49 
32 
46 
44 
26 
0 
9 
4 
30 
48 
66 
36 
5 
58 
65 
49 
16 
15 
1 
1 
10 
10 
4 
3 
59 
107 
106 
81 
111 
60 
49 
22 
53 
82 
46 
50 
85 
33 
3 
33 
31 
61 
74 
64 
46 
28 
53 
63 
49 
10 
27 
3 
36 
36 
21 
21 
4 
4 
12 
4 
21 
14 
31 
16 
17 
2 
11 
26 
15 
32 
42 
51 
52 
53 
62 
62 
126 
133 
124 
113 
86 
42 
66 
167 
180 
160 
51 
42 
95 
93 
91 
81 
38 
27 
0 
25 
20 
15 
2 
75 
80 
45 
5 
32 
12 
160 
189 
56 
11 
34 
8 
6 
27 
19 
137 
135 
21 
25 
62 
114 
37 
31 
33 
58 
106 
74 
15 
185 
132 
46 
15 
96 
161 
129 
48 
14 
12 
10 
7 
4 
24 
36 
40 
52 
79 
83 
1 
79 
109 
139 
81 
9 
100 
110 
80 
37 
28 
11 
106 
113 
31 
45 
4 
62 
80 
66 
20 
10 
33 
48 
47 
78 
45 
27 
33 
95 
60 
1 
34 
21 
79 
92 
104 
75 
25 
94 
131 
136 
68 
32 
13 
27 
49 
78 
92 
90 
80 
61 
26 
22 
11 
56 
36 
56 
68 
88 
20 
16 
29 
97 
93 
97 
13 
46 
29 
49 
13 
17 
61 
33 
50 
46 
34 
53 
41 
20 
0 
33 
12 
42 
49 
63 
126 
76 
58 
48 
28 
46 
50 
14 
6 
42 
39 
123 
198 
217 
171 
19 
179 
323 
9 
23 
5 
2 
23 
20 
24 
4 
32 
13 
10 
0 
34 
20 
1 
63 
49 
13 
91 
122 
215 
196 
143 
114 
100 
85 
46 
46 
21 
3 
21 
15 
9 
43 
16 
2 
46 
73 
69 
128 
114 
100 
14 
0 
32 
31 
143 
109 
59 
30 
105 
132 
79 
65 
51 
155 
122 
128 
95 
61 
27 
16 
41 
68 
94 
112 
97 
113 
113 
111 
125 
113 
109 
71 
57 
86 
38 
22 
7 
39 
70 
68 
82 
104 
100 
104 
68 
78 
32 
1 
37 
53 
53 
69 
84 
92 
85 
78 
96 
82 
52 
46 
47 
32 
158 
126 
101 
53 
12 
4 
20 
37 
197 
172 
155 
145 
125 
81 
44 
6 
216 
167 
101 
51 
25 
6 
43 
22 
25 
11 
25 
55 
53 
34 
40 
37 
51 
120 
132 
63 
33 
12 
107 
106 
128 
95 
28 
117 
367 
432 
351 
220 
23 
69 
51 
88 
1 
3 
73 
110 
19 
80 
61 
30 
153 
180 
174 
111 
63 
62 
76 
65 
29 
7 
20 
105 
142 
179 
216 
164 
175 
112 
113 
96 
54 
59 
23 
10 
28 
54 
39 
40 
8 
8 
7 
23 
86 
54 
2 
35 
59 
60 
4 
3 
2 
25 
56 
14 
3 
215 
201 
187 
156 
52 
18 
6 
40 
106 
92 
77 
54 
55 
39 
24 
73 
18 
2 
2 
19 
67 
83 
67 
50 
121 
87 
69 
34 
31 
19 
16 
35 
0 
3 
17 
9 
11 
16 
93 
97 
93 
81 
92 
93 
54 
25 
82 
131 
171 
148 
115 
18 
55 
9 
20 
13 
23 
74 
92 
86 
56 
57 
2 
93 
148 
211 
178 
151 
100 
0 
124 
17 
2 
97 
38 
69 
89 
42 
134 
113 
19 
9 
39 
38 
36 
50 
119 
52 
41 
78 
50 
94 
210 
42 
128 
166 
203 
151 
90 
13 
89 
151 
213 
258 
206 
178 
36 
74 
161 
175 
102 
59 
0 
98 
181 
144 
18 
59 
58 
80 
45 
59 
48 
28 
1 
34 
78 
195 
158 
89 
4 
17 
64 
161 
202 
53 
14 
31 
32 
10 
3 
10 
17 
0 
1 
10 
26 
27 
11 
11 
10 
37 
94 
95 
31 
15 
63 
79 
158 
60 
97 
54 
517 
417 
362 
304 
221 
151 
136 
103 
507 
407 
345 
259 
179 
147 
137 
94 
66 
36 
21 
3 
4 
14 
25 
20 
128 
83 
47 
73 
68 
165 
174 
173 
171 
167 
178 
194 
201 
74 
47 
29 
27 
10 
10 
10 
43 
83 
68 
52 
60 
75 
90 
112 
45 
26 
9 
37 
34 
8 
42 
45 
23 
24 
2 
18 
51 
83 
67 
82 
89 
103 
69 
66 
62 
50 
46 
57 
37 
31 
13 
10 
0 
12 
16 
45 
33 
13 
14 
19 
7 
4 
40 
21 
25 
46 
18 
17 
3 
31 
19 
24 
11 
40 
36 
48 
19 
14 
9 
36 
1 
1 
92 
81 
86 
42 
29 
40 
27 
34 
104 
166 
116 
185 
165 
161 
163 
5 
49 
65 
112 
176 
255 
253 
138 
24 
85 
146 
232 
261 
41 
21 
7 
43 
96 
60 
113 
60 
8 
4 
13 
23 
293 
274 
206 
129 
26 
84 
156 
187 
234 
208 
173 
169 
59 
3 
75 
108 
157 
54 
55 
152 
248 
199 
132 
80 
19 
5 
14 
128 
158 
109 
91 
129 
102 
58 
66 
103 
101 
66 
87 
84 
105 
69 
73 
21 
48 
83 
85 
31 
14 
5 
28 
58 
65 
31 
94 
12 
46 
48 
13 
21 
31 
50 
52 
47 
49 
51 
101 
62 
48 
17 
5 
3 
59 
58 
65 
47 
13 
27 
1 
1 
12 
1 
9 
4 
15 
34 
69 
64 
51 
21 
32 
109 
107 
31 
76 
96 
76 
57 
150 
164 
153 
126 
115 
126 
112 
97 
49 
65 
48 
162 
308 
357 
236 
106 
8 
37 
18 
136 
263 
245 
242 
207 
115 
53 
16 
31 
78 
110 
94 
46 
37 
53 
92 
59 
30 
47 
17 
51 
30 
16 
50 
101 
95 
65 
35 
21 
0 
14 
3 
11 
33 
16 
32 
49 
58 
58 
10 
42 
75 
27 
53 
94 
207 
63 
113 
163 
116 
101 
117 
117 
12 
52 
174 
239 
223 
158 
76 
0 
179 
223 
179 
62 
81 
99 
69 
1 
64 
31 
1 
14 
85 
44 
36 
69 
62 
95 
64 
32 
64 
31 
33 
74 
43 
43 
20 
52 
100 
140 
123 
10 
111 
176 
209 
208 
94 
67 
142 
161 
131 
84 
85 
62 
15 
48 
48 
79 
15 
65 
33 
26 
5 
117 
69 
3 
52 
78 
95 
96 
74 
67 
20 
4 
10 
26 
10 
5 
5 
21 
5 
3 
52 
58 
113 
48 
97 
218 
154 
1 
128 
162 
148 
158 
159 
191 
118 
21 
72 
68 
240 
290 
180 
84 
12 
100 
46 
47 
45 
21 
72 
100 
143 
130 
100 
62 
62 
47 
0 
33 
58 
26 
27 
11 
4 
36 
20 
20 
35 
4 
43 
27 
52 
21 
4 
19 
4 
11 
10 
1 
63 
97 
97 
106 
106 
74 
17 
47 
161 
90 
10 
52 
44 
4 
11 
10 
26 
26 
5 
21 
5 
10 
10 
5 
26 
43 
43 
75 
91 
74 
16 
65 
202 
235 
91 
69 
143 
113 
131 
133 
69 
10 
21 
5 
11 
12 
69 
94 
128 
81 
33 
16 
14 
3 
101 
144 
122 
99 
133 
101 
109 
59 
30 
210 
324 
325 
188 
1 
121 
181 
105 
133 
80 
67 
30 
48 
50 
11 
14 
16 
15 
32 
65 
33 
33 
64 
80 
47 
14 
3 
84 
110 
110 
46 
33 
113 
113 
96 
32 
0 
33 
97 
49 
33 
96 
16 
42 
28 
26 
15 
25 
52 
101 
47 
64 
49 
26 
19 
11 
10 
21 
11 
11 
20 
52 
36 
4 
4 
27 
27 
4 
100 
100 
92 
26 
16 
34 
132 
254 
159 
15 
64 
97 
83 
100 
142 
192 
129 
81 
49 
31 
81 
99 
164 
101 
5 
91 
91 
43 
5 
46 
0 
49 
90 
90 
42 
37 
95 
112 
114 
164 
133 
85 
17 
26 
26 
51 
68 
37 
17 
33 
48 
63 
62 
45 
27 
5 
16 
66 
84 
78 
47 
16 
47 
95 
95 
16 
112 
96 
16 
97 
90 
107 
139 
91 
37 
159 
111 
15 
64 
48 
48 
95 
206 
140 
49 
113 
259 
165 
142 
110 
62 
51 
149 
111 
33 
35 
53 
63 
32 
65 
74 
33 
17 
15 
48 
0 
15 
30 
46 
69 
44 
27 
14 
32 
58 
35 
53 
53 
21 
5 
19 
20 
37 
30 
110 
142 
117 
60 
10 
15 
73 
116 
133 
14 
65 
17 
62 
1 
17 
53 
19 
100 
62 
78 
126 
94 
93 
75 
113 
95 
76 
15 
44 
23 
36 
25 
30 
67 
88 
52 
80 
67 
62 
32 
1 
5 
10 
5 
62 
47 
16 
17 
2 
11 
26 
48 
31 
29 
27 
17 
17 
19 
37 
47 
81 
106 
91 
91 
75 
58 
65 
15 
18 
36 
33 
63 
109 
138 
118 
106 
109 
72 
9 
244 
226 
303 
346 
267 
91 
126 
272 
291 
245 
142 
95 
78 
53 
19 
37 
47 
33 
3 
1 
15 
76 
5 
24 
11 
15 
3 
15 
60 
74 
63 
28 
17 
9 
59 
64 
28 
14 
34 
30 
41 
36 
32 
12 
49 
70 
123 
119 
123 
102 
105 
91 
93 
109 
93 
90 
92 
77 
54 
55 
39 
40 
72 
135 
110 
115 
128 
131 
133 
149 
236 
145 
29 
88 
118 
148 
185 
127 
99 
95 
114 
84 
78 
17 
128 
208 
79 
97 
67 
68 
53 
30 
47 
64 
48 
207 
159 
143 
110 
77 
4 
111 
146 
181 
160 
83 
69 
78 
0 
79 
94 
14 
74 
106 
58 
5 
21 
37 
53 
37 
35 
84 
85 
37 
42 
177 
145 
111 
61 
65 
73 
133 
127 
145 
49 
138 
170 
26 
30 
30 
143 
111 
1 
221 
43 
176 
179 
94 
79 
17 
62 
37 
51 
133 
158 
158 
125 
68 
191 
369 
378 
193 
38 
133 
146 
174 
210 
149 
110 
48 
14 
21 
3 
36 
36 
37 
21 
42 
58 
26 
97 
97 
32 
49 
115 
84 
53 
46 
30 
62 
78 
117 
92 
59 
21 
94 
143 
160 
145 
113 
31 
145 
131 
20 
58 
33 
15 
145 
163 
164 
164 
140 
90 
16 
195 
318 
255 
208 
78 
3 
110 
153 
132 
142 
192 
145 
17 
46 
33 
14 
37 
94 
110 
30 
33 
106 
193 
208 
63 
18 
68 
159 
129 
122 
154 
161 
80 
211 
222 
144 
65 
5 
26 
42 
26 
30 
160 
49 
17 
58 
37 
117 
149 
69 
28 
84 
20 
69 
53 
140 
75 
5 
47 
105 
84 
85 
127 
64 
15 
32 
0 
1 
62 
62 
58 
67 
20 
4 
10 
17 
32 
48 
31 
15 
16 
31 
1 
65 
97 
96 
62 
3 
101 
127 
63 
31 
79 
127 
110 
45 
164 
126 
95 
79 
14 
13 
43 
49 
6 
5 
25 
14 
18 
24 
123 
6 
46 
147 
184 
52 
63 
82 
84 
62 
63 
64 
64 
223 
160 
113 
49 
14 
62 
110 
157 
235 
154 
80 
30 
18 
36 
62 
96 
273 
234 
225 
182 
186 
172 
148 
130 
273 
205 
161 
125 
56 
43 
22 
9 
4 
2 
22 
39 
40 
55 
71 
53 
12 
8 
21 
48 
35 
46 
73 
117 
79 
50 
20 
10 
47 
31 
78 
124 
46 
41 
10 
9 
21 
34 
63 
3 
8 
20 
47 
82 
36 
14 
32 
66 
20 
30 
16 
45 
43 
37 
47 
48 
49 
37 
60 
10 
47 
65 
12 
10 
96 
129 
211 
132 
53 
154 
291 
100 
19 
84 
62 
79 
81 
66 
91 
65 
25 
101 
128 
58 
3 
42 
1 
16 
78 
76 
10 
1 
80 
49 
35 
43 
42 
47 
64 
90 
91 
67 
27 
43 
43 
10 
26 
31 
96 
90 
59 
99 
44 
4 
68 
69 
94 
78 
1 
42 
51 
36 
85 
94 
46 
37 
44 
43 
37 
78 
79 
15 
17 
26 
35 
4 
10 
63 
48 
17 
58 
17 
0 
61 
107 
112 
44 
74 
31 
259 
421 
158 
66 
100 
46 
192 
210 
84 
85 
21 
26 
19 
148 
197 
85 
3 
132 
174 
62 
0 
16 
0 
47 
0 
32 
32 
48 
64 
47 
33 
99 
52 
21 
30 
30 
97 
122 
170 
122 
58 
1 
47 
113 
42 
12 
11 
14 
0 
80 
80 
16 
0 
61 
74 
25 
20 
30 
49 
42 
59 
139 
154 
176 
118 
91 
48 
29 
11 
46 
48 
97 
19 
27 
58 
80 
45 
10 
80 
179 
174 
112 
26 
85 
116 
4 
91 
85 
10 
122 
85 
142 
94 
31 
15 
16 
32 
48 
1 
142 
142 
18 
84 
117 
85 
53 
26 
4 
36 
12 
11 
11 
4 
42 
49 
0 
33 
12 
14 
16 
29 
59 
106 
81 
48 
15 
33 
4 
3 
36 
53 
10 
58 
97 
95 
61 
5 
57 
84 
206 
160 
113 
64 
49 
51 
78 
80 
67 
85 
46 
37 
60 
123 
106 
64 
18 
43 
49 
0 
97 
138 
250 
161 
48 
99 
10 
113 
111 
12 
46 
112 
225 
240 
239 
173 
97 
45 
33 
3 
103 
20 
119 
139 
55 
84 
185 
69 
80 
323 
229 
101 
67 
132 
142 
111 
80 
65 
49 
5 
21 
21 
30 
46 
15 
16 
31 
31 
46 
126 
181 
92 
4 
78 
96 
106 
67 
69 
37 
30 
1 
65 
113 
145 
161 
81 
64 
31 
2 
20 
0 
1 
19 
94 
192 
90 
68 
124 
107 
27 
53 
10 
65 
65 
65 
32 
62 
93 
107 
63 
210 
165 
127 
160 
111 
25 
100 
142 
161 
42 
76 
4 
69 
69 
62 
78 
101 
140 
113 
22 
53 
64 
98 
68 
100 
116 
60 
5 
46 
63 
95 
109 
91 
64 
1 
19 
4 
26 
33 
16 
46 
93 
90 
8 
4 
184 
148 
46 
16 
37 
60 
75 
122 
33 
97 
65 
15 
63 
64 
49 
5 
51 
52 
85 
17 
1 
31 
31 
47 
15 
14 
19 
78 
160 
178 
148 
92 
59 
17 
9 
52 
96 
98 
11 
14 
96 
37 
76 
11 
101 
133 
37 
67 
117 
94 
64 
49 
26 
58 
58 
32 
15 
33 
58 
19 
20 
21 
14 
15 
0 
64 
95 
111 
142 
29 
148 
197 
158 
30 
49 
42 
99 
116 
149 
117 
10 
51 
36 
11 
11 
20 
5 
5 
10 
49 
0 
0 
44 
106 
127 
60 
10 
0 
50 
116 
181 
142 
62 
26 
163 
100 
133 
62 
33 
63 
1 
49 
179 
101 
65 
112 
97 
26 
3 
11 
53 
133 
78 
62 
29 
100 
46 
47 
78 
93 
11 
174 
287 
80 
32 
122 
67 
21 
46 
46 
47 
79 
64 
81 
113 
96 
31 
19 
46 
33 
67 
165 
94 
32 
175 
62 
12 
91 
122 
48 
1 
74 
243 
252 
122 
31 
179 
174 
79 
15 
47 
30 
12 
42 
80 
62 
53 
12 
52 
85 
53 
53 
30 
16 
63 
47 
47 
47 
31 
31 
0 
0 
48 
79 
78 
28 
68 
78 
78 
77 
107 
106 
47 
66 
117 
32 
134 
171 
48 
51 
30 
25 
20 
53 
63 
79 
16 
32 
48 
65 
81 
97 
97 
17 
15 
16 
1 
2 
20 
95 
209 
155 
59 
53 
110 
112 
81 
17 
90 
75 
19 
35 
20 
5 
10 
17 
17 
49 
58 
26 
21 
85 
60 
20 
53 
33 
64 
31 
58 
122 
106 
74 
97 
144 
134 
122 
54 
5 
50 
142 
194 
116 
62 
127 
111 
46 
50 
132 
174 
112 
49 
51 
36 
36 
10 
26 
5 
26 
59 
43 
20 
44 
43 
49 
32 
47 
110 
157 
123 
32 
2 
117 
16 
115 
238 
31 
30 
90 
91 
4 
101 
245 
254 
197 
124 
49 
57 
325 
464 
186 
14 
142 
175 
160 
176 
191 
174 
156 
17 
242 
302 
336 
154 
33 
63 
160 
154 
91 
27 
91 
91 
59 
43 
42 
53 
94 
15 
31 
95 
48 
96 
161 
112 
0 
82 
196 
245 
37 
195 
180 
100 
44 
59 
11 
69 
94 
33 
129 
128 
47 
122 
67 
20 
5 
37 
69 
28 
20 
69 
78 
62 
95 
46 
17 
33 
10 
37 
44 
43 
81 
54 
59 
16 
50 
148 
78 
96 
127 
69 
51 
116 
5 
58 
97 
80 
14 
35 
53 
46 
95 
80 
16 
31 
95 
95 
47 
79 
31 
14 
69 
92 
58 
48 
25 
68 
223 
241 
123 
27 
53 
142 
111 
144 
225 
225 
160 
13 
37 
23 
75 
137 
398 
450 
276 
76 
117 
175 
210 
212 
174 
128 
81 
10 
10 
21 
53 
62 
47 
46 
92 
58 
0 
49 
122 
171 
12 
107 
10 
80 
79 
46 
5 
28 
42 
49 
48 
30 
13 
11 
30 
0 
5 
12 
10 
1 
48 
49 
26 
19 
4 
4 
12 
27 
90 
97 
95 
93 
58 
22 
14 
50 
135 
100 
104 
84 
63 
50 
20 
1 
31 
29 
11 
1 
0 
29 
59 
32 
2 
21 
32 
45 
42 
54 
58 
109 
103 
121 
105 
89 
71 
36 
41 
74 
39 
27 
16 
12 
17 
6 
74 
54 
74 
93 
87 
9 
109 
228 
258 
63 
35 
14 
22 
139 
199 
267 
253 
150 
70 
9 
50 
82 
50 
18 
34 
25 
7 
7 
9 
91 
124 
93 
70 
38 
29 
12 
4 
3 
2 
8 
39 
45 
20 
45 
39 
6 
5 
19 
34 
88 
54 
4 
93 
134 
103 
40 
41 
50 
34 
19 
27 
44 
4 
3 
12 
34 
104 
78 
12 
56 
91 
93 
56 
87 
102 
100 
82 
104 
69 
3 
7 
4 
9 
10 
6 
26 
73 
69 
6 
10 
7 
11 
8 
43 
104 
164 
136 
36 
48 
13 
21 
16 
61 
5 
32 
115 
85 
112 
86 
43 
0 
92 
224 
140 
73 
231 
213 
147 
104 
36 
32 
76 
40 
4 
24 
21 
41 
37 
32 
50 
53 
31 
16 
10 
35 
36 
21 
30 
31 
17 
18 
4 
37 
47 
32 
14 
60 
107 
58 
33 
31 
34 
20 
1 
0 
60 
32 
35 
40 
36 
57 
46 
19 
14 
25 
36 
14 
0 
42 
51 
85 
94 
79 
47 
62 
30 
69 
12 
21 
14 
48 
97 
131 
52 
52 
36 
83 
116 
108 
139 
74 
32 
50 
101 
31 
50 
116 
94 
48 
17 
21 
28 
4 
101 
133 
69 
5 
11 
51 
164 
133 
12 
84 
133 
126 
17 
81 
80 
95 
126 
19 
101 
208 
186 
99 
100 
132 
44 
84 
158 
206 
319 
486 
315 
153 
343 
277 
226 
191 
146 
149 
127 
49 
5 
21 
21 
46 
1 
32 
95 
97 
49 
26 
21 
43 
59 
75 
26 
47 
82 
69 
48 
3 
5 
16 
58 
99 
100 
60 
75 
26 
17 
64 
97 
49 
17 
32 
17 
10 
26 
75 
91 
58 
17 
1 
1 
17 
33 
49 
49 
33 
0 
16 
15 
48 
97 
26 
26 
53 
69 
21 
20 
3 
11 
11 
11 
27 
19 
52 
52 
37 
53 
69 
101 
92 
26 
15 
3 
79 
115 
255 
62 
60 
59 
49 
1 
15 
0 
15 
16 
0 
0 
16 
0 
15 
15 
1 
5 
28 
26 
33 
31 
34 
36 
53 
62 
47 
31 
31 
31 
47 
47 
46 
46 
53 
60 
59 
81 
1 
3 
1 
16 
34 
53 
46 
48 
80 
144 
79 
18 
68 
126 
94 
62 
78 
77 
91 
58 
32 
15 
5 
19 
21 
1 
0 
31 
53 
28 
37 
47 
81 
74 
12 
59 
123 
106 
96 
15 
114 
164 
142 
17 
49 
33 
26 
42 
58 
90 
58 
42 
5 
10 
1 
31 
0 
16 
110 
149 
124 
26 
80 
82 
180 
334 
238 
3 
117 
144 
179 
149 
110 
95 
15 
0 
16 
48 
32 
32 
48 
47 
16 
49 
65 
49 
65 
48 
31 
37 
76 
10 
46 
80 
65 
17 
37 
69 
12 
27 
26 
14 
15 
64 
1 
69 
76 
91 
43 
26 
58 
65 
47 
61 
27 
31 
210 
277 
143 
32 
81 
33 
5 
26 
51 
69 
30 
31 
48 
65 
33 
33 
49 
33 
16 
15 
48 
0 
46 
30 
12 
11 
1 
32 
90 
3 
139 
170 
113 
31 
18 
27 
47 
225 
186 
27 
4 
68 
52 
52 
52 
68 
37 
106 
106 
26 
46 
15 
32 
97 
106 
58 
49 
1 
31 
32 
5 
5 
60 
91 
26 
46 
64 
32 
14 
1 
26 
26 
21 
69 
69 
53 
10 
75 
107 
43 
36 
69 
21 
20 
4 
36 
52 
12 
36 
11 
59 
58 
58 
81 
47 
14 
12 
21 
1 
15 
2 
27 
1 
31 
81 
26 
20 
76 
91 
43 
26 
0 
48 
74 
12 
75 
17 
15 
33 
19 
43 
21 
14 
49 
32 
16 
81 
26 
42 
20 
5 
37 
78 
143 
159 
127 
1 
51 
21 
47 
97 
163 
4 
90 
129 
160 
95 
17 
115 
53 
46 
15 
15 
63 
78 
21 
3 
91 
81 
32 
9 
100 
190 
192 
112 
31 
50 
68 
142 
145 
170 
107 
27 
52 
84 
148 
60 
52 
85 
94 
94 
46 
21 
12 
20 
17 
0 
49 
19 
75 
122 
128 
62 
3 
62 
112 
218 
251 
123 
1 
137 
164 
78 
48 
81 
97 
49 
30 
85 
5 
65 
65 
80 
46 
37 
60 
59 
10 
63 
128 
209 
81 
31 
64 
49 
1 
26 
90 
122 
58 
17 
16 
15 
17 
26 
35 
11 
4 
20 
69 
5 
106 
154 
177 
176 
118 
27 
104 
84 
255 
225 
187 
155 
113 
48 
163 
175 
194 
148 
101 
30 
17 
49 
14 
16 
15 
47 
48 
0 
48 
65 
33 
17 
14 
78 
78 
110 
61 
27 
21 
95 
112 
177 
257 
160 
18 
78 
130 
174 
177 
131 
101 
30 
14 
46 
14 
1 
26 
26 
26 
10 
10 
33 
65 
48 
16 
16 
17 
19 
36 
53 
14 
53 
133 
124 
90 
80 
86 
123 
87 
11 
31 
211 
350 
367 
94 
3 
62 
81 
35 
101 
143 
176 
113 
106 
58 
58 
33 
95 
144 
208 
209 
32 
144 
225 
161 
96 
0 
49 
113 
65 
0 
30 
77 
20 
46 
111 
129 
65 
16 
0 
15 
21 
3 
4 
26 
17 
15 
31 
0 
15 
32 
0 
32 
33 
49 
49 
33 
15 
47 
15 
62 
78 
85 
44 
85 
222 
175 
16 
97 
74 
67 
68 
85 
37 
5 
10 
43 
43 
43 
67 
36 
26 
90 
90 
58 
11 
43 
43 
74 
113 
64 
1 
19 
149 
127 
48 
63 
47 
46 
46 
37 
4 
60 
43 
21 
78 
271 
287 
110 
10 
67 
181 
175 
193 
163 
116 
52 
28 
43 
42 
26 
32 
1 
67 
101 
31 
129 
170 
107 
59 
85 
111 
112 
58 
51 
37 
33 
16 
15 
14 
93 
139 
74 
32 
62 
76 
33 
48 
147 
85 
0 
113 
138 
21 
10 
81 
48 
65 
83 
117 
79 
49 
58 
75 
75 
11 
68 
148 
28 
68 
101 
101 
37 
4 
28 
26 
15 
17 
26 
28 
43 
10 
15 
32 
47 
63 
46 
37 
3 
4 
17 
17 
35 
53 
95 
160 
128 
111 
2 
53 
97 
67 
46 
57 
100 
165 
149 
92 
42 
1 
0 
16 
10 
67 
84 
5 
49 
48 
47 
62 
85 
60 
58 
32 
34 
116 
207 
97 
78 
69 
11 
107 
123 
10 
94 
160 
90 
52 
60 
11 
30 
79 
80 
1 
10 
10 
75 
11 
21 
1 
1 
1 
14 
5 
26 
74 
122 
97 
96 
79 
44 
37 
144 
130 
180 
196 
124 
17 
41 
132 
191 
186 
155 
59 
26 
10 
20 
11 
10 
32 
14 
5 
26 
27 
27 
27 
37 
53 
10 
10 
26 
59 
11 
36 
36 
52 
36 
53 
85 
140 
122 
79 
2 
117 
112 
26 
35 
69 
78 
46 
15 
47 
49 
74 
91 
83 
36 
36 
133 
181 
141 
91 
17 
73 
132 
79 
82 
149 
112 
74 
20 
52 
11 
106 
32 
34 
52 
111 
90 
75 
123 
74 
81 
79 
62 
3 
36 
30 
111 
65 
49 
1 
30 
1 
14 
53 
29 
59 
65 
47 
45 
27 
33 
47 
76 
33 
41 
4 
48 
86 
75 
7 
68 
144 
227 
165 
62 
48 
32 
15 
15 
33 
58 
67 
43 
5 
46 
112 
145 
154 
138 
1 
79 
128 
129 
74 
35 
11 
37 
1 
81 
129 
129 
128 
95 
78 
12 
46 
128 
122 
51 
52 
85 
85 
28 
53 
94 
79 
48 
10 
67 
68 
92 
75 
26 
0 
32 
49 
51 
36 
11 
11 
67 
52 
52 
53 
28 
4 
47 
146 
132 
14 
15 
32 
32 
65 
115 
69 
0 
1 
35 
37 
14 
46 
47 
63 
94 
140 
80 
44 
16 
3 
0 
12 
0 
18 
37 
32 
18 
5 
0 
30 
28 
43 
97 
79 
92 
113 
109 
89 
91 
77 
200 
199 
181 
130 
79 
35 
14 
16 
5 
19 
11 
11 
3 
4 
26 
65 
112 
90 
67 
36 
21 
14 
14 
14 
30 
14 
5 
10 
35 
20 
20 
4 
26 
10 
10 
21 
27 
91 
91 
106 
30 
48 
49 
65 
33 
33 
14 
0 
1 
34 
36 
52 
85 
108 
106 
48 
29 
27 
17 
0 
1 
3 
27 
49 
48 
1 
12 
5 
47 
97 
131 
149 
110 
1 
26 
59 
131 
132 
132 
124 
27 
5 
30 
15 
15 
16 
0 
32 
17 
17 
49 
26 
37 
94 
46 
17 
33 
14 
62 
31 
0 
16 
32 
31 
47 
0 
32 
79 
77 
107 
64 
13 
53 
144 
178 
68 
21 
18 
4 
17 
70 
11 
128 
115 
62 
0 
16 
96 
110 
92 
42 
32 
16 
49 
42 
10 
21 
21 
36 
44 
27 
17 
31 
80 
74 
35 
5 
16 
32 
63 
47 
63 
63 
110 
101 
76 
58 
15 
2 
5 
80 
179 
181 
46 
62 
1 
5 
67 
100 
149 
110 
47 
16 
14 
30 
10 
35 
20 
37 
46 
14 
17 
49 
65 
64 
64 
47 
1 
21 
27 
27 
3 
43 
43 
65 
32 
15 
10 
35 
5 
33 
16 
15 
30 
5 
12 
10 
16 
0 
10 
3 
11 
26 
17 
0 
30 
21 
28 
27 
33 
15 
65 
42 
12 
59 
42 
49 
32 
14 
34 
36 
117 
30 
0 
64 
96 
80 
63 
14 
74 
3 
43 
26 
14 
47 
32 
62 
53 
10 
27 
28 
75 
107 
74 
16 
113 
99 
52 
85 
1 
97 
97 
81 
80 
32 
33 
1 
21 
3 
4 
10 
33 
95 
45 
37 
159 
145 
107 
4 
101 
101 
62 
62 
62 
31 
15 
15 
15 
1 
17 
26 
26 
35 
11 
75 
90 
49 
32 
15 
16 
32 
48 
49 
65 
97 
49 
30 
95 
111 
110 
142 
69 
44 
26 
17 
15 
32 
26 
19 
75 
122 
113 
62 
28 
158 
257 
115 
52 
36 
20 
12 
10 
46 
127 
129 
58 
3 
11 
37 
69 
69 
21 
26 
91 
91 
27 
28 
75 
122 
144 
126 
76 
1 
65 
28 
5 
0 
13 
10 
0 
13 
10 
16 
17 
19 
5 
0 
16 
10 
12 
11 
5 
14 
14 
1 
94 
95 
95 
78 
78 
92 
74 
63 
99 
63 
35 
40 
5 
29 
24 
42 
83 
73 
87 
100 
73 
62 
66 
37 
31 
109 
139 
112 
109 
33 
51 
104 
133 
114 
95 
67 
0 
61 
90 
54 
58 
6 
53 
98 
78 
66 
30 
41 
20 
47 
34 
4 
15 
41 
4 
33 
15 
13 
10 
32 
45 
42 
32 
67 
62 
65 
35 
21 
16 
18 
20 
5 
1 
0 
21 
12 
5 
48 
66 
36 
46 
63 
48 
14 
78 
85 
21 
19 
85 
46 
0 
47 
62 
28 
37 
80 
67 
94 
95 
97 
42 
37 
149 
85 
12 
68 
53 
69 
33 
129 
176 
182 
91 
136 
101 
89 
69 
121 
132 
143 
81 
12 
27 
33 
48 
14 
2 
4 
1 
15 
13 
10 
47 
64 
81 
65 
49 
32 
16 
0 
15 
31 
14 
10 
3 
10 
17 
15 
10 
35 
52 
53 
53 
53 
20 
27 
27 
10 
5 
1 
0 
0 
0 
17 
10 
5 
11 
51 
36 
36 
4 
10 
5 
5 
1 
14 
15 
32 
32 
17 
17 
17 
17 
33 
32 
0 
0 
0 
15 
0 
16 
15 
31 
0 
14 
26 
26 
3 
20 
53 
53 
62 
46 
14 
1 
17 
5 
10 
26 
26 
42 
10 
21 
46 
30 
30 
15 
31 
31 
14 
33 
65 
33 
31 
32 
64 
65 
65 
65 
49 
0 
16 
1 
21 
19 
20 
69 
30 
1 
32 
32 
16 
16 
32 
49 
49 
1 
46 
17 
33 
49 
33 
16 
16 
15 
15 
1 
1 
21 
36 
12 
11 
10 
17 
15 
32 
33 
5 
10 
5 
68 
76 
75 
26 
1 
14 
47 
64 
65 
49 
32 
16 
32 
49 
58 
58 
27 
20 
11 
43 
27 
27 
27 
11 
27 
27 
11 
11 
10 
10 
42 
17 
0 
31 
30 
10 
12 
59 
5 
30 
79 
112 
160 
31 
65 
35 
69 
95 
80 
58 
67 
36 
20 
5 
10 
10 
26 
17 
17 
17 
16 
31 
14 
10 
51 
36 
37 
21 
1 
0 
16 
15 
1 
18 
36 
53 
30 
15 
31 
48 
32 
16 
0 
15 
15 
47 
31 
17 
49 
42 
42 
11 
3 
36 
4 
27 
43 
42 
10 
30 
62 
47 
32 
65 
42 
4 
12 
4 
11 
11 
20 
20 
20 
20 
20 
20 
4 
4 
3 
4 
11 
11 
11 
27 
27 
27 
27 
43 
58 
42 
49 
16 
0 
10 
19 
11 
5 
33 
16 
32 
58 
74 
43 
21 
53 
37 
30 
30 
1 
32 
15 
48 
65 
42 
10 
10 
27 
43 
43 
10 
5 
14 
17 
16 
16 
31 
30 
21 
3 
5 
1 
16 
0 
14 
5 
10 
11 
12 
43 
123 
106 
48 
17 
3 
37 
80 
154 
147 
52 
19 
36 
10 
1 
15 
49 
99 
116 
62 
0 
0 
16 
1 
14 
5 
42 
27 
43 
43 
26 
10 
17 
16 
15 
1 
5 
19 
4 
5 
26 
33 
16 
0 
17 
5 
21 
28 
27 
42 
42 
17 
32 
14 
5 
12 
4 
17 
0 
16 
17 
10 
3 
27 
27 
26 
33 
16 
15 
14 
21 
3 
4 
5 
5 
17 
1 
0 
0 
31 
78 
69 
44 
10 
0 
17 
19 
69 
78 
15 
0 
17 
1 
47 
47 
31 
16 
16 
16 
49 
65 
49 
0 
32 
32 
17 
21 
53 
60 
75 
10 
17 
0 
58 
99 
85 
53 
17 
1 
14 
30 
26 
51 
68 
46 
47 
48 
49 
65 
58 
26 
17 
17 
15 
32 
10 
19 
4 
5 
26 
49 
32 
15 
1 
21 
12 
26 
17 
0 
0 
1 
10 
26 
19 
4 
27 
27 
42 
42 
65 
49 
0 
17 
10 
27 
3 
11 
26 
26 
97 
64 
0 
10 
51 
36 
37 
94 
14 
17 
42 
74 
74 
58 
42 
26 
17 
49 
48 
31 
1 
3 
4 
5 
49 
31 
30 
12 
21 
46 
48 
65 
74 
75 
59 
37 
62 
79 
64 
65 
58 
42 
42 
10 
10 
26 
90 
113 
48 
1 
35 
37 
31 
65 
90 
35 
11 
43 
59 
43 
27 
27 
4 
4 
27 
75 
155 
90 
64 
1 
19 
46 
96 
114 
116 
