3 
4 
4 
5 
10 
14 
15 
15 
32 
33 
17 
10 
11 
3 
4 
10 
5 
1 
0 
15 
16 
16 
1 
13 
27 
10 
0 
17 
42 
58 
74 
106 
80 
47 
21 
12 
4 
20 
20 
20 
3 
11 
4 
4 
4 
11 
4 
4 
5 
26 
49 
16 
0 
14 
3 
4 
37 
46 
31 
48 
48 
48 
32 
16 
1 
1 
1 
5 
4 
12 
27 
33 
16 
1 
18 
20 
37 
46 
63 
63 
79 
62 
69 
60 
27 
17 
16 
0 
17 
33 
26 
26 
42 
42 
42 
42 
32 
31 
5 
12 
21 
46 
47 
48 
33 
33 
49 
65 
65 
48 
48 
15 
0 
0 
16 
16 
1 
1 
17 
17 
16 
16 
31 
30 
28 
26 
0 
33 
43 
51 
60 
59 
59 
42 
49 
48 
48 
31 
14 
10 
26 
17 
17 
16 
0 
15 
17 
1 
1 
14 
5 
4 
12 
10 
17 
15 
5 
12 
21 
46 
63 
80 
79 
79 
62 
45 
59 
26 
17 
31 
64 
64 
63 
62 
44 
10 
0 
16 
42 
43 
43 
59 
59 
74 
33 
15 
1 
17 
17 
32 
15 
1 
26 
43 
43 
59 
42 
26 
33 
1 
1 
17 
14 
53 
37 
20 
27 
43 
43 
43 
43 
26 
42 
33 
14 
21 
5 
12 
43 
58 
32 
1 
3 
5 
15 
16 
18 
4 
1 
15 
13 
10 
7 
43 
31 
3 
31 
81 
91 
107 
123 
90 
65 
32 
16 
31 
47 
63 
46 
28 
26 
32 
14 
18 
20 
53 
62 
78 
77 
75 
33 
0 
26 
59 
59 
59 
42 
10 
5 
13 
27 
10 
0 
1 
3 
20 
37 
46 
62 
47 
31 
31 
15 
16 
31 
0 
32 
32 
31 
15 
0 
32 
16 
1 
5 
3 
21 
37 
14 
14 
17 
1 
0 
16 
5 
3 
5 
1 
0 
30 
28 
1 
16 
18 
20 
53 
53 
53 
68 
76 
43 
43 
42 
26 
5 
1 
17 
16 
14 
5 
5 
20 
11 
43 
59 
42 
33 
31 
38 
59 
48 
45 
26 
9 
36 
46 
48 
34 
20 
14 
33 
66 
36 
14 
0 
18 
53 
78 
78 
78 
53 
28 
43 
59 
26 
49 
31 
13 
11 
14 
31 
33 
26 
33 
33 
16 
15 
0 
0 
0 
0 
0 
31 
31 
15 
0 
16 
0 
0 
16 
32 
49 
33 
33 
49 
33 
17 
48 
47 
30 
5 
10 
19 
4 
4 
5 
5 
5 
5 
14 
5 
5 
21 
21 
4 
3 
4 
5 
16 
47 
29 
11 
0 
41 
36 
14 
17 
19 
21 
0 
16 
26 
3 
10 
1 
16 
1 
28 
32 
13 
17 
34 
37 
48 
19 
14 
64 
74 
83 
52 
68 
52 
44 
43 
42 
33 
16 
0 
1 
17 
49 
81 
95 
37 
12 
5 
30 
46 
30 
15 
31 
47 
47 
32 
32 
32 
16 
0 
0 
16 
33 
17 
14 
37 
44 
58 
64 
38 
59 
55 
90 
77 
39 
33 
12 
9 
30 
51 
72 
116 
142 
160 
176 
191 
205 
193 
204 
198 
198 
166 
132 
66 
8 
40 
72 
40 
8 
40 
39 
23 
38 
22 
25 
41 
41 
24 
23 
38 
36 
34 
72 
62 
51 
56 
30 
3 
8 
17 
12 
6 
6 
11 
29 
7 
1 
3 
25 
39 
36 
41 
30 
19 
24 
21 
18 
30 
3 
8 
10 
29 
54 
56 
88 
72 
55 
38 
22 
29 
3 
19 
3 
35 
50 
57 
71 
70 
52 
50 
72 
46 
35 
41 
55 
36 
41 
14 
12 
23 
4 
9 
14 
12 
7 
17 
44 
22 
7 
10 
12 
6 
7 
6 
2 
19 
27 
44 
36 
3 
3 
12 
12 
12 
28 
29 
45 
45 
28 
12 
20 
19 
19 
2 
25 
24 
39 
22 
2 
18 
18 
34 
41 
71 
85 
82 
6 
59 
109 
132 
163 
176 
179 
174 
175 
143 
111 
79 
79 
62 
37 
12 
27 
26 
16 
16 
17 
58 
58 
74 
97 
95 
77 
75 
80 
76 
65 
13 
0 
12 
7 
26 
35 
72 
68 
111 
145 
138 
154 
145 
143 
108 
81 
47 
44 
33 
15 
12 
26 
0 
34 
53 
63 
64 
65 
17 
1 
14 
13 
43 
42 
48 
61 
74 
70 
74 
70 
57 
59 
54 
41 
27 
29 
8 
10 
3 
40 
37 
57 
52 
63 
66 
68 
69 
46 
31 
16 
16 
1 
21 
28 
43 
58 
64 
61 
58 
38 
43 
47 
44 
32 
29 
17 
6 
11 
0 
3 
14 
41 
20 
1 
16 
26 
59 
59 
43 
58 
42 
64 
30 
13 
11 
17 
0 
17 
35 
20 
30 
31 
32 
33 
19 
20 
21 
14 
16 
17 
3 
11 
1 
15 
44 
49 
61 
97 
92 
102 
55 
40 
8 
6 
45 
52 
50 
72 
53 
73 
78 
82 
78 
89 
52 
47 
19 
14 
25 
20 
16 
12 
1 
13 
26 
61 
57 
75 
93 
71 
40 
73 
66 
34 
25 
6 
22 
38 
22 
7 
24 
9 
10 
28 
6 
55 
72 
103 
86 
69 
51 
73 
55 
21 
12 
6 
8 
34 
59 
92 
76 
52 
35 
25 
72 
78 
67 
47 
3 
24 
59 
77 
55 
41 
34 
59 
76 
38 
24 
26 
12 
2 
8 
22 
20 
2 
24 
14 
19 
72 
53 
25 
10 
29 
24 
75 
54 
0 
19 
40 
4 
6 
21 
32 
3 
1 
6 
43 
39 
27 
6 
42 
45 
8 
20 
40 
4 
0 
18 
21 
16 
12 
1 
13 
42 
38 
58 
45 
33 
29 
17 
12 
0 
3 
30 
34 
5 
0 
19 
30 
32 
18 
4 
5 
0 
30 
76 
65 
70 
90 
86 
97 
76 
23 
5 
3 
7 
11 
8 
36 
64 
67 
85 
95 
80 
58 
42 
3 
27 
17 
32 
31 
30 
45 
59 
33 
16 
15 
14 
3 
4 
5 
1 
14 
31 
15 
31 
30 
37 
44 
59 
65 
47 
45 
42 
32 
13 
10 
0 
3 
1 
0 
3 
37 
62 
63 
47 
47 
15 
0 
32 
0 
32 
16 
1 
5 
19 
21 
30 
46 
78 
109 
91 
65 
62 
60 
58 
31 
28 
14 
34 
36 
31 
33 
51 
52 
37 
30 
30 
30 
17 
33 
16 
15 
15 
1 
17 
26 
42 
65 
49 
63 
46 
60 
42 
48 
21 
28 
10 
14 
15 
16 
1 
34 
36 
20 
21 
37 
21 
4 
3 
20 
20 
36 
44 
43 
59 
42 
1 
62 
77 
58 
16 
1 
3 
4 
53 
37 
37 
53 
78 
78 
78 
62 
37 
12 
27 
42 
64 
45 
27 
0 
32 
58 
58 
35 
4 
26 
26 
17 
15 
14 
28 
27 
49 
63 
45 
27 
15 
49 
58 
43 
27 
27 
26 
33 
1 
15 
31 
15 
31 
47 
46 
30 
10 
5 
5 
4 
11 
11 
4 
27 
26 
33 
31 
13 
20 
21 
1 
0 
16 
17 
26 
12 
26 
0 
3 
30 
64 
81 
65 
42 
58 
65 
81 
63 
38 
59 
33 
0 
18 
20 
21 
30 
46 
69 
76 
91 
58 
16 
14 
2 
21 
15 
9 
4 
16 
29 
26 
22 
33 
28 
7 
4 
41 
37 
57 
37 
48 
19 
30 
65 
67 
69 
53 
62 
46 
46 
31 
47 
31 
32 
0 
15 
14 
14 
10 
10 
4 
28 
27 
33 
16 
14 
28 
5 
15 
2 
10 
0 
45 
26 
22 
26 
25 
5 
48 
67 
78 
80 
97 
106 
107 
75 
43 
19 
4 
4 
27 
26 
33 
16 
30 
29 
43 
26 
0 
1 
2 
27 
32 
13 
1 
34 
53 
63 
81 
74 
75 
75 
51 
36 
21 
17 
48 
46 
60 
97 
86 
113 
76 
8 
36 
64 
98 
116 
132 
124 
123 
106 
113 
112 
62 
44 
10 
32 
42 
51 
68 
69 
69 
44 
43 
42 
48 
14 
3 
4 
1 
16 
34 
20 
14 
15 
17 
3 
21 
15 
33 
10 
3 
37 
46 
63 
63 
63 
47 
15 
0 
0 
1 
17 
10 
5 
20 
28 
11 
5 
21 
14 
30 
14 
16 
15 
30 
44 
10 
16 
2 
4 
31 
49 
58 
35 
20 
37 
15 
0 
2 
11 
17 
32 
48 
48 
32 
0 
16 
33 
26 
42 
26 
10 
33 
49 
64 
64 
63 
37 
19 
36 
84 
68 
68 
44 
27 
17 
0 
1 
2 
11 
14 
31 
49 
42 
58 
43 
3 
11 
1 
15 
16 
49 
58 
42 
10 
26 
49 
49 
33 
17 
15 
14 
30 
53 
44 
27 
17 
16 
1 
12 
43 
17 
0 
3 
21 
62 
64 
65 
42 
19 
5 
14 
15 
32 
26 
10 
19 
11 
5 
21 
14 
31 
16 
17 
10 
19 
11 
4 
10 
17 
31 
5 
28 
49 
38 
43 
7 
4 
64 
114 
100 
108 
107 
113 
80 
46 
69 
44 
11 
21 
21 
14 
14 
15 
0 
14 
28 
11 
21 
30 
30 
0 
0 
0 
16 
32 
15 
14 
21 
28 
10 
0 
17 
18 
11 
17 
14 
28 
17 
33 
35 
85 
79 
80 
65 
65 
64 
64 
32 
31 
15 
0 
33 
33 
32 
15 
14 
21 
3 
11 
10 
37 
30 
14 
33 
32 
22 
27 
16 
1 
19 
37 
30 
47 
80 
64 
64 
33 
33 
1 
10 
42 
26 
10 
20 
11 
43 
43 
10 
1 
16 
47 
37 
12 
11 
44 
59 
58 
49 
63 
29 
4 
21 
30 
31 
16 
48 
49 
49 
42 
59 
75 
59 
59 
42 
10 
1 
15 
47 
63 
62 
37 
28 
27 
10 
0 
32 
33 
26 
19 
4 
5 
0 
18 
4 
14 
31 
48 
33 
10 
35 
52 
37 
14 
0 
0 
17 
10 
5 
12 
11 
10 
16 
1 
18 
20 
5 
30 
63 
63 
62 
69 
44 
43 
11 
10 
10 
5 
37 
20 
44 
43 
42 
49 
31 
21 
19 
20 
14 
31 
33 
58 
51 
52 
53 
69 
53 
37 
5 
17 
33 
32 
38 
91 
80 
77 
65 
45 
1 
41 
52 
78 
111 
128 
127 
126 
124 
90 
15 
49 
81 
63 
45 
43 
17 
15 
32 
15 
1 
33 
49 
48 
15 
0 
16 
31 
14 
10 
35 
20 
5 
21 
1 
33 
15 
48 
65 
65 
65 
49 
32 
15 
30 
37 
44 
26 
33 
31 
13 
11 
14 
15 
44 
42 
39 
43 
32 
28 
16 
29 
33 
29 
33 
45 
33 
12 
8 
43 
54 
56 
43 
29 
7 
5 
19 
40 
36 
64 
106 
139 
139 
90 
81 
15 
1 
10 
26 
19 
20 
5 
14 
15 
45 
75 
71 
106 
125 
134 
125 
100 
34 
6 
23 
55 
87 
86 
84 
82 
104 
70 
20 
2 
6 
7 
8 
9 
6 
6 
9 
2 
21 
19 
41 
39 
5 
19 
9 
8 
6 
26 
3 
13 
9 
24 
9 
13 
4 
12 
29 
29 
6 
9 
24 
55 
70 
69 
67 
57 
39 
18 
35 
19 
3 
4 
18 
56 
46 
50 
47 
51 
87 
52 
56 
36 
24 
4 
0 
3 
0 
12 
16 
12 
8 
10 
54 
41 
43 
38 
56 
50 
20 
67 
56 
62 
66 
71 
36 
56 
53 
9 
1 
19 
23 
4 
7 
4 
8 
26 
61 
72 
66 
27 
29 
22 
8 
6 
29 
20 
19 
18 
25 
71 
69 
66 
88 
69 
41 
1 
12 
23 
57 
34 
35 
11 
3 
57 
78 
66 
31 
51 
31 
51 
31 
3 
7 
4 
24 
20 
47 
18 
30 
9 
27 
23 
58 
44 
6 
6 
4 
9 
15 
51 
47 
35 
30 
57 
36 
24 
27 
6 
33 
44 
22 
23 
36 
56 
36 
31 
19 
31 
3 
0 
28 
39 
17 
3 
47 
51 
46 
64 
83 
101 
79 
49 
3 
5 
15 
6 
4 
14 
0 
18 
4 
33 
54 
59 
16 
3 
0 
44 
24 
11 
7 
10 
25 
69 
105 
68 
62 
63 
65 
50 
36 
53 
47 
32 
49 
10 
3 
43 
10 
16 
1 
28 
65 
22 
4 
16 
12 
17 
29 
17 
13 
17 
13 
24 
11 
25 
37 
34 
1 
13 
14 
50 
69 
127 
176 
160 
143 
101 
60 
10 
53 
92 
90 
95 
61 
42 
16 
1 
2 
20 
36 
37 
14 
15 
48 
33 
26 
3 
4 
5 
32 
38 
59 
80 
44 
0 
35 
46 
80 
98 
52 
53 
46 
47 
48 
48 
49 
17 
14 
30 
37 
12 
10 
32 
14 
3 
10 
32 
2 
21 
31 
49 
19 
20 
1 
15 
17 
59 
91 
43 
51 
20 
11 
49 
64 
45 
21 
9 
11 
16 
12 
1 
9 
4 
31 
34 
4 
0 
2 
26 
23 
43 
23 
58 
13 
8 
20 
41 
37 
57 
52 
48 
67 
53 
47 
65 
51 
52 
53 
62 
62 
46 
14 
14 
15 
15 
14 
14 
30 
53 
44 
59 
49 
47 
60 
81 
93 
72 
91 
70 
41 
43 
29 
8 
10 
19 
56 
68 
95 
106 
99 
100 
108 
91 
33 
0 
0 
31 
63 
78 
108 
145 
166 
161 
140 
134 
134 
119 
118 
77 
20 
3 
29 
60 
52 
19 
18 
41 
55 
38 
4 
2 
9 
23 
10 
2 
40 
21 
34 
31 
19 
0 
3 
16 
44 
32 
44 
32 
28 
16 
19 
30 
57 
68 
14 
0 
29 
27 
16 
29 
21 
48 
17 
28 
42 
32 
30 
28 
5 
0 
1 
2 
11 
10 
32 
38 
59 
48 
60 
72 
75 
6 
14 
34 
37 
48 
34 
20 
17 
22 
43 
23 
4 
0 
12 
26 
31 
18 
20 
14 
32 
49 
35 
5 
32 
30 
3 
4 
1 
0 
0 
1 
21 
5 
12 
11 
21 
37 
37 
60 
43 
33 
31 
26 
75 
106 
113 
96 
30 
21 
37 
1 
0 
16 
63 
38 
59 
48 
60 
32 
44 
49 
29 
1 
33 
19 
30 
48 
49 
26 
10 
43 
59 
43 
26 
26 
10 
37 
61 
75 
65 
63 
45 
43 
49 
47 
14 
43 
19 
4 
20 
21 
37 
14 
17 
17 
16 
16 
1 
5 
20 
12 
43 
11 
5 
5 
21 
21 
4 
3 
11 
42 
32 
14 
19 
53 
85 
101 
76 
106 
112 
93 
58 
38 
43 
15 
12 
14 
41 
36 
62 
63 
63 
63 
47 
30 
21 
3 
20 
60 
59 
42 
33 
63 
62 
60 
26 
16 
32 
17 
10 
26 
26 
26 
33 
32 
15 
5 
26 
58 
58 
49 
32 
31 
46 
37 
36 
12 
27 
11 
5 
21 
37 
37 
21 
4 
12 
43 
26 
1 
1 
0 
38 
27 
16 
29 
1 
57 
68 
101 
133 
124 
106 
80 
62 
44 
20 
53 
85 
52 
36 
12 
4 
36 
44 
59 
74 
65 
47 
29 
27 
1 
32 
33 
42 
58 
49 
32 
31 
14 
3 
11 
26 
17 
15 
17 
10 
19 
36 
37 
14 
15 
16 
26 
19 
36 
37 
30 
31 
15 
30 
14 
1 
17 
15 
31 
31 
31 
31 
46 
53 
36 
28 
11 
11 
4 
5 
21 
14 
14 
0 
15 
1 
12 
27 
26 
17 
0 
16 
30 
69 
60 
27 
33 
31 
13 
11 
10 
0 
15 
64 
79 
62 
28 
4 
37 
53 
21 
3 
27 
42 
32 
31 
69 
60 
42 
17 
32 
17 
26 
26 
26 
26 
14 
17 
17 
0 
0 
17 
26 
19 
11 
26 
32 
15 
1 
28 
10 
15 
64 
81 
90 
113 
111 
93 
74 
47 
13 
4 
21 
30 
47 
79 
78 
76 
58 
32 
15 
10 
26 
43 
59 
26 
1 
10 
35 
52 
68 
92 
90 
80 
46 
60 
74 
64 
29 
27 
1 
25 
36 
30 
48 
65 
58 
42 
58 
74 
81 
31 
30 
12 
14 
16 
42 
51 
36 
37 
53 
46 
62 
62 
46 
14 
17 
0 
32 
47 
37 
3 
37 
30 
15 
1 
30 
30 
37 
37 
37 
21 
21 
10 
42 
65 
48 
14 
3 
21 
14 
16 
33 
49 
81 
96 
94 
93 
59 
21 
69 
76 
91 
81 
30 
21 
35 
60 
43 
58 
81 
80 
79 
77 
59 
26 
1 
15 
32 
16 
16 
16 
15 
15 
14 
14 
0 
16 
0 
1 
21 
3 
27 
26 
0 
16 
17 
33 
26 
27 
19 
36 
68 
52 
36 
28 
27 
43 
42 
33 
0 
0 
0 
1 
5 
5 
11 
11 
42 
65 
79 
61 
43 
1 
0 
2 
4 
21 
1 
17 
51 
78 
97 
90 
107 
90 
81 
63 
76 
81 
38 
11 
0 
17 
35 
52 
53 
30 
30 
62 
62 
69 
92 
74 
47 
45 
5 
32 
50 
52 
78 
63 
96 
112 
127 
110 
93 
91 
65 
14 
3 
21 
30 
31 
48 
64 
64 
32 
32 
16 
0 
16 
31 
15 
15 
0 
14 
30 
15 
0 
0 
15 
0 
30 
45 
74 
64 
44 
1 
2 
21 
64 
90 
122 
107 
106 
113 
112 
63 
21 
3 
4 
5 
46 
62 
93 
91 
65 
31 
5 
12 
5 
37 
37 
30 
14 
0 
49 
58 
59 
59 
75 
75 
27 
11 
5 
10 
17 
1 
0 
15 
46 
21 
28 
4 
5 
21 
5 
5 
4 
12 
11 
10 
1 
16 
31 
29 
11 
33 
14 
3 
21 
0 
17 
19 
21 
31 
16 
2 
4 
1 
17 
51 
69 
78 
62 
78 
78 
46 
21 
10 
11 
5 
5 
5 
5 
21 
3 
4 
11 
5 
5 
10 
26 
26 
26 
10 
26 
10 
5 
21 
21 
10 
5 
20 
28 
27 
17 
16 
6 
11 
14 
16 
18 
20 
14 
16 
49 
51 
52 
46 
62 
62 
46 
30 
30 
37 
37 
21 
4 
4 
19 
36 
36 
44 
43 
10 
17 
0 
0 
1 
18 
20 
21 
31 
16 
26 
19 
11 
5 
14 
47 
31 
16 
16 
1 
14 
12 
4 
30 
30 
63 
78 
46 
37 
11 
27 
42 
49 
79 
76 
33 
14 
35 
68 
100 
92 
90 
97 
63 
37 
12 
59 
42 
17 
16 
32 
49 
81 
81 
63 
30 
3 
11 
17 
32 
30 
28 
21 
47 
49 
83 
84 
68 
52 
36 
36 
52 
37 
30 
30 
14 
14 
10 
26 
10 
10 
10 
42 
49 
47 
45 
59 
48 
44 
1 
18 
37 
47 
48 
64 
112 
144 
95 
63 
47 
16 
0 
14 
29 
59 
42 
48 
22 
27 
33 
31 
60 
42 
15 
3 
14 
33 
51 
53 
48 
49 
51 
53 
46 
47 
64 
64 
64 
48 
47 
46 
45 
59 
17 
0 
10 
3 
21 
14 
15 
16 
16 
17 
17 
1 
1 
14 
14 
21 
37 
21 
12 
27 
27 
42 
32 
15 
14 
10 
42 
26 
33 
32 
15 
1 
14 
21 
4 
3 
27 
17 
47 
49 
19 
21 
30 
32 
33 
35 
20 
21 
14 
16 
17 
10 
5 
12 
27 
10 
1 
0 
0 
17 
26 
43 
27 
11 
3 
11 
33 
31 
13 
10 
15 
19 
53 
63 
79 
96 
111 
110 
124 
129 
86 
90 
70 
65 
44 
8 
20 
80 
67 
62 
80 
66 
52 
31 
17 
28 
81 
87 
107 
80 
28 
30 
32 
67 
52 
53 
85 
124 
106 
64 
21 
19 
76 
139 
145 
63 
45 
43 
10 
1 
1 
0 
15 
31 
30 
1 
17 
1 
0 
32 
31 
31 
53 
60 
74 
127 
44 
17 
0 
33 
42 
27 
3 
27 
10 
33 
31 
13 
10 
16 
45 
26 
23 
43 
55 
90 
108 
118 
134 
134 
149 
130 
143 
147 
142 
159 
175 
191 
157 
106 
79 
60 
33 
50 
84 
117 
140 
155 
176 
172 
166 
104 
74 
60 
6 
14 
19 
39 
36 
24 
20 
40 
36 
72 
52 
56 
36 
64 
51 
47 
35 
31 
19 
31 
19 
15 
12 
14 
2 
5 
38 
11 
31 
49 
67 
100 
116 
124 
154 
144 
140 
120 
139 
157 
141 
109 
101 
99 
89 
71 
36 
13 
7 
4 
25 
30 
34 
46 
50 
37 
48 
66 
52 
69 
78 
78 
77 
91 
113 
79 
60 
1 
81 
97 
113 
159 
156 
128 
29 
14 
48 
58 
67 
11 
129 
141 
70 
7 
8 
20 
73 
53 
64 
67 
110 
89 
4 
8 
26 
61 
71 
105 
82 
99 
67 
35 
35 
18 
9 
9 
8 
25 
34 
27 
2 
56 
46 
35 
9 
8 
10 
18 
31 
35 
30 
9 
27 
55 
75 
55 
27 
48 
2 
21 
15 
34 
36 
14 
16 
34 
4 
33 
15 
18 
4 
1 
0 
17 
12 
42 
64 
45 
58 
70 
74 
54 
65 
76 
54 
120 
153 
183 
212 
239 
224 
223 
253 
241 
220 
182 
151 
135 
87 
54 
52 
67 
38 
102 
149 
178 
213 
223 
224 
230 
139 
81 
15 
32 
80 
94 
140 
192 
188 
119 
58 
61 
17 
2 
30 
18 
10 
9 
4 
15 
3 
30 
32 
81 
65 
96 
118 
123 
103 
58 
22 
5 
32 
51 
30 
48 
66 
68 
30 
25 
11 
24 
75 
86 
56 
57 
66 
67 
59 
28 
28 
20 
19 
51 
89 
78 
67 
31 
3 
31 
50 
69 
64 
65 
74 
81 
16 
42 
42 
81 
112 
93 
106 
150 
161 
124 
55 
49 
44 
9 
1 
19 
8 
4 
40 
68 
79 
129 
154 
161 
143 
205 
232 
185 
105 
26 
35 
80 
131 
158 
175 
208 
191 
175 
78 
14 
97 
150 
161 
140 
102 
39 
26 
18 
30 
73 
68 
78 
65 
35 
33 
108 
157 
132 
51 
13 
13 
3 
4 
51 
51 
38 
134 
132 
63 
3 
39 
120 
135 
132 
144 
163 
213 
176 
114 
53 
25 
59 
102 
122 
140 
156 
180 
162 
151 
116 
128 
147 
101 
14 
64 
102 
138 
150 
120 
114 
98 
66 
99 
99 
83 
51 
18 
22 
38 
29 
29 
52 
50 
41 
39 
69 
115 
185 
148 
101 
37 
26 
96 
141 
152 
114 
123 
156 
141 
38 
47 
163 
180 
164 
84 
26 
87 
75 
102 
120 
146 
146 
232 
229 
153 
62 
13 
8 
66 
114 
146 
137 
119 
100 
104 
100 
111 
106 
83 
52 
37 
69 
124 
154 
157 
71 
5 
80 
177 
208 
253 
248 
306 
322 
265 
184 
119 
39 
56 
135 
181 
178 
174 
153 
164 
174 
159 
110 
46 
32 
127 
157 
170 
109 
65 
12 
101 
126 
61 
27 
14 
62 
108 
112 
92 
118 
136 
122 
29 
94 
256 
278 
209 
29 
124 
218 
237 
182 
103 
72 
106 
124 
125 
38 
47 
115 
142 
153 
52 
16 
45 
33 
13 
32 
3 
7 
27 
55 
42 
81 
138 
138 
129 
64 
0 
30 
5 
74 
96 
13 
53 
79 
96 
128 
95 
77 
42 
63 
93 
74 
63 
44 
14 
79 
127 
62 
13 
27 
26 
33 
32 
80 
80 
16 
63 
128 
127 
134 
171 
144 
60 
32 
61 
1 
49 
51 
36 
30 
79 
80 
48 
48 
64 
15 
81 
112 
119 
138 
125 
72 
27 
7 
11 
15 
48 
65 
123 
123 
90 
112 
124 
88 
107 
157 
134 
86 
39 
8 
13 
4 
2 
8 
39 
52 
66 
103 
101 
114 
119 
52 
8 
58 
92 
54 
39 
7 
22 
9 
34 
41 
41 
6 
53 
18 
8 
23 
37 
35 
73 
133 
121 
52 
41 
62 
82 
78 
113 
67 
26 
87 
91 
54 
137 
107 
3 
50 
111 
177 
225 
160 
31 
32 
6 
4 
0 
26 
43 
5 
46 
63 
16 
65 
35 
5 
15 
60 
81 
70 
26 
25 
4 
23 
17 
28 
61 
39 
42 
35 
40 
21 
73 
69 
88 
52 
15 
45 
55 
152 
150 
100 
9 
71 
133 
178 
197 
174 
111 
112 
129 
65 
18 
43 
26 
15 
29 
10 
16 
54 
43 
48 
28 
17 
49 
99 
149 
149 
124 
138 
144 
60 
37 
78 
102 
155 
199 
170 
140 
86 
1 
82 
84 
78 
95 
128 
129 
128 
127 
110 
92 
43 
4 
36 
76 
106 
151 
171 
189 
151 
88 
42 
3 
57 
69 
128 
170 
179 
156 
155 
155 
107 
67 
43 
90 
80 
140 
200 
210 
194 
178 
136 
8 
110 
179 
238 
270 
301 
250 
208 
141 
59 
14 
79 
95 
62 
30 
1 
17 
17 
0 
31 
63 
134 
155 
119 
106 
60 
9 
53 
112 
177 
176 
157 
106 
32 
0 
30 
92 
113 
38 
4 
37 
93 
203 
231 
219 
189 
88 
11 
64 
131 
164 
156 
139 
96 
141 
170 
205 
136 
58 
3 
72 
100 
112 
177 
202 
225 
190 
172 
128 
77 
43 
14 
63 
80 
96 
96 
80 
47 
31 
30 
28 
49 
31 
60 
64 
44 
48 
45 
53 
112 
129 
122 
139 
115 
68 
11 
49 
31 
37 
12 
4 
36 
53 
84 
44 
11 
3 
27 
26 
10 
10 
14 
53 
76 
91 
33 
16 
17 
1 
21 
5 
42 
65 
87 
139 
151 
169 
130 
57 
21 
98 
285 
386 
387 
370 
311 
205 
108 
12 
73 
133 
209 
250 
235 
186 
176 
141 
74 
63 
76 
49 
17 
90 
154 
170 
193 
160 
110 
37 
67 
36 
5 
10 
42 
43 
12 
106 
240 
252 
199 
81 
12 
64 
99 
110 
81 
67 
46 
130 
148 
204 
202 
230 
200 
200 
136 
72 
17 
35 
79 
146 
180 
181 
174 
143 
111 
94 
77 
58 
55 
75 
38 
21 
65 
83 
101 
94 
79 
80 
64 
80 
64 
96 
110 
108 
64 
77 
65 
61 
65 
61 
49 
13 
1 
2 
0 
3 
8 
43 
54 
41 
27 
38 
24 
34 
43 
44 
45 
6 
40 
46 
67 
72 
36 
25 
26 
93 
6 
6 
11 
9 
14 
3 
0 
3 
15 
3 
8 
43 
86 
136 
168 
199 
196 
208 
194 
180 
165 
133 
116 
76 
43 
76 
75 
74 
81 
64 
46 
60 
65 
54 
75 
71 
75 
61 
24 
41 
67 
67 
83 
82 
137 
126 
98 
69 
64 
35 
30 
16 
3 
5 
32 
30 
44 
42 
48 
29 
43 
48 
44 
65 
77 
65 
45 
33 
44 
24 
43 
23 
5 
25 
37 
48 
51 
69 
79 
80 
48 
80 
110 
124 
112 
108 
102 
56 
25 
41 
50 
50 
5 
51 
136 
148 
117 
62 
30 
15 
16 
121 
100 
30 
9 
10 
16 
67 
37 
15 
33 
3 
5 
15 
64 
65 
42 
43 
59 
59 
43 
42 
65 
63 
29 
43 
32 
45 
26 
22 
43 
31 
12 
0 
19 
30 
49 
35 
53 
47 
64 
80 
127 
125 
123 
112 
92 
55 
26 
44 
29 
23 
8 
8 
8 
22 
23 
7 
8 
23 
6 
13 
2 
43 
44 
36 
3 
2 
22 
23 
166 
116 
82 
88 
54 
20 
18 
24 
25 
50 
59 
60 
52 
67 
50 
57 
39 
52 
50 
31 
35 
40 
36 
24 
11 
6 
42 
61 
56 
58 
92 
102 
103 
103 
87 
93 
100 
89 
94 
131 
110 
50 
37 
25 
26 
22 
10 
2 
17 
2 
1 
3 
0 
28 
8 
11 
8 
10 
13 
1 
28 
7 
10 
13 
7 
5 
3 
22 
7 
40 
6 
6 
6 
9 
41 
6 
13 
11 
12 
29 
22 
8 
38 
84 
162 
222 
256 
257 
209 
145 
112 
79 
47 
14 
33 
33 
26 
26 
42 
27 
3 
11 
5 
14 
15 
0 
5 
28 
27 
33 
16 
30 
13 
11 
5 
1 
0 
0 
1 
10 
19 
4 
4 
5 
10 
17 
1 
31 
30 
30 
30 
21 
12 
11 
5 
47 
48 
49 
65 
65 
80 
79 
77 
107 
79 
60 
48 
13 
30 
32 
50 
68 
101 
62 
69 
76 
58 
32 
13 
4 
15 
48 
81 
97 
79 
61 
91 
80 
45 
27 
33 
15 
16 
1 
14 
37 
28 
42 
33 
30 
76 
87 
98 
91 
76 
13 
8 
21 
25 
37 
32 
35 
21 
32 
3 
17 
6 
59 
32 
13 
101 
160 
170 
51 
20 
4 
12 
11 
11 
5 
14 
31 
32 
32 
48 
49 
49 
65 
33 
1 
17 
5 
21 
44 
27 
5 
30 
47 
32 
0 
16 
16 
32 
32 
16 
0 
0 
1 
10 
10 
26 
42 
26 
10 
5 
5 
5 
4 
11 
19 
20 
20 
4 
5 
5 
30 
0 
16 
0 
32 
16 
32 
0 
15 
15 
14 
13 
27 
10 
15 
80 
111 
94 
53 
37 
4 
5 
26 
49 
80 
78 
37 
44 
10 
30 
79 
112 
96 
79 
46 
13 
4 
53 
37 
21 
26 
26 
11 
28 
43 
33 
16 
17 
26 
3 
5 
1 
0 
0 
1 
35 
69 
69 
53 
5 
5 
21 
21 
37 
30 
17 
48 
48 
31 
5 
10 
3 
36 
21 
17 
48 
14 
19 
52 
53 
62 
30 
14 
0 
15 
30 
44 
10 
0 
0 
49 
97 
65 
81 
81 
80 
62 
61 
59 
33 
32 
48 
32 
16 
15 
15 
13 
27 
15 
9 
4 
0 
54 
123 
48 
60 
64 
2 
37 
31 
33 
10 
28 
20 
69 
30 
14 
1 
33 
17 
1 
14 
37 
14 
0 
46 
124 
161 
134 
90 
38 
11 
32 
50 
37 
31 
32 
49 
42 
43 
59 
75 
58 
64 
38 
43 
1 
49 
81 
113 
128 
157 
170 
189 
104 
59 
7 
20 
62 
96 
90 
59 
35 
52 
36 
37 
31 
0 
14 
46 
53 
37 
21 
5 
27 
43 
42 
33 
32 
14 
26 
43 
35 
44 
59 
90 
128 
108 
81 
22 
11 
17 
0 
1 
18 
36 
37 
14 
14 
31 
0 
30 
14 
10 
51 
4 
10 
5 
17 
14 
0 
16 
16 
32 
48 
15 
31 
62 
46 
5 
27 
67 
100 
28 
68 
68 
52 
21 
26 
33 
16 
0 
47 
30 
28 
21 
62 
63 
63 
63 
47 
31 
31 
14 
1 
1 
1 
1 
17 
32 
47 
30 
44 
49 
29 
10 
47 
64 
97 
96 
95 
109 
107 
96 
77 
42 
16 
49 
43 
43 
43 
59 
75 
58 
64 
47 
17 
58 
75 
35 
4 
4 
21 
14 
17 
21 
21 
21 
21 
30 
62 
53 
37 
21 
4 
11 
4 
11 
11 
27 
27 
11 
26 
33 
1 
0 
31 
32 
32 
32 
17 
26 
10 
12 
10 
14 
31 
15 
31 
47 
46 
37 
44 
43 
26 
1 
33 
16 
16 
16 
65 
1 
1 
1 
14 
31 
15 
30 
30 
30 
21 
5 
10 
42 
42 
33 
0 
0 
33 
42 
35 
11 
26 
33 
63 
29 
21 
79 
112 
80 
64 
48 
47 
15 
15 
15 
15 
30 
45 
43 
33 
16 
49 
81 
64 
63 
30 
37 
37 
12 
27 
43 
10 
14 
31 
31 
0 
16 
15 
15 
15 
14 
1 
10 
11 
4 
28 
27 
27 
4 
4 
11 
4 
4 
11 
27 
43 
27 
11 
4 
19 
11 
11 
5 
33 
32 
0 
1 
1 
33 
81 
80 
80 
48 
16 
0 
1 
14 
30 
17 
1 
14 
1 
5 
44 
42 
16 
33 
58 
90 
64 
62 
29 
27 
26 
49 
48 
31 
17 
33 
10 
21 
10 
43 
19 
28 
59 
75 
26 
30 
79 
47 
47 
46 
0 
0 
16 
17 
10 
10 
11 
43 
43 
43 
10 
10 
5 
37 
21 
3 
4 
4 
21 
1 
0 
0 
16 
33 
26 
10 
26 
90 
81 
64 
15 
17 
42 
42 
17 
1 
1 
31 
31 
16 
0 
17 
17 
10 
21 
3 
11 
20 
37 
37 
21 
37 
37 
20 
4 
4 
4 
4 
11 
11 
42 
33 
48 
31 
13 
20 
53 
101 
69 
60 
59 
26 
1 
15 
31 
0 
16 
48 
16 
16 
32 
16 
0 
1 
1 
5 
3 
20 
5 
26 
33 
33 
33 
33 
33 
1 
14 
1 
10 
17 
1 
31 
16 
16 
0 
0 
31 
31 
31 
14 
14 
14 
30 
37 
5 
42 
42 
10 
5 
14 
14 
37 
53 
53 
37 
43 
28 
27 
11 
11 
5 
5 
1 
1 
14 
14 
14 
10 
42 
42 
49 
63 
47 
30 
5 
4 
12 
11 
20 
37 
37 
37 
12 
4 
20 
4 
5 
26 
1 
47 
63 
31 
47 
46 
14 
1 
5 
21 
10 
26 
26 
21 
30 
14 
1 
0 
15 
31 
15 
15 
0 
0 
0 
16 
0 
0 
1 
17 
10 
26 
5 
26 
42 
26 
21 
5 
10 
19 
36 
21 
17 
17 
0 
1 
21 
12 
4 
21 
14 
14 
1 
15 
47 
64 
48 
64 
32 
31 
0 
16 
32 
31 
30 
60 
49 
47 
28 
21 
47 
81 
81 
90 
97 
64 
47 
30 
21 
21 
19 
20 
20 
53 
53 
21 
35 
36 
52 
68 
36 
5 
10 
26 
10 
17 
16 
31 
30 
12 
21 
14 
15 
31 
63 
64 
48 
16 
0 
17 
14 
21 
19 
11 
4 
5 
14 
0 
0 
16 
33 
10 
11 
3 
20 
4 
5 
17 
0 
0 
1 
3 
11 
1 
32 
49 
42 
27 
19 
20 
21 
5 
14 
31 
32 
33 
1 
21 
21 
28 
43 
26 
15 
16 
42 
35 
20 
5 
14 
31 
33 
42 
42 
42 
42 
10 
5 
5 
10 
26 
10 
4 
20 
12 
4 
5 
1 
16 
1 
19 
4 
14 
15 
16 
33 
42 
43 
43 
27 
3 
11 
11 
10 
33 
15 
29 
27 
15 
48 
49 
42 
42 
19 
4 
30 
0 
1 
13 
4 
5 
14 
31 
32 
48 
64 
48 
16 
0 
0 
17 
17 
10 
3 
11 
10 
17 
16 
0 
30 
42 
58 
43 
51 
20 
36 
20 
20 
5 
5 
1 
17 
16 
16 
0 
17 
17 
26 
12 
11 
5 
14 
15 
16 
16 
17 
17 
5 
28 
26 
0 
1 
42 
51 
36 
52 
36 
21 
21 
5 
14 
15 
15 
16 
47 
46 
21 
3 
11 
27 
27 
4 
28 
27 
27 
10 
10 
1 
1 
0 
32 
1 
14 
5 
11 
43 
59 
43 
27 
27 
27 
3 
11 
10 
5 
14 
1 
0 
0 
15 
16 
0 
17 
10 
10 
10 
11 
3 
11 
4 
37 
30 
14 
0 
31 
16 
0 
1 
14 
21 
3 
37 
14 
15 
0 
1 
10 
3 
5 
1 
0 
14 
2 
11 
5 
53 
78 
85 
69 
52 
36 
12 
12 
27 
42 
49 
64 
62 
76 
49 
17 
51 
68 
68 
68 
60 
75 
91 
97 
64 
30 
3 
4 
36 
36 
21 
5 
10 
5 
36 
44 
27 
17 
0 
32 
33 
26 
27 
3 
4 
4 
5 
5 
21 
30 
30 
31 
31 
64 
0 
31 
16 
32 
32 
1 
14 
65 
42 
42 
49 
49 
32 
15 
14 
21 
28 
27 
33 
32 
14 
12 
5 
1 
0 
17 
42 
26 
3 
11 
26 
49 
63 
93 
90 
102 
122 
125 
103 
105 
73 
50 
35 
11 
35 
50 
41 
71 
69 
51 
24 
21 
2 
1 
13 
16 
28 
7 
10 
13 
16 
28 
7 
11 
9 
10 
9 
21 
25 
20 
15 
2 
10 
23 
27 
7 
26 
6 
10 
25 
5 
0 
12 
0 
18 
5 
16 
13 
26 
15 
12 
17 
9 
11 
0 
2 
10 
0 
18 
20 
17 
47 
29 
26 
16 
13 
27 
0 
34 
20 
30 
16 
26 
19 
20 
5 
49 
64 
63 
77 
74 
31 
12 
5 
15 
33 
26 
35 
20 
10 
17 
16 
0 
21 
10 
12 
59 
65 
31 
2 
4 
1 
0 
15 
1 
26 
35 
4 
10 
33 
48 
30 
37 
28 
4 
5 
17 
16 
15 
5 
12 
10 
17 
15 
2 
4 
5 
16 
15 
14 
14 
21 
28 
20 
10 
17 
16 
16 
17 
5 
3 
27 
27 
5 
30 
30 
16 
48 
31 
14 
21 
28 
43 
58 
64 
47 
2 
20 
37 
62 
46 
1 
17 
16 
0 
31 
53 
44 
10 
0 
0 
15 
14 
14 
13 
27 
10 
1 
16 
15 
14 
14 
5 
19 
36 
20 
5 
10 
10 
17 
17 
1 
1 
1 
10 
17 
33 
17 
17 
0 
16 
0 
16 
16 
16 
15 
15 
15 
0 
16 
31 
1 
29 
27 
10 
30 
63 
79 
93 
107 
80 
54 
27 
5 
31 
48 
32 
32 
32 
32 
16 
14 
15 
0 
15 
16 
16 
0 
1 
1 
26 
26 
26 
5 
14 
21 
10 
42 
43 
35 
36 
36 
20 
3 
4 
20 
11 
4 
4 
4 
11 
11 
3 
4 
4 
4 
5 
5 
1 
1 
0 
16 
16 
33 
21 
13 
11 
10 
0 
15 
1 
35 
52 
68 
76 
91 
90 
58 
81 
48 
32 
48 
49 
49 
65 
49 
16 
16 
0 
16 
64 
48 
0 
32 
16 
16 
32 
17 
17 
1 
26 
10 
5 
28 
75 
49 
16 
58 
74 
75 
59 
42 
26 
17 
17 
5 
29 
43 
26 
15 
0 
32 
33 
33 
10 
12 
5 
1 
15 
16 
17 
26 
35 
20 
36 
36 
28 
43 
43 
49 
64 
31 
29 
43 
48 
29 
42 
47 
60 
48 
44 
32 
28 
32 
28 
7 
11 
8 
5 
25 
21 
41 
5 
25 
5 
56 
20 
0 
2 
10 
15 
28 
33 
38 
43 
31 
44 
48 
60 
55 
59 
61 
40 
34 
43 
29 
38 
23 
24 
25 
2 
11 
12 
2 
24 
23 
21 
34 
56 
53 
34 
30 
18 
30 
25 
4 
0 
13 
5 
0 
18 
4 
33 
38 
59 
48 
60 
56 
75 
38 
33 
28 
8 
4 
40 
36 
48 
51 
14 
16 
3 
21 
15 
1 
12 
10 
16 
14 
2 
4 
5 
0 
15 
14 
5 
27 
43 
43 
42 
33 
31 
61 
42 
32 
13 
10 
0 
2 
37 
31 
65 
74 
90 
90 
113 
112 
109 
123 
103 
91 
70 
42 
29 
8 
4 
24 
5 
29 
1 
28 
8 
10 
13 
0 
3 
7 
4 
8 
20 
31 
19 
1 
9 
5 
8 
11 
16 
12 
1 
25 
20 
1 
1 
28 
10 
16 
6 
11 
17 
1 
19 
21 
31 
33 
2 
27 
42 
80 
45 
42 
15 
29 
10 
16 
2 
4 
1 
0 
12 
5 
15 
17 
19 
20 
1 
0 
0 
1 
5 
12 
26 
49 
47 
29 
27 
65 
62 
12 
5 
47 
32 
10 
3 
4 
5 
16 
15 
21 
60 
42 
32 
2 
11 
17 
0 
14 
17 
21 
12 
21 
30 
15 
0 
0 
14 
37 
21 
20 
3 
27 
27 
26 
33 
47 
45 
59 
64 
61 
42 
6 
11 
15 
12 
1 
64 
66 
36 
37 
15 
0 
29 
59 
81 
93 
81 
45 
33 
2 
10 
0 
3 
1 
41 
36 
30 
17 
12 
26 
16 
14 
28 
10 
0 
2 
4 
30 
31 
32 
17 
17 
2 
43 
65 
54 
91 
80 
61 
58 
16 
18 
20 
1 
1 
3 
14 
33 
19 
4 
1 
15 
16 
1 
10 
12 
27 
33 
32 
30 
28 
11 
1 
16 
33 
19 
4 
10 
26 
33 
0 
0 
1 
37 
28 
43 
26 
49 
32 
14 
98 
84 
53 
21 
17 
64 
64 
47 
46 
21 
5 
26 
26 
26 
17 
17 
17 
21 
44 
43 
26 
33 
64 
79 
45 
43 
32 
14 
28 
5 
14 
16 
33 
26 
19 
4 
1 
32 
30 
13 
4 
5 
1 
0 
0 
1 
1 
5 
21 
12 
11 
5 
5 
5 
5 
5 
4 
27 
27 
27 
27 
27 
42 
49 
32 
15 
0 
1 
5 
4 
12 
11 
10 
49 
32 
15 
1 
1 
10 
5 
19 
4 
4 
4 
10 
10 
5 
5 
26 
26 
33 
17 
17 
17 
16 
0 
15 
15 
14 
1 
17 
17 
17 
33 
32 
16 
0 
33 
17 
1 
30 
37 
21 
3 
20 
21 
14 
15 
0 
1 
10 
26 
43 
74 
81 
48 
0 
32 
32 
15 
1 
17 
33 
65 
63 
45 
43 
49 
31 
14 
10 
42 
27 
3 
4 
5 
1 
1 
0 
15 
15 
14 
1 
10 
33 
49 
48 
48 
47 
30 
37 
3 
11 
5 
1 
15 
32 
16 
1 
1 
5 
10 
10 
10 
1 
1 
15 
31 
62 
62 
60 
43 
49 
31 
21 
12 
21 
30 
31 
32 
32 
0 
30 
46 
14 
5 
10 
11 
20 
3 
4 
20 
4 
43 
11 
5 
4 
3 
4 
21 
21 
14 
30 
30 
21 
5 
5 
4 
28 
11 
11 
5 
10 
10 
10 
10 
10 
10 
10 
11 
11 
4 
11 
26 
5 
26 
26 
10 
10 
5 
11 
4 
12 
11 
10 
32 
31 
5 
35 
68 
76 
91 
42 
17 
1 
14 
14 
1 
10 
5 
4 
12 
11 
21 
21 
5 
10 
17 
15 
0 
5 
19 
20 
5 
17 
32 
22 
11 
14 
32 
65 
74 
42 
58 
58 
42 
26 
10 
5 
36 
44 
11 
37 
30 
30 
14 
17 
0 
16 
16 
17 
21 
21 
19 
20 
20 
21 
1 
15 
16 
1 
45 
27 
1 
15 
33 
10 
51 
36 
36 
52 
36 
36 
36 
20 
21 
10 
17 
32 
31 
14 
12 
11 
1 
32 
48 
33 
32 
32 
16 
0 
17 
26 
26 
27 
35 
4 
4 
4 
5 
5 
17 
17 
1 
16 
31 
30 
12 
36 
14 
31 
48 
32 
33 
33 
33 
33 
26 
27 
19 
11 
11 
10 
5 
1 
0 
0 
16 
17 
10 
5 
11 
3 
20 
21 
21 
1 
32 
15 
1 
35 
20 
5 
0 
0 
13 
11 
14 
32 
33 
49 
42 
59 
59 
43 
27 
4 
3 
4 
4 
5 
1 
17 
32 
31 
1 
21 
35 
36 
5 
17 
0 
14 
34 
20 
21 
30 
32 
33 
49 
26 
3 
27 
5 
14 
0 
0 
1 
10 
19 
36 
36 
37 
46 
14 
1 
0 
16 
16 
0 
17 
10 
5 
3 
4 
5 
14 
15 
15 
48 
48 
16 
1 
17 
17 
10 
26 
4 
3 
11 
11 
5 
5 
14 
1 
0 
0 
16 
33 
33 
26 
10 
4 
3 
11 
10 
17 
0 
33 
26 
19 
20 
21 
14 
15 
16 
32 
33 
17 
10 
10 
3 
4 
20 
21 
1 
0 
0 
1 
10 
3 
26 
33 
0 
1 
10 
19 
37 
53 
46 
46 
46 
30 
46 
5 
19 
4 
11 
11 
19 
4 
11 
10 
17 
1 
0 
0 
17 
10 
19 
27 
74 
15 
33 
26 
19 
11 
5 
30 
31 
16 
5 
3 
10 
17 
16 
32 
49 
81 
81 
48 
47 
63 
30 
1 
33 
65 
33 
16 
31 
14 
21 
12 
5 
14 
32 
49 
35 
4 
21 
31 
16 
1 
3 
4 
14 
0 
1 
10 
19 
21 
14 
15 
16 
32 
49 
64 
47 
46 
53 
60 
58 
48 
29 
59 
48 
44 
49 
45 
33 
45 
17 
13 
16 
3 
8 
11 
6 
10 
6 
17 
29 
8 
27 
7 
10 
13 
0 
3 
40 
21 
41 
5 
8 
43 
32 
29 
10 
0 
12 
17 
6 
4 
0 
28 
33 
22 
42 
22 
10 
6 
26 
6 
26 
29 
1 
13 
17 
2 
14 
25 
21 
32 
19 
21 
16 
18 
4 
14 
16 
17 
26 
19 
4 
36 
37 
37 
53 
44 
27 
17 
0 
1 
3 
21 
16 
18 
20 
30 
47 
64 
80 
80 
80 
62 
53 
60 
43 
26 
17 
0 
1 
3 
4 
5 
0 
1 
18 
4 
5 
14 
14 
31 
0 
31 
16 
0 
17 
17 
17 
1 
10 
10 
4 
12 
27 
10 
33 
15 
30 
3 
21 
47 
48 
49 
26 
19 
20 
37 
37 
30 
16 
15 
14 
28 
26 
16 
1 
3 
5 
0 
1 
42 
106 
106 
81 
48 
0 
1 
13 
27 
17 
16 
16 
17 
17 
1 
17 
42 
26 
35 
36 
20 
4 
11 
26 
42 
16 
16 
33 
26 
27 
35 
20 
36 
20 
20 
11 
26 
10 
17 
14 
15 
32 
32 
33 
5 
5 
12 
27 
10 
17 
15 
32 
33 
5 
12 
5 
14 
16 
33 
42 
51 
20 
21 
1 
16 
0 
33 
42 
10 
11 
19 
20 
20 
36 
21 
5 
5 
1 
17 
32 
16 
0 
14 
12 
27 
17 
31 
32 
26 
26 
51 
52 
21 
14 
0 
1 
26 
19 
4 
5 
37 
37 
30 
14 
32 
32 
46 
28 
21 
14 
47 
47 
63 
46 
30 
21 
52 
36 
28 
20 
12 
43 
43 
42 
16 
32 
33 
26 
26 
10 
11 
11 
19 
20 
4 
10 
1 
15 
0 
1 
33 
42 
27 
19 
11 
4 
5 
5 
1 
0 
32 
16 
17 
5 
19 
11 
21 
37 
30 
31 
31 
32 
16 
1 
14 
30 
5 
3 
11 
21 
1 
31 
32 
33 
33 
42 
42 
27 
11 
11 
12 
11 
4 
4 
5 
1 
1 
0 
0 
17 
26 
35 
20 
20 
42 
1 
15 
15 
32 
17 
17 
26 
10 
27 
27 
3 
4 
20 
20 
5 
21 
5 
26 
42 
1 
30 
47 
16 
16 
1 
1 
10 
11 
3 
4 
5 
14 
15 
31 
64 
49 
1 
14 
1 
5 
10 
10 
11 
19 
20 
20 
36 
20 
20 
3 
11 
43 
42 
33 
32 
46 
60 
26 
16 
1 
18 
20 
10 
33 
1 
15 
15 
16 
32 
48 
15 
15 
30 
29 
43 
5 
46 
63 
63 
79 
78 
85 
60 
42 
1 
0 
0 
1 
17 
26 
42 
26 
1 
1 
1 
14 
15 
15 
0 
0 
0 
0 
0 
0 
1 
17 
10 
11 
27 
43 
19 
36 
20 
4 
5 
5 
5 
17 
17 
16 
15 
16 
49 
49 
17 
33 
49 
49 
33 
17 
16 
0 
15 
16 
16 
0 
15 
31 
31 
30 
37 
44 
59 
49 
47 
29 
27 
17 
0 
2 
11 
14 
16 
10 
3 
5 
17 
15 
1 
18 
4 
10 
17 
15 
1 
21 
28 
26 
17 
0 
1 
21 
12 
5 
17 
0 
31 
1 
5 
3 
4 
4 
21 
14 
17 
17 
32 
32 
15 
14 
1 
21 
4 
3 
4 
27 
27 
10 
26 
17 
16 
16 
15 
1 
1 
10 
4 
12 
11 
4 
5 
10 
10 
10 
5 
4 
11 
35 
20 
28 
11 
27 
11 
11 
11 
11 
19 
20 
28 
27 
27 
11 
11 
12 
4 
20 
20 
12 
11 
11 
27 
26 
26 
26 
17 
1 
1 
14 
14 
14 
21 
3 
11 
5 
21 
69 
92 
74 
80 
62 
60 
58 
32 
1 
19 
21 
14 
31 
32 
32 
33 
17 
17 
17 
17 
1 
14 
15 
15 
0 
16 
0 
1 
1 
5 
3 
20 
5 
1 
0 
16 
33 
33 
49 
26 
42 
26 
10 
11 
19 
11 
4 
5 
10 
1 
14 
0 
0 
0 
17 
17 
26 
11 
3 
4 
5 
5 
1 
14 
0 
15 
1 
10 
19 
20 
37 
46 
30 
31 
15 
16 
17 
17 
1 
21 
21 
10 
11 
19 
11 
11 
5 
1 
0 
0 
17 
42 
35 
20 
21 
14 
15 
16 
0 
14 
2 
4 
5 
1 
0 
1 
35 
20 
21 
14 
15 
16 
17 
18 
11 
10 
14 
15 
16 
16 
17 
26 
35 
20 
5 
1 
31 
32 
17 
1 
17 
10 
10 
3 
11 
5 
14 
0 
0 
17 
10 
26 
19 
20 
10 
17 
0 
16 
17 
10 
19 
20 
21 
0 
0 
1 
19 
4 
21 
14 
15 
0 
17 
26 
10 
43 
51 
36 
20 
4 
4 
21 
14 
0 
0 
14 
21 
12 
11 
5 
14 
31 
32 
17 
10 
10 
43 
43 
35 
20 
4 
20 
5 
5 
1 
1 
16 
0 
0 
1 
5 
12 
11 
1 
0 
16 
26 
19 
21 
14 
0 
16 
17 
2 
27 
10 
16 
9 
4 
30 
47 
48 
64 
49 
33 
49 
17 
10 
5 
28 
11 
5 
14 
0 
0 
0 
33 
26 
42 
27 
19 
4 
4 
5 
5 
1 
15 
0 
0 
1 
10 
26 
19 
4 
10 
17 
0 
16 
1 
3 
4 
21 
15 
16 
33 
42 
42 
27 
35 
20 
4 
5 
1 
0 
14 
5 
3 
20 
37 
36 
60 
75 
81 
48 
30 
28 
11 
10 
1 
30 
47 
31 
0 
0 
0 
0 
0 
0 
0 
14 
1 
17 
26 
26 
10 
10 
43 
43 
26 
5 
11 
11 
12 
27 
26 
17 
16 
14 
28 
33 
15 
34 
52 
62 
78 
78 
101 
60 
43 
10 
5 
1 
5 
5 
5 
12 
11 
11 
5 
1 
1 
16 
31 
30 
45 
43 
1 
0 
34 
20 
14 
32 
26 
35 
36 
37 
46 
47 
48 
32 
33 
33 
33 
17 
17 
1 
17 
1 
1 
1 
1 
1 
17 
1 
1 
14 
1 
10 
5 
5 
10 
27 
19 
20 
21 
5 
21 
14 
1 
0 
16 
0 
1 
17 
10 
10 
19 
4 
10 
17 
31 
10 
19 
37 
14 
30 
46 
63 
63 
46 
30 
21 
4 
11 
59 
