32 
64 
81 
32 
31 
30 
12 
5 
32 
30 
44 
33 
1 
35 
85 
126 
149 
140 
106 
80 
29 
11 
31 
33 
58 
75 
75 
90 
184 
203 
108 
22 
31 
19 
17 
2 
37 
73 
132 
206 
255 
221 
225 
188 
118 
55 
33 
3 
79 
145 
154 
241 
247 
218 
134 
74 
41 
100 
94 
78 
78 
109 
155 
193 
166 
139 
96 
29 
37 
64 
81 
42 
19 
20 
52 
100 
140 
123 
49 
0 
34 
36 
46 
64 
49 
26 
10 
42 
58 
42 
67 
20 
26 
49 
47 
29 
43 
48 
61 
81 
76 
9 
46 
97 
99 
100 
69 
46 
63 
80 
64 
33 
17 
5 
28 
20 
53 
53 
44 
11 
5 
33 
0 
47 
30 
3 
84 
124 
122 
87 
59 
22 
42 
6 
37 
79 
49 
35 
36 
37 
31 
0 
0 
1 
33 
49 
63 
77 
91 
64 
45 
17 
9 
20 
31 
34 
68 
94 
127 
127 
111 
95 
78 
44 
27 
10 
16 
15 
64 
159 
157 
138 
125 
72 
43 
8 
36 
48 
83 
101 
111 
129 
129 
144 
127 
108 
42 
0 
17 
74 
74 
49 
48 
30 
28 
27 
21 
21 
30 
14 
16 
47 
45 
43 
15 
81 
74 
107 
90 
81 
48 
31 
1 
30 
21 
21 
28 
27 
5 
47 
96 
96 
62 
44 
33 
30 
3 
37 
62 
78 
117 
124 
106 
96 
78 
44 
17 
32 
42 
59 
75 
58 
65 
64 
62 
60 
10 
16 
9 
4 
31 
65 
67 
68 
52 
20 
21 
21 
1 
31 
45 
26 
0 
34 
36 
53 
85 
92 
59 
42 
42 
17 
0 
0 
0 
15 
1 
14 
37 
60 
58 
48 
61 
58 
54 
26 
16 
67 
133 
156 
170 
143 
156 
144 
124 
88 
59 
8 
20 
31 
18 
14 
49 
51 
53 
63 
81 
74 
74 
58 
42 
33 
1 
16 
31 
22 
27 
33 
29 
1 
25 
52 
14 
9 
43 
72 
26 
18 
72 
100 
111 
129 
129 
144 
134 
171 
167 
123 
54 
5 
73 
52 
46 
64 
58 
91 
107 
139 
161 
127 
124 
64 
19 
62 
64 
65 
33 
50 
68 
116 
181 
220 
203 
144 
93 
48 
44 
23 
27 
8 
36 
64 
131 
181 
174 
157 
107 
81 
14 
3 
21 
30 
46 
47 
64 
74 
122 
107 
74 
33 
15 
16 
31 
30 
37 
21 
4 
43 
75 
75 
43 
5 
21 
21 
5 
42 
33 
0 
32 
81 
97 
97 
64 
15 
33 
33 
14 
15 
15 
0 
32 
15 
0 
0 
14 
46 
53 
44 
11 
10 
1 
15 
30 
37 
108 
74 
31 
44 
1 
33 
35 
85 
110 
126 
126 
140 
122 
64 
30 
44 
10 
32 
58 
91 
91 
107 
107 
75 
49 
32 
14 
3 
37 
47 
48 
64 
97 
97 
96 
80 
62 
53 
12 
4 
5 
32 
47 
29 
43 
32 
6 
4 
14 
32 
49 
42 
58 
90 
96 
22 
11 
14 
47 
96 
112 
102 
123 
112 
108 
71 
58 
22 
10 
32 
67 
100 
117 
124 
123 
80 
45 
26 
0 
33 
35 
20 
37 
31 
32 
82 
68 
53 
46 
31 
16 
17 
17 
21 
44 
58 
80 
77 
74 
55 
43 
54 
58 
61 
39 
41 
43 
44 
28 
29 
13 
4 
3 
18 
9 
23 
21 
2 
1 
2 
1 
13 
40 
75 
108 
108 
84 
99 
73 
88 
103 
69 
3 
29 
61 
93 
77 
20 
12 
20 
3 
2 
25 
23 
22 
22 
6 
38 
23 
6 
9 
9 
13 
36 
35 
34 
25 
24 
8 
40 
55 
70 
21 
3 
2 
9 
8 
24 
34 
51 
99 
114 
105 
103 
84 
25 
46 
35 
40 
14 
3 
6 
1 
28 
7 
10 
25 
14 
18 
17 
28 
24 
27 
45 
23 
25 
25 
6 
22 
38 
29 
11 
19 
57 
88 
85 
66 
71 
52 
80 
35 
30 
73 
36 
8 
27 
38 
49 
92 
125 
102 
87 
55 
8 
55 
69 
67 
136 
148 
143 
145 
131 
84 
21 
64 
108 
120 
59 
38 
24 
59 
76 
38 
8 
54 
100 
136 
132 
142 
127 
96 
48 
32 
33 
10 
12 
27 
42 
48 
62 
76 
81 
76 
71 
82 
43 
2 
39 
52 
89 
85 
104 
84 
79 
50 
37 
15 
18 
21 
15 
2 
10 
7 
27 
48 
29 
5 
41 
20 
48 
51 
69 
63 
64 
49 
17 
2 
11 
33 
38 
74 
86 
49 
29 
17 
13 
30 
57 
68 
63 
49 
19 
30 
49 
51 
78 
80 
49 
17 
10 
3 
4 
21 
14 
0 
14 
5 
35 
4 
5 
17 
31 
1 
12 
33 
31 
2 
5 
14 
32 
33 
3 
5 
0 
12 
17 
34 
52 
46 
48 
33 
10 
35 
20 
5 
17 
15 
13 
26 
31 
44 
33 
34 
53 
31 
34 
36 
53 
79 
79 
64 
16 
1 
29 
43 
1 
16 
1 
12 
27 
33 
31 
3 
21 
46 
32 
17 
35 
4 
0 
9 
20 
30 
16 
2 
11 
1 
32 
42 
67 
68 
76 
75 
43 
10 
21 
37 
28 
5 
1 
0 
21 
28 
26 
16 
1 
3 
37 
31 
0 
45 
42 
0 
18 
4 
14 
9 
43 
55 
59 
13 
23 
84 
128 
130 
84 
52 
60 
91 
123 
90 
48 
15 
14 
33 
42 
42 
17 
49 
63 
77 
75 
63 
60 
1 
48 
66 
68 
62 
47 
65 
58 
26 
3 
4 
21 
17 
17 
16 
15 
13 
11 
14 
47 
49 
49 
42 
42 
58 
26 
42 
26 
10 
5 
21 
28 
59 
49 
79 
124 
104 
106 
60 
13 
47 
83 
110 
112 
145 
160 
128 
63 
62 
14 
33 
32 
16 
33 
33 
49 
65 
32 
14 
13 
43 
33 
16 
17 
12 
11 
14 
0 
2 
11 
33 
31 
29 
27 
16 
2 
26 
0 
2 
5 
0 
2 
11 
5 
15 
16 
5 
3 
11 
11 
5 
14 
1 
17 
17 
1 
30 
30 
5 
5 
5 
21 
12 
43 
33 
15 
3 
21 
15 
49 
67 
36 
69 
117 
117 
108 
113 
86 
74 
15 
35 
52 
53 
37 
37 
53 
85 
69 
37 
11 
11 
5 
27 
11 
27 
27 
43 
90 
58 
81 
80 
48 
31 
46 
12 
20 
69 
45 
59 
42 
48 
47 
53 
28 
4 
30 
31 
64 
81 
42 
19 
43 
26 
33 
15 
33 
5 
44 
42 
47 
44 
33 
28 
23 
52 
79 
98 
84 
85 
46 
30 
15 
16 
26 
3 
27 
58 
80 
38 
11 
17 
6 
43 
7 
4 
32 
82 
100 
117 
117 
108 
75 
65 
64 
31 
31 
15 
48 
32 
31 
31 
30 
21 
12 
43 
42 
49 
46 
28 
10 
0 
2 
4 
33 
45 
33 
18 
37 
16 
3 
16 
12 
40 
100 
126 
127 
96 
95 
94 
101 
60 
42 
10 
21 
85 
108 
106 
97 
111 
124 
72 
59 
6 
14 
66 
101 
111 
112 
160 
159 
126 
85 
28 
43 
10 
14 
31 
31 
63 
62 
61 
59 
49 
31 
2 
4 
21 
31 
32 
33 
10 
12 
27 
15 
57 
36 
30 
32 
10 
19 
20 
36 
53 
78 
46 
53 
29 
43 
42 
33 
15 
14 
12 
27 
17 
15 
32 
33 
26 
11 
3 
4 
20 
21 
20 
28 
27 
10 
0 
17 
10 
28 
10 
0 
2 
21 
63 
81 
113 
96 
47 
5 
11 
11 
5 
14 
0 
0 
31 
46 
30 
1 
26 
74 
74 
42 
21 
53 
44 
27 
17 
15 
1 
3 
21 
17 
32 
15 
34 
52 
46 
47 
32 
33 
17 
26 
42 
27 
35 
52 
36 
4 
10 
10 
5 
21 
37 
37 
5 
42 
81 
95 
93 
10 
31 
32 
32 
49 
74 
90 
122 
113 
111 
77 
43 
17 
33 
58 
59 
59 
58 
65 
48 
15 
21 
28 
27 
26 
15 
57 
20 
14 
49 
35 
36 
21 
1 
16 
14 
3 
14 
16 
10 
19 
53 
30 
31 
16 
33 
33 
26 
43 
59 
58 
49 
32 
31 
14 
5 
10 
33 
48 
47 
37 
12 
5 
32 
62 
29 
11 
1 
16 
34 
36 
78 
79 
63 
47 
32 
32 
17 
10 
19 
11 
21 
37 
5 
27 
42 
49 
1 
19 
37 
30 
30 
15 
0 
16 
64 
64 
64 
32 
16 
48 
64 
47 
61 
43 
17 
25 
20 
53 
62 
95 
94 
78 
37 
11 
43 
26 
33 
48 
47 
30 
44 
10 
0 
42 
67 
69 
69 
62 
46 
53 
21 
5 
26 
49 
33 
16 
0 
17 
17 
58 
81 
49 
32 
0 
0 
16 
15 
15 
30 
37 
44 
42 
48 
38 
20 
62 
80 
81 
26 
2 
11 
10 
31 
3 
37 
30 
32 
49 
65 
81 
113 
112 
79 
21 
28 
4 
14 
31 
49 
58 
59 
59 
42 
10 
30 
62 
62 
69 
76 
43 
26 
17 
0 
0 
17 
33 
49 
65 
64 
46 
29 
27 
16 
1 
19 
21 
31 
33 
12 
5 
0 
6 
11 
15 
82 
84 
101 
117 
108 
74 
49 
16 
15 
30 
3 
11 
5 
13 
27 
42 
32 
14 
21 
28 
27 
1 
0 
16 
33 
10 
10 
10 
26 
65 
48 
30 
29 
59 
49 
39 
43 
15 
3 
15 
67 
101 
128 
145 
145 
113 
112 
102 
91 
33 
17 
19 
37 
46 
62 
46 
46 
30 
31 
15 
15 
0 
15 
31 
47 
15 
15 
15 
15 
0 
1 
16 
15 
31 
37 
28 
11 
1 
0 
16 
50 
36 
5 
33 
15 
34 
68 
69 
78 
63 
31 
15 
31 
0 
16 
15 
30 
46 
29 
27 
26 
0 
15 
21 
19 
4 
20 
20 
20 
21 
5 
5 
3 
27 
26 
16 
1 
13 
27 
0 
1 
12 
21 
32 
50 
68 
62 
63 
49 
26 
26 
19 
20 
5 
33 
0 
16 
1 
19 
4 
36 
37 
36 
28 
43 
74 
81 
64 
46 
12 
26 
32 
17 
42 
74 
81 
63 
30 
44 
11 
21 
21 
1 
33 
48 
1 
3 
5 
15 
12 
37 
63 
97 
74 
83 
68 
36 
37 
21 
5 
20 
28 
43 
26 
0 
0 
14 
10 
27 
59 
42 
32 
15 
10 
19 
20 
20 
44 
43 
42 
26 
10 
27 
11 
11 
4 
4 
4 
11 
12 
4 
21 
5 
17 
16 
15 
1 
2 
4 
1 
0 
1 
3 
5 
17 
15 
12 
33 
13 
30 
65 
58 
75 
107 
91 
90 
80 
78 
29 
11 
5 
14 
31 
32 
33 
17 
16 
16 
15 
15 
1 
1 
33 
17 
1 
10 
19 
4 
11 
26 
33 
38 
27 
15 
49 
99 
76 
91 
43 
10 
1 
1 
42 
35 
4 
10 
33 
32 
15 
17 
18 
4 
10 
16 
30 
44 
26 
0 
18 
20 
30 
31 
1 
12 
5 
16 
19 
53 
64 
74 
75 
75 
107 
129 
150 
185 
187 
172 
164 
146 
143 
147 
127 
113 
83 
53 
31 
1 
12 
4 
14 
15 
16 
10 
3 
27 
26 
16 
1 
2 
4 
5 
16 
6 
43 
64 
77 
56 
75 
77 
70 
71 
55 
38 
29 
20 
3 
13 
23 
24 
40 
56 
72 
102 
84 
105 
78 
82 
94 
89 
69 
48 
18 
5 
7 
27 
32 
44 
39 
42 
44 
38 
40 
34 
27 
12 
13 
9 
8 
24 
22 
36 
50 
78 
82 
78 
81 
115 
117 
111 
96 
97 
65 
81 
80 
62 
76 
58 
31 
45 
10 
0 
34 
52 
62 
46 
46 
63 
30 
46 
14 
14 
17 
1 
32 
16 
0 
32 
31 
30 
29 
26 
32 
18 
1 
2 
10 
6 
26 
29 
41 
75 
38 
8 
4 
18 
47 
51 
64 
83 
95 
121 
100 
101 
94 
101 
77 
91 
97 
70 
75 
55 
59 
70 
57 
91 
93 
86 
71 
55 
39 
39 
7 
7 
39 
54 
68 
89 
110 
121 
116 
142 
142 
142 
93 
75 
49 
15 
12 
5 
0 
9 
4 
0 
3 
0 
28 
7 
11 
40 
53 
72 
52 
31 
34 
14 
9 
5 
6 
1 
2 
1 
3 
14 
2 
21 
25 
36 
47 
97 
83 
69 
62 
62 
79 
62 
46 
45 
75 
81 
70 
91 
70 
89 
75 
61 
55 
40 
41 
41 
57 
41 
72 
54 
68 
66 
79 
67 
79 
67 
62 
33 
12 
32 
44 
24 
43 
54 
40 
57 
67 
75 
52 
51 
51 
2 
9 
8 
22 
20 
18 
56 
53 
73 
101 
48 
2 
26 
39 
43 
48 
44 
16 
3 
1 
9 
11 
0 
17 
19 
37 
30 
47 
48 
48 
49 
17 
17 
33 
16 
16 
17 
34 
36 
21 
1 
0 
0 
30 
44 
42 
31 
12 
17 
2 
1 
2 
21 
41 
68 
78 
64 
33 
12 
74 
102 
42 
13 
14 
41 
36 
63 
97 
90 
83 
68 
5 
16 
31 
61 
58 
63 
76 
55 
57 
43 
45 
7 
7 
20 
73 
94 
50 
30 
18 
14 
13 
16 
44 
7 
10 
12 
8 
25 
11 
45 
7 
7 
29 
20 
19 
2 
45 
69 
67 
34 
40 
22 
4 
3 
13 
45 
61 
54 
54 
86 
102 
93 
52 
35 
18 
8 
8 
8 
25 
41 
56 
71 
70 
29 
2 
19 
27 
12 
3 
29 
8 
23 
52 
73 
53 
25 
4 
24 
11 
7 
27 
23 
59 
70 
89 
75 
76 
61 
61 
61 
61 
61 
13 
34 
57 
87 
84 
82 
46 
18 
14 
2 
1 
2 
1 
18 
14 
25 
11 
32 
29 
26 
31 
28 
49 
54 
90 
93 
48 
60 
23 
26 
12 
24 
22 
36 
57 
69 
73 
52 
47 
34 
4 
1 
15 
29 
43 
49 
22 
43 
32 
45 
33 
6 
21 
48 
58 
51 
20 
11 
74 
32 
15 
5 
19 
4 
10 
17 
62 
78 
78 
61 
59 
49 
15 
18 
36 
46 
80 
96 
96 
95 
69 
44 
58 
49 
16 
0 
1 
1 
17 
17 
17 
33 
15 
14 
10 
26 
10 
5 
21 
14 
30 
21 
21 
4 
27 
27 
4 
20 
36 
4 
26 
26 
17 
16 
0 
1 
10 
27 
35 
11 
27 
26 
47 
80 
97 
113 
97 
80 
30 
12 
5 
46 
47 
31 
46 
77 
58 
48 
14 
12 
10 
46 
47 
32 
16 
33 
26 
19 
21 
14 
15 
0 
1 
3 
4 
5 
0 
1 
12 
49 
38 
58 
22 
26 
22 
33 
12 
41 
30 
18 
30 
34 
46 
73 
68 
79 
81 
83 
68 
100 
76 
75 
74 
65 
48 
15 
17 
49 
65 
65 
48 
63 
78 
44 
43 
17 
0 
1 
18 
36 
37 
47 
16 
18 
11 
16 
45 
49 
45 
40 
59 
61 
8 
37 
34 
30 
105 
85 
95 
97 
51 
37 
31 
17 
19 
21 
1 
15 
28 
17 
6 
20 
46 
64 
74 
74 
75 
90 
97 
96 
77 
75 
64 
44 
16 
12 
0 
3 
15 
34 
53 
47 
49 
42 
59 
59 
74 
80 
93 
106 
125 
88 
66 
59 
44 
29 
8 
39 
37 
34 
56 
38 
68 
66 
79 
67 
47 
13 
40 
20 
25 
30 
35 
63 
67 
63 
65 
67 
85 
78 
78 
62 
53 
4 
3 
4 
4 
4 
11 
11 
11 
4 
5 
10 
10 
33 
33 
33 
17 
14 
21 
37 
28 
27 
33 
32 
38 
43 
33 
1 
3 
30 
57 
20 
30 
25 
4 
0 
2 
4 
31 
50 
37 
31 
17 
44 
10 
48 
28 
1 
18 
17 
2 
5 
13 
1 
18 
37 
57 
20 
16 
19 
14 
34 
37 
48 
2 
5 
15 
49 
35 
37 
30 
80 
33 
5 
12 
10 
32 
45 
49 
77 
56 
59 
45 
7 
21 
18 
46 
66 
36 
47 
18 
30 
18 
30 
34 
30 
9 
10 
6 
26 
9 
5 
25 
36 
0 
3 
15 
3 
7 
4 
40 
21 
25 
5 
9 
5 
25 
5 
9 
1 
34 
14 
25 
36 
31 
66 
68 
78 
80 
49 
42 
35 
4 
5 
16 
6 
43 
80 
92 
88 
59 
23 
10 
22 
1 
35 
39 
20 
6 
8 
26 
28 
29 
86 
38 
23 
8 
23 
22 
21 
19 
34 
41 
55 
22 
20 
35 
41 
55 
37 
34 
56 
37 
34 
15 
19 
40 
20 
8 
21 
22 
17 
28 
7 
17 
12 
8 
10 
45 
7 
4 
18 
55 
36 
88 
52 
79 
66 
53 
48 
50 
36 
15 
25 
27 
48 
77 
65 
60 
39 
25 
27 
6 
23 
20 
24 
36 
80 
99 
110 
160 
106 
51 
5 
32 
38 
42 
23 
43 
31 
12 
1 
25 
4 
0 
60 
40 
27 
8 
21 
80 
83 
62 
80 
65 
35 
37 
16 
12 
33 
6 
27 
23 
43 
23 
10 
25 
21 
41 
20 
63 
97 
98 
68 
53 
62 
31 
16 
1 
5 
19 
4 
10 
17 
31 
29 
26 
15 
28 
17 
6 
4 
14 
33 
19 
30 
48 
34 
4 
0 
9 
11 
0 
18 
4 
0 
13 
17 
12 
16 
19 
46 
18 
5 
8 
4 
24 
36 
47 
34 
21 
0 
18 
37 
47 
64 
81 
90 
75 
75 
75 
74 
65 
30 
35 
20 
36 
76 
91 
97 
54 
59 
32 
1 
35 
53 
30 
47 
48 
33 
26 
35 
4 
10 
16 
1 
34 
36 
37 
30 
47 
31 
31 
15 
15 
31 
0 
16 
15 
14 
3 
27 
49 
38 
59 
31 
28 
15 
18 
20 
62 
64 
65 
18 
4 
14 
17 
12 
17 
6 
27 
31 
12 
8 
4 
24 
4 
8 
11 
22 
26 
13 
31 
19 
31 
2 
5 
9 
5 
18 
46 
34 
15 
12 
0 
12 
1 
18 
14 
34 
46 
64 
67 
68 
46 
63 
65 
50 
20 
33 
48 
61 
90 
87 
59 
8 
36 
72 
52 
15 
34 
37 
47 
66 
52 
47 
25 
4 
17 
22 
43 
48 
28 
17 
13 
5 
16 
19 
53 
47 
113 
83 
85 
79 
32 
17 
44 
43 
49 
22 
43 
64 
92 
103 
89 
59 
2 
55 
68 
96 
131 
149 
142 
143 
111 
126 
117 
92 
26 
32 
13 
11 
15 
49 
74 
67 
52 
92 
91 
96 
125 
90 
22 
36 
47 
66 
20 
1 
16 
50 
84 
94 
112 
96 
33 
14 
30 
92 
90 
16 
34 
20 
47 
33 
34 
52 
84 
84 
60 
75 
58 
1 
0 
14 
5 
10 
26 
58 
129 
80 
6 
59 
64 
29 
1 
17 
12 
1 
64 
74 
122 
122 
58 
12 
10 
16 
33 
74 
75 
59 
74 
65 
32 
16 
0 
15 
0 
32 
64 
64 
47 
62 
53 
28 
26 
15 
17 
3 
5 
15 
49 
67 
68 
53 
21 
0 
0 
10 
19 
53 
62 
47 
31 
32 
31 
16 
17 
1 
33 
65 
63 
61 
43 
31 
28 
16 
12 
0 
2 
46 
64 
82 
68 
69 
110 
111 
79 
62 
14 
5 
21 
37 
28 
42 
32 
30 
3 
5 
1 
0 
16 
15 
29 
68 
5 
17 
15 
47 
79 
62 
37 
28 
10 
14 
94 
94 
110 
109 
107 
97 
71 
91 
87 
105 
123 
140 
132 
115 
98 
111 
99 
111 
113 
19 
17 
77 
104 
130 
146 
153 
191 
163 
159 
146 
100 
62 
48 
17 
12 
42 
80 
93 
122 
125 
120 
138 
156 
140 
116 
131 
114 
104 
53 
35 
40 
38 
4 
6 
8 
25 
34 
178 
137 
120 
102 
68 
34 
55 
36 
38 
106 
140 
141 
134 
149 
131 
136 
85 
72 
36 
24 
11 
23 
42 
76 
70 
40 
41 
34 
35 
35 
13 
28 
20 
19 
34 
41 
56 
6 
2 
19 
35 
51 
34 
56 
46 
35 
40 
21 
2 
7 
11 
38 
24 
4 
6 
1 
3 
40 
36 
64 
51 
69 
79 
63 
31 
30 
14 
5 
5 
44 
42 
32 
2 
37 
47 
80 
112 
97 
81 
80 
112 
32 
10 
3 
26 
48 
92 
136 
187 
204 
212 
194 
190 
193 
170 
154 
122 
144 
94 
60 
58 
17 
31 
17 
1 
1 
42 
107 
139 
138 
192 
182 
106 
70 
26 
29 
7 
21 
44 
38 
8 
37 
35 
25 
39 
53 
3 
6 
7 
88 
152 
158 
162 
174 
159 
128 
80 
48 
16 
15 
63 
79 
77 
123 
160 
172 
167 
184 
169 
168 
199 
148 
136 
100 
64 
35 
14 
0 
12 
1 
17 
19 
37 
15 
32 
49 
42 
42 
5 
5 
21 
5 
4 
12 
36 
37 
37 
14 
33 
16 
62 
44 
64 
60 
7 
11 
7 
11 
0 
35 
0 
13 
1 
9 
42 
86 
40 
25 
4 
18 
104 
85 
50 
47 
51 
55 
20 
8 
11 
9 
25 
43 
61 
70 
87 
72 
88 
88 
56 
23 
24 
72 
88 
104 
87 
70 
45 
19 
35 
2 
6 
23 
7 
7 
22 
69 
67 
25 
8 
41 
41 
41 
25 
56 
102 
133 
130 
72 
18 
51 
83 
73 
39 
25 
35 
27 
3 
19 
3 
20 
19 
3 
12 
12 
4 
35 
34 
56 
46 
3 
7 
5 
57 
84 
31 
28 
24 
11 
9 
33 
29 
56 
91 
86 
72 
26 
13 
24 
21 
57 
53 
64 
67 
46 
16 
61 
74 
23 
4 
63 
209 
193 
78 
28 
68 
140 
129 
102 
129 
188 
214 
200 
201 
152 
120 
23 
73 
121 
167 
164 
192 
202 
202 
138 
49 
61 
123 
160 
124 
88 
75 
38 
10 
41 
68 
69 
46 
30 
0 
31 
29 
4 
30 
48 
49 
26 
12 
75 
113 
70 
107 
119 
123 
102 
121 
91 
38 
7 
21 
83 
136 
132 
111 
82 
52 
30 
48 
65 
17 
1 
17 
16 
31 
29 
43 
33 
0 
50 
100 
108 
123 
97 
63 
13 
43 
65 
111 
77 
75 
42 
16 
9 
11 
16 
82 
30 
2 
1 
3 
15 
3 
7 
11 
23 
43 
32 
28 
33 
22 
58 
86 
90 
38 
37 
113 
147 
148 
84 
69 
5 
49 
96 
134 
155 
151 
106 
25 
37 
57 
53 
48 
51 
52 
46 
46 
31 
15 
14 
37 
44 
10 
46 
78 
78 
37 
43 
42 
14 
78 
125 
154 
141 
56 
75 
31 
3 
14 
41 
4 
48 
2 
69 
31 
1 
28 
42 
0 
33 
99 
69 
47 
2 
43 
49 
80 
47 
15 
17 
34 
4 
5 
15 
48 
48 
16 
16 
15 
32 
113 
145 
112 
63 
13 
11 
33 
0 
26 
91 
123 
106 
80 
63 
53 
12 
53 
79 
144 
192 
176 
78 
28 
21 
47 
16 
32 
1 
5 
60 
81 
55 
43 
15 
28 
17 
15 
44 
26 
15 
2 
21 
15 
14 
10 
107 
139 
145 
118 
123 
64 
93 
30 
98 
116 
149 
165 
188 
193 
204 
199 
216 
152 
135 
86 
77 
11 
60 
61 
77 
84 
66 
103 
52 
57 
69 
82 
85 
80 
66 
52 
21 
16 
30 
28 
26 
32 
78 
92 
65 
31 
92 
64 
12 
47 
98 
69 
48 
14 
28 
17 
54 
42 
39 
59 
71 
107 
71 
42 
25 
117 
241 
224 
189 
96 
5 
123 
170 
166 
169 
171 
204 
221 
198 
135 
24 
70 
149 
195 
207 
193 
155 
107 
43 
43 
27 
3 
27 
74 
128 
134 
139 
112 
60 
0 
66 
85 
62 
46 
46 
37 
20 
4 
10 
65 
111 
156 
113 
61 
5 
48 
67 
53 
31 
15 
30 
62 
53 
12 
4 
46 
15 
125 
27 
31 
66 
68 
62 
62 
31 
15 
48 
96 
96 
95 
14 
59 
74 
97 
78 
21 
75 
91 
81 
62 
76 
58 
65 
32 
46 
92 
33 
41 
5 
31 
92 
128 
124 
32 
147 
284 
282 
269 
200 
91 
32 
139 
171 
122 
176 
268 
295 
265 
202 
92 
25 
94 
146 
158 
144 
74 
35 
20 
53 
85 
108 
75 
42 
16 
17 
42 
43 
27 
27 
27 
43 
91 
91 
91 
91 
59 
11 
20 
69 
69 
21 
27 
51 
36 
43 
74 
64 
22 
10 
32 
30 
5 
33 
81 
159 
141 
154 
160 
118 
91 
33 
17 
51 
180 
229 
60 
58 
0 
13 
74 
127 
124 
16 
98 
148 
133 
156 
58 
47 
30 
117 
116 
68 
5 
81 
110 
108 
33 
31 
95 
125 
170 
166 
113 
44 
32 
13 
21 
63 
97 
90 
107 
107 
75 
26 
1 
32 
1 
44 
74 
103 
59 
15 
58 
67 
100 
133 
108 
75 
42 
49 
97 
64 
31 
33 
97 
80 
63 
31 
30 
21 
75 
91 
74 
97 
47 
77 
106 
49 
31 
1 
26 
27 
155 
138 
97 
79 
77 
42 
0 
97 
170 
145 
80 
46 
92 
91 
49 
48 
30 
67 
164 
68 
108 
202 
127 
12 
63 
66 
36 
117 
149 
165 
108 
75 
58 
49 
16 
16 
64 
49 
49 
10 
26 
43 
4 
49 
95 
93 
33 
17 
35 
68 
84 
76 
74 
81 
95 
61 
43 
33 
64 
15 
32 
80 
79 
77 
75 
64 
38 
43 
10 
1 
15 
48 
112 
128 
112 
79 
30 
17 
0 
0 
0 
46 
76 
42 
15 
29 
5 
1 
95 
112 
47 
16 
1 
17 
16 
0 
17 
4 
51 
108 
91 
65 
0 
17 
37 
76 
75 
5 
37 
37 
5 
11 
20 
52 
60 
90 
96 
54 
43 
31 
89 
68 
85 
62 
47 
63 
63 
15 
31 
0 
96 
95 
14 
82 
36 
37 
81 
134 
27 
47 
12 
31 
35 
101 
126 
159 
190 
124 
75 
58 
49 
16 
32 
33 
42 
75 
91 
75 
27 
11 
42 
65 
64 
22 
11 
14 
64 
66 
68 
69 
85 
30 
10 
21 
21 
85 
108 
91 
97 
47 
50 
52 
85 
1 
49 
0 
47 
95 
94 
76 
26 
15 
32 
49 
58 
74 
106 
58 
43 
75 
10 
5 
26 
37 
14 
0 
16 
48 
32 
31 
46 
53 
172 
43 
62 
127 
79 
63 
96 
16 
78 
158 
60 
42 
32 
18 
68 
78 
63 
79 
79 
78 
92 
106 
135 
123 
64 
2 
36 
78 
142 
141 
139 
111 
76 
16 
42 
59 
107 
90 
64 
1 
26 
5 
1 
14 
0 
0 
33 
65 
80 
95 
78 
44 
59 
4 
116 
140 
75 
33 
16 
0 
1 
26 
51 
68 
84 
69 
133 
108 
68 
117 
17 
14 
78 
94 
125 
27 
129 
57 
100 
94 
63 
80 
96 
64 
95 
94 
62 
5 
11 
51 
36 
36 
36 
60 
59 
81 
31 
17 
51 
68 
84 
52 
68 
37 
5 
14 
31 
16 
63 
78 
29 
43 
49 
127 
108 
46 
113 
99 
53 
69 
133 
156 
139 
113 
62 
60 
26 
31 
96 
113 
80 
0 
46 
29 
59 
80 
17 
52 
84 
91 
186 
176 
141 
97 
77 
90 
64 
14 
42 
106 
154 
112 
77 
91 
49 
32 
49 
26 
27 
42 
81 
127 
86 
59 
49 
47 
44 
26 
33 
47 
15 
1 
26 
26 
26 
74 
203 
171 
21 
63 
64 
65 
17 
1 
5 
26 
26 
35 
36 
52 
37 
21 
46 
46 
47 
16 
48 
32 
143 
14 
26 
19 
37 
48 
54 
27 
15 
2 
10 
0 
49 
90 
139 
186 
224 
188 
135 
107 
39 
4 
48 
67 
181 
270 
238 
204 
161 
77 
7 
36 
73 
69 
95 
145 
176 
159 
109 
107 
74 
17 
46 
94 
101 
108 
91 
81 
48 
14 
18 
20 
37 
62 
79 
80 
96 
96 
95 
77 
91 
81 
38 
59 
96 
108 
81 
28 
31 
51 
46 
57 
68 
14 
9 
4 
30 
65 
99 
100 
10 
5 
5 
26 
42 
90 
81 
80 
62 
76 
65 
22 
4 
31 
65 
26 
11 
11 
4 
43 
27 
4 
11 
76 
91 
81 
54 
59 
0 
106 
115 
4 
52 
12 
20 
59 
43 
52 
53 
37 
17 
16 
14 
26 
51 
28 
43 
58 
97 
95 
46 
35 
20 
26 
17 
15 
49 
35 
27 
33 
16 
14 
2 
75 
65 
14 
3 
4 
10 
49 
31 
14 
18 
36 
37 
69 
62 
46 
1 
10 
11 
19 
12 
11 
27 
27 
58 
58 
49 
49 
14 
30 
26 
42 
17 
33 
15 
34 
36 
10 
49 
65 
80 
112 
31 
74 
139 
43 
27 
20 
37 
17 
32 
15 
79 
62 
30 
42 
74 
106 
74 
81 
129 
128 
63 
62 
44 
10 
14 
32 
65 
106 
170 
186 
161 
15 
66 
53 
79 
65 
90 
67 
11 
26 
33 
64 
113 
80 
134 
155 
96 
60 
14 
1 
12 
5 
46 
78 
79 
46 
46 
46 
14 
17 
1 
17 
1 
10 
34 
4 
5 
1 
0 
0 
33 
26 
10 
10 
27 
35 
36 
20 
4 
5 
5 
37 
28 
43 
59 
27 
4 
28 
59 
74 
17 
14 
31 
79 
46 
46 
21 
5 
5 
37 
44 
59 
26 
1 
16 
15 
0 
14 
46 
101 
44 
37 
15 
14 
146 
132 
49 
127 
191 
16 
113 
99 
84 
85 
78 
31 
31 
48 
15 
15 
94 
78 
37 
3 
4 
5 
31 
32 
0 
50 
52 
69 
63 
64 
32 
0 
0 
16 
32 
16 
33 
33 
21 
44 
42 
1 
15 
16 
16 
64 
64 
32 
31 
30 
14 
5 
26 
10 
5 
4 
11 
42 
81 
80 
14 
50 
52 
37 
78 
79 
47 
0 
47 
1 
58 
19 
43 
42 
17 
0 
16 
17 
5 
35 
20 
21 
15 
16 
10 
26 
20 
3 
20 
92 
107 
74 
49 
1 
14 
14 
30 
53 
28 
26 
17 
0 
33 
42 
51 
68 
12 
59 
11 
21 
42 
17 
17 
48 
48 
16 
97 
49 
26 
90 
113 
16 
33 
98 
84 
46 
16 
18 
11 
10 
0 
0 
33 
42 
35 
36 
53 
46 
30 
31 
15 
15 
49 
17 
17 
1 
1 
15 
0 
0 
32 
65 
49 
48 
63 
30 
66 
100 
1 
1 
0 
112 
49 
1 
21 
28 
27 
17 
31 
61 
33 
38 
43 
14 
111 
142 
141 
107 
65 
31 
21 
11 
43 
42 
58 
17 
0 
32 
32 
48 
48 
15 
0 
17 
1 
14 
30 
14 
32 
47 
47 
78 
44 
36 
5 
16 
32 
42 
35 
37 
46 
32 
32 
17 
5 
12 
11 
65 
31 
66 
36 
14 
16 
13 
4 
85 
69 
37 
21 
26 
81 
14 
63 
14 
61 
20 
46 
48 
42 
19 
68 
68 
53 
10 
26 
42 
42 
49 
48 
46 
13 
37 
31 
33 
35 
69 
62 
30 
31 
15 
0 
31 
30 
21 
12 
4 
1 
16 
1 
42 
51 
52 
53 
37 
5 
37 
20 
11 
11 
20 
20 
5 
10 
49 
0 
16 
46 
37 
35 
52 
53 
53 
5 
42 
27 
21 
53 
46 
30 
14 
32 
47 
21 
28 
5 
46 
62 
78 
62 
30 
46 
69 
37 
4 
11 
27 
74 
74 
48 
0 
17 
17 
16 
64 
63 
85 
76 
75 
58 
42 
17 
14 
46 
94 
94 
62 
69 
20 
35 
52 
62 
46 
15 
48 
0 
32 
31 
47 
47 
0 
17 
14 
1 
1 
14 
81 
90 
17 
0 
31 
49 
83 
68 
30 
0 
15 
15 
33 
14 
14 
10 
19 
52 
52 
5 
37 
37 
21 
5 
10 
10 
11 
27 
11 
11 
20 
21 
21 
14 
15 
16 
0 
14 
5 
4 
4 
11 
43 
90 
97 
111 
69 
76 
42 
17 
14 
79 
63 
15 
47 
32 
14 
21 
12 
27 
10 
21 
14 
17 
17 
17 
17 
1 
1 
33 
1 
49 
48 
32 
15 
14 
14 
1 
26 
10 
10 
20 
44 
11 
69 
46 
78 
30 
65 
42 
58 
42 
59 
75 
19 
59 
59 
27 
5 
14 
15 
16 
16 
48 
65 
65 
32 
0 
16 
16 
0 
15 
32 
16 
0 
16 
0 
15 
0 
15 
15 
16 
32 
0 
16 
49 
49 
33 
33 
1 
21 
5 
42 
26 
10 
26 
26 
21 
4 
4 
19 
52 
68 
44 
27 
10 
85 
78 
62 
62 
12 
21 
31 
65 
74 
74 
42 
5 
53 
5 
74 
75 
59 
27 
11 
27 
27 
5 
5 
5 
21 
37 
53 
61 
43 
21 
30 
47 
65 
42 
67 
52 
11 
74 
97 
32 
33 
35 
21 
16 
2 
20 
30 
31 
64 
80 
112 
80 
32 
16 
0 
0 
15 
15 
0 
32 
80 
80 
30 
34 
52 
94 
175 
80 
32 
81 
42 
83 
20 
1 
16 
26 
3 
20 
21 
21 
14 
14 
0 
15 
46 
29 
11 
5 
0 
81 
74 
74 
42 
10 
4 
12 
27 
26 
33 
0 
15 
13 
4 
14 
15 
17 
19 
20 
17 
0 
49 
74 
58 
43 
27 
35 
20 
21 
10 
17 
0 
17 
42 
26 
10 
117 
117 
21 
60 
21 
47 
57 
84 
30 
64 
114 
52 
26 
33 
64 
15 
37 
108 
90 
48 
130 
148 
117 
94 
95 
64 
0 
78 
94 
94 
125 
155 
33 
121 
100 
63 
33 
12 
21 
79 
81 
58 
19 
37 
33 
16 
17 
21 
28 
11 
10 
30 
15 
16 
16 
17 
5 
44 
42 
0 
33 
35 
21 
30 
31 
48 
16 
33 
17 
26 
3 
27 
42 
48 
1 
35 
37 
63 
96 
129 
33 
62 
143 
47 
16 
33 
33 
26 
3 
4 
1 
0 
13 
42 
15 
3 
5 
47 
96 
112 
96 
95 
62 
5 
27 
43 
43 
43 
26 
5 
1 
1 
15 
31 
48 
48 
17 
21 
53 
44 
26 
48 
47 
10 
83 
100 
84 
52 
4 
37 
53 
37 
5 
33 
33 
16 
15 
14 
1 
26 
19 
4 
5 
5 
5 
14 
46 
47 
79 
31 
31 
15 
30 
14 
5 
42 
155 
123 
11 
30 
79 
48 
26 
19 
36 
30 
47 
15 
0 
16 
17 
17 
10 
10 
12 
27 
42 
33 
0 
31 
32 
49 
33 
26 
26 
26 
10 
11 
27 
3 
4 
10 
17 
15 
17 
33 
42 
90 
65 
80 
47 
0 
33 
49 
32 
32 
0 
0 
15 
0 
1 
1 
17 
26 
42 
26 
10 
4 
28 
43 
10 
30 
15 
1 
18 
11 
5 
15 
48 
74 
67 
68 
5 
5 
33 
97 
32 
16 
17 
5 
19 
5 
0 
0 
34 
20 
21 
46 
47 
48 
16 
30 
37 
5 
35 
36 
53 
14 
0 
15 
0 
0 
15 
1 
33 
35 
11 
10 
0 
32 
34 
4 
21 
1 
32 
0 
49 
34 
20 
21 
14 
16 
16 
17 
10 
26 
27 
19 
20 
20 
36 
20 
11 
4 
4 
11 
43 
10 
1 
31 
32 
17 
5 
28 
4 
46 
46 
46 
14 
21 
37 
53 
10 
10 
17 
32 
47 
30 
2 
20 
37 
30 
14 
14 
63 
80 
64 
16 
16 
64 
16 
175 
144 
31 
1 
42 
19 
21 
46 
79 
80 
49 
33 
33 
32 
16 
15 
0 
16 
15 
31 
30 
21 
4 
27 
43 
27 
4 
4 
12 
4 
21 
30 
30 
15 
0 
14 
28 
43 
33 
16 
16 
17 
2 
52 
69 
62 
78 
30 
1 
0 
0 
16 
17 
10 
5 
19 
11 
5 
10 
17 
0 
0 
1 
12 
75 
10 
15 
25 
11 
16 
17 
35 
69 
62 
62 
62 
46 
63 
63 
47 
48 
15 
78 
62 
37 
28 
11 
17 
16 
15 
2 
36 
30 
32 
49 
51 
20 
21 
30 
64 
31 
1 
26 
58 
59 
59 
58 
42 
49 
33 
33 
16 
16 
15 
31 
14 
21 
20 
12 
11 
10 
17 
31 
30 
28 
11 
17 
31 
30 
44 
27 
1 
32 
42 
35 
20 
10 
21 
1 
30 
30 
30 
30 
33 
58 
26 
26 
5 
11 
19 
36 
36 
4 
20 
36 
20 
4 
59 
27 
27 
33 
0 
1 
42 
59 
59 
90 
80 
63 
29 
27 
26 
17 
32 
0 
64 
96 
80 
63 
14 
17 
26 
26 
67 
52 
52 
52 
44 
43 
27 
26 
78 
63 
80 
81 
64 
48 
30 
13 
69 
63 
66 
36 
30 
32 
34 
20 
33 
15 
18 
20 
37 
31 
32 
33 
26 
26 
51 
36 
20 
20 
37 
21 
5 
10 
5 
10 
17 
17 
1 
15 
16 
16 
32 
48 
63 
62 
76 
58 
31 
13 
4 
1 
16 
14 
28 
5 
0 
15 
5 
19 
36 
21 
5 
14 
14 
14 
1 
17 
33 
17 
17 
48 
31 
46 
61 
43 
49 
0 
17 
26 
58 
26 
42 
26 
14 
14 
126 
141 
27 
17 
0 
66 
85 
1 
0 
16 
1 
14 
31 
0 
31 
46 
26 
19 
36 
36 
52 
44 
43 
42 
17 
16 
17 
10 
19 
4 
11 
42 
42 
42 
33 
17 
1 
14 
15 
30 
14 
17 
17 
15 
31 
15 
47 
47 
62 
46 
21 
21 
12 
11 
21 
37 
21 
4 
3 
20 
4 
20 
20 
44 
11 
5 
17 
33 
17 
15 
0 
15 
0 
32 
16 
0 
16 
16 
32 
32 
32 
31 
30 
21 
21 
12 
36 
52 
21 
11 
11 
11 
19 
20 
20 
11 
4 
52 
52 
4 
43 
43 
10 
21 
14 
30 
63 
94 
13 
84 
85 
1 
49 
58 
42 
10 
5 
5 
19 
4 
11 
10 
17 
32 
1 
10 
19 
21 
46 
30 
31 
31 
47 
15 
16 
16 
15 
0 
16 
48 
49 
33 
17 
16 
0 
15 
0 
16 
32 
16 
16 
32 
31 
15 
17 
49 
17 
17 
17 
0 
15 
31 
1 
50 
52 
52 
53 
21 
37 
1 
33 
33 
32 
0 
17 
18 
4 
10 
16 
33 
42 
67 
68 
52 
36 
52 
52 
52 
28 
27 
26 
33 
31 
29 
59 
64 
61 
33 
29 
33 
45 
49 
60 
39 
42 
45 
7 
1 
35 
8 
10 
13 
8 
4 
24 
21 
2 
15 
3 
7 
26 
29 
24 
27 
22 
8 
27 
13 
40 
74 
76 
109 
102 
86 
93 
196 
130 
104 
54 
4 
13 
23 
57 
187 
173 
102 
86 
77 
68 
50 
55 
20 
41 
21 
41 
20 
15 
18 
21 
15 
1 
12 
11 
65 
64 
30 
60 
58 
31 
12 
1 
17 
35 
46 
47 
33 
13 
27 
33 
31 
12 
1 
15 
44 
42 
16 
22 
11 
14 
16 
17 
12 
5 
1 
31 
32 
33 
1 
5 
20 
28 
43 
42 
49 
31 
15 
1 
26 
26 
10 
5 
10 
5 
21 
21 
37 
60 
74 
81 
63 
60 
58 
47 
28 
1 
9 
11 
16 
13 
1 
25 
20 
15 
34 
4 
1 
15 
28 
26 
0 
25 
4 
1 
0 
14 
60 
97 
95 
44 
0 
60 
33 
13 
1 
2 
14 
25 
21 
16 
35 
37 
30 
32 
17 
10 
21 
60 
42 
48 
61 
58 
63 
44 
26 
15 
19 
30 
64 
35 
27 
33 
0 
14 
21 
12 
26 
33 
15 
10 
51 
5 
49 
16 
17 
42 
51 
11 
27 
10 
17 
17 
16 
31 
31 
14 
29 
75 
65 
15 
26 
51 
52 
21 
10 
17 
49 
48 
15 
14 
21 
28 
43 
10 
30 
47 
16 
65 
10 
20 
44 
43 
58 
33 
16 
15 
1 
5 
27 
43 
27 
4 
20 
44 
58 
17 
0 
14 
5 
19 
4 
11 
27 
42 
26 
0 
1 
2 
27 
10 
1 
30 
14 
1 
10 
10 
26 
42 
65 
64 
16 
1 
5 
11 
19 
20 
36 
12 
11 
11 
11 
5 
37 
37 
21 
21 
37 
53 
53 
37 
5 
27 
19 
36 
20 
21 
10 
42 
42 
58 
33 
14 
16 
32 
31 
15 
14 
1 
5 
21 
3 
11 
11 
5 
1 
1 
0 
16 
15 
14 
1 
5 
5 
21 
37 
4 
11 
12 
4 
10 
10 
33 
32 
15 
30 
5 
35 
11 
11 
26 
33 
17 
0 
16 
16 
32 
32 
16 
0 
15 
46 
1 
14 
37 
21 
4 
3 
4 
4 
4 
12 
27 
4 
10 
21 
30 
31 
15 
16 
1 
17 
10 
19 
20 
4 
20 
44 
75 
58 
10 
14 
0 
47 
62 
44 
10 
16 
17 
58 
90 
81 
80 
80 
47 
14 
17 
10 
10 
26 
42 
58 
42 
5 
14 
30 
30 
1 
1 
16 
16 
14 
2 
11 
1 
32 
65 
49 
97 
48 
15 
14 
53 
52 
28 
11 
20 
53 
5 
5 
36 
44 
59 
5 
30 
15 
15 
17 
5 
12 
4 
14 
47 
65 
49 
42 
10 
21 
21 
19 
4 
21 
14 
31 
48 
1 
21 
4 
28 
27 
26 
26 
1 
63 
79 
80 
81 
33 
17 
30 
85 
37 
26 
74 
58 
26 
21 
37 
5 
11 
3 
20 
21 
37 
37 
21 
5 
21 
21 
21 
5 
10 
10 
21 
5 
5 
10 
10 
1 
0 
16 
15 
0 
48 
48 
48 
32 
16 
33 
17 
1 
30 
69 
60 
27 
1 
16 
49 
74 
35 
36 
20 
21 
21 
5 
1 
17 
33 
16 
16 
32 
33 
10 
19 
20 
5 
5 
1 
1 
1 
17 
16 
15 
26 
35 
36 
30 
0 
32 
49 
58 
27 
3 
4 
10 
10 
17 
1 
0 
0 
0 
1 
10 
35 
36 
37 
17 
48 
17 
50 
4 
5 
14 
79 
78 
30 
26 
27 
20 
20 
21 
10 
49 
16 
16 
49 
10 
19 
20 
21 
1 
17 
16 
0 
16 
17 
5 
5 
12 
26 
17 
48 
97 
65 
65 
16 
15 
16 
16 
16 
64 
17 
30 
37 
21 
59 
59 
35 
20 
4 
12 
27 
4 
37 
17 
64 
48 
15 
0 
0 
33 
48 
48 
31 
1 
5 
11 
51 
84 
100 
53 
42 
58 
65 
112 
47 
5 
35 
101 
94 
79 
79 
95 
79 
30 
14 
42 
35 
20 
5 
17 
14 
32 
16 
0 
0 
14 
30 
21 
37 
28 
20 
53 
62 
15 
0 
15 
33 
10 
4 
3 
4 
10 
1 
14 
31 
48 
32 
33 
33 
33 
33 
16 
16 
0 
15 
15 
15 
0 
16 
16 
16 
17 
17 
33 
33 
17 
33 
49 
17 
0 
31 
63 
63 
30 
10 
35 
36 
53 
62 
79 
63 
0 
97 
17 
14 
14 
1 
32 
32 
31 
17 
66 
84 
21 
30 
47 
31 
32 
33 
1 
14 
30 
31 
14 
1 
10 
10 
12 
4 
5 
1 
16 
0 
16 
49 
81 
81 
97 
96 
64 
31 
16 
17 
33 
81 
113 
80 
15 
1 
26 
59 
43 
43 
59 
42 
10 
1 
33 
1 
30 
45 
27 
37 
63 
63 
79 
47 
14 
17 
26 
58 
65 
30 
79 
47 
15 
15 
14 
21 
19 
4 
37 
53 
69 
69 
44 
27 
10 
62 
62 
14 
10 
58 
59 
27 
11 
27 
5 
5 
20 
12 
11 
5 
21 
14 
15 
16 
48 
64 
48 
16 
16 
14 
30 
30 
16 
32 
0 
0 
17 
33 
26 
42 
42 
43 
42 
42 
26 
49 
32 
0 
26 
28 
74 
80 
61 
26 
15 
12 
10 
0 
2 
37 
31 
16 
10 
3 
42 
48 
47 
29 
43 
30 
32 
2 
11 
1 
32 
33 
10 
19 
11 
44 
91 
81 
46 
12 
37 
62 
78 
109 
122 
103 
171 
119 
107 
87 
43 
6 
17 
28 
7 
5 
9 
1 
12 
24 
21 
2 
7 
4 
9 
17 
28 
8 
5 
2 
23 
4 
9 
5 
13 
17 
29 
17 
28 
16 
12 
16 
28 
0 
12 
0 
13 
1 
2 
21 
40 
36 
14 
17 
3 
1 
0 
5 
12 
5 
17 
15 
14 
13 
27 
33 
63 
45 
58 
47 
44 
33 
29 
17 
2 
21 
49 
51 
62 
80 
65 
65 
58 
26 
1 
17 
15 
16 
32 
49 
65 
65 
49 
64 
63 
62 
28 
26 
33 
31 
13 
27 
17 
16 
26 
51 
36 
37 
14 
14 
1 
14 
1 
17 
17 
17 
17 
1 
21 
3 
11 
17 
32 
9 
4 
1 
1 
28 
1 
15 
12 
10 
16 
35 
46 
17 
35 
20 
21 
46 
47 
63 
47 
63 
47 
31 
0 
31 
14 
14 
16 
15 
15 
0 
15 
0 
16 
15 
31 
0 
30 
21 
12 
10 
1 
15 
2 
5 
0 
33 
19 
36 
30 
30 
47 
63 
63 
31 
15 
15 
0 
0 
16 
1 
1 
5 
3 
4 
5 
5 
14 
31 
15 
16 
31 
31 
14 
10 
35 
52 
69 
30 
46 
14 
16 
0 
15 
14 
14 
5 
11 
35 
20 
36 
4 
21 
1 
0 
16 
17 
26 
19 
4 
37 
21 
1 
16 
31 
30 
19 
52 
53 
30 
16 
0 
0 
1 
3 
27 
26 
15 
1 
28 
10 
63 
65 
35 
20 
33 
16 
26 
59 
75 
75 
58 
96 
86 
91 
64 
44 
33 
6 
4 
15 
17 
19 
4 
1 
0 
33 
26 
35 
20 
37 
21 
5 
1 
1 
14 
21 
5 
21 
10 
11 
19 
20 
36 
5 
5 
21 
37 
37 
37 
4 
20 
12 
11 
27 
26 
42 
49 
33 
0 
15 
32 
32 
32 
33 
17 
15 
15 
31 
32 
16 
32 
0 
17 
33 
33 
10 
26 
10 
1 
1 
1 
17 
33 
17 
17 
33 
49 
17 
17 
1 
14 
0 
0 
16 
16 
0 
15 
15 
31 
14 
14 
30 
37 
21 
10 
5 
5 
1 
17 
32 
16 
16 
16 
32 
32 
15 
15 
15 
14 
15 
0 
15 
16 
17 
17 
17 
17 
33 
17 
1 
15 
0 
15 
0 
1 
17 
49 
49 
33 
1 
0 
31 
47 
62 
53 
3 
68 
62 
47 
15 
32 
33 
49 
32 
32 
16 
32 
0 
15 
0 
0 
0 
1 
17 
17 
17 
33 
32 
32 
16 
15 
14 
14 
5 
12 
11 
10 
14 
15 
15 
16 
32 
32 
15 
14 
29 
11 
21 
30 
62 
94 
77 
107 
113 
102 
122 
125 
120 
114 
99 
83 
67 
51 
34 
18 
12 
20 
35 
18 
41 
40 
55 
22 
4 
12 
29 
22 
24 
9 
2 
11 
12 
29 
7 
7 
13 
4 
13 
6 
39 
37 
51 
40 
5 
9 
5 
9 
10 
9 
10 
8 
27 
8 
11 
7 
11 
8 
4 
24 
4 
15 
28 
16 
45 
33 
29 
17 
29 
26 
6 
26 
9 
11 
8 
59 
48 
28 
23 
20 
24 
20 
32 
35 
0 
18 
20 
30 
16 
26 
35 
52 
20 
5 
5 
17 
1 
33 
32 
48 
47 
31 
46 
61 
107 
65 
63 
44 
17 
2 
10 
25 
20 
47 
34 
20 
0 
1 
13 
27 
17 
16 
14 
28 
10 
0 
33 
18 
11 
1 
15 
14 
28 
10 
17 
0 
17 
2 
4 
5 
1 
0 
0 
0 
14 
37 
28 
43 
49 
32 
1 
37 
28 
26 
16 
15 
13 
11 
33 
0 
13 
11 
33 
0 
2 
20 
21 
15 
32 
17 
35 
11 
5 
17 
1 
32 
15 
15 
15 
0 
0 
1 
14 
30 
37 
12 
43 
42 
48 
46 
44 
26 
16 
1 
10 
19 
36 
36 
36 
36 
36 
20 
11 
11 
11 
11 
11 
43 
27 
11 
3 
4 
4 
5 
17 
17 
16 
0 
5 
35 
52 
68 
92 
74 
64 
46 
28 
26 
48 
47 
21 
3 
21 
14 
15 
32 
33 
33 
33 
33 
49 
48 
31 
14 
3 
5 
31 
48 
49 
26 
19 
4 
37 
30 
30 
31 
31 
30 
14 
14 
21 
21 
21 
21 
5 
10 
5 
5 
17 
33 
33 
16 
0 
1 
5 
3 
4 
21 
30 
47 
47 
32 
32 
16 
1 
14 
37 
28 
11 
21 
1 
0 
32 
33 
26 
19 
52 
37 
1 
0 
16 
47 
29 
11 
14 
16 
5 
19 
5 
14 
32 
65 
58 
74 
26 
4 
28 
4 
14 
31 
31 
31 
31 
30 
1 
1 
1 
30 
30 
30 
1 
33 
33 
1 
0 
15 
1 
5 
12 
4 
10 
32 
15 
13 
21 
31 
33 
35 
36 
52 
20 
27 
4 
37 
46 
32 
33 
17 
21 
21 
28 
11 
14 
31 
32 
17 
5 
3 
4 
14 
15 
1 
13 
27 
33 
30 
12 
46 
64 
65 
58 
42 
12 
59 
42 
16 
49 
106 
123 
123 
59 
10 
32 
31 
14 
14 
10 
10 
49 
49 
33 
32 
0 
1 
5 
44 
42 
32 
14 
12 
10 
0 
49 
67 
68 
37 
31 
48 
49 
58 
59 
27 
11 
12 
27 
27 
4 
37 
53 
14 
48 
46 
28 
17 
1 
19 
36 
53 
21 
37 
37 
53 
52 
60 
43 
3 
27 
27 
26 
49 
47 
13 
11 
14 
15 
0 
0 
16 
1 
2 
4 
0 
17 
35 
53 
85 
93 
91 
90 
80 
30 
19 
36 
52 
44 
59 
42 
33 
16 
15 
1 
26 
27 
27 
19 
36 
36 
37 
21 
10 
17 
32 
15 
10 
3 
5 
14 
16 
13 
27 
33 
22 
43 
0 
19 
30 
