58 
48 
22 
4 
63 
82 
133 
127 
177 
186 
177 
32 
66 
117 
153 
148 
143 
129 
83 
52 
21 
10 
5 
5 
5 
44 
43 
33 
0 
17 
35 
69 
78 
80 
0 
30 
30 
30 
37 
53 
37 
53 
36 
28 
11 
10 
10 
1 
0 
0 
0 
1 
21 
21 
12 
11 
5 
17 
32 
79 
62 
29 
27 
1 
15 
34 
52 
46 
31 
0 
21 
21 
20 
28 
43 
59 
27 
10 
26 
33 
1 
15 
0 
14 
5 
3 
11 
10 
81 
80 
30 
12 
37 
31 
49 
26 
19 
21 
5 
33 
32 
0 
16 
15 
31 
47 
47 
62 
14 
10 
3 
4 
53 
30 
31 
15 
0 
31 
47 
47 
47 
31 
15 
30 
14 
5 
4 
19 
4 
4 
11 
10 
26 
49 
65 
64 
31 
37 
44 
10 
16 
34 
20 
10 
80 
94 
44 
21 
80 
114 
36 
30 
63 
32 
1 
30 
14 
47 
31 
16 
17 
10 
35 
36 
20 
21 
21 
14 
14 
14 
1 
1 
5 
21 
37 
28 
27 
10 
17 
0 
47 
30 
12 
11 
1 
15 
17 
2 
11 
5 
1 
16 
31 
15 
62 
61 
27 
1 
48 
30 
3 
37 
63 
65 
42 
3 
27 
42 
74 
49 
16 
16 
1 
37 
12 
4 
4 
5 
17 
17 
32 
32 
32 
65 
42 
12 
203 
170 
65 
65 
115 
158 
191 
144 
79 
1 
51 
69 
80 
66 
68 
46 
17 
19 
37 
47 
49 
50 
52 
53 
30 
14 
14 
10 
19 
59 
42 
16 
1 
3 
21 
31 
32 
26 
10 
11 
3 
19 
36 
36 
20 
5 
21 
21 
30 
14 
14 
14 
30 
14 
1 
5 
5 
5 
10 
26 
27 
26 
42 
26 
17 
16 
14 
12 
5 
31 
57 
52 
30 
32 
2 
11 
17 
0 
65 
67 
68 
69 
69 
69 
44 
43 
26 
16 
14 
28 
10 
15 
13 
181 
128 
97 
58 
42 
17 
0 
17 
99 
101 
95 
81 
83 
68 
53 
30 
49 
26 
42 
35 
36 
21 
5 
1 
33 
32 
15 
15 
14 
46 
101 
124 
59 
33 
9 
20 
30 
65 
83 
101 
175 
127 
110 
108 
97 
76 
39 
39 
326 
261 
210 
159 
67 
17 
79 
125 
186 
143 
92 
40 
11 
40 
46 
51 
88 
101 
137 
117 
97 
67 
37 
1 
32 
63 
47 
30 
21 
3 
20 
14 
32 
18 
4 
1 
16 
34 
36 
46 
31 
33 
19 
20 
1 
0 
1 
5 
3 
10 
0 
16 
34 
52 
53 
47 
48 
65 
49 
33 
17 
65 
96 
159 
109 
58 
7 
20 
88 
100 
144 
131 
117 
78 
31 
0 
1 
42 
51 
53 
190 
160 
144 
112 
96 
78 
92 
90 
70 
74 
77 
55 
56 
57 
25 
8 
7 
9 
11 
12 
22 
8 
489 
386 
352 
275 
220 
155 
135 
105 
66 
40 
53 
65 
51 
20 
28 
43 
10 
0 
9 
11 
16 
34 
21 
0 
17 
19 
21 
1 
0 
0 
0 
17 
17 
33 
49 
33 
33 
32 
15 
14 
21 
28 
27 
33 
31 
13 
27 
33 
47 
92 
97 
70 
90 
93 
73 
75 
86 
55 
57 
9 
13 
29 
45 
45 
52 
99 
66 
72 
30 
19 
15 
18 
5 
0 
2 
11 
1 
32 
78 
69 
92 
42 
15 
19 
30 
40 
27 
64 
45 
1 
34 
1 
45 
33 
6 
74 
157 
9 
68 
121 
1 
28 
7 
4 
23 
59 
55 
75 
7 
21 
9 
26 
61 
49 
77 
72 
74 
61 
38 
40 
40 
9 
9 
8 
7 
6 
45 
36 
19 
41 
72 
21 
44 
70 
88 
82 
66 
18 
6 
55 
121 
123 
140 
93 
2 
66 
66 
34 
13 
29 
29 
140 
132 
50 
8 
22 
11 
54 
56 
58 
44 
25 
136 
150 
100 
73 
30 
13 
16 
12 
7 
10 
13 
23 
36 
88 
85 
57 
5 
15 
44 
16 
93 
65 
77 
39 
10 
28 
29 
22 
22 
22 
38 
45 
36 
50 
40 
113 
172 
86 
24 
6 
13 
13 
11 
3 
2 
13 
22 
22 
23 
7 
8 
7 
6 
6 
98 
114 
130 
137 
136 
117 
82 
78 
102 
91 
80 
77 
74 
38 
65 
45 
23 
9 
11 
28 
13 
13 
29 
20 
92 
77 
54 
39 
8 
7 
6 
13 
2 
11 
28 
28 
29 
29 
29 
22 
86 
70 
77 
68 
51 
9 
8 
59 
77 
39 
9 
36 
66 
72 
86 
68 
41 
1 
35 
24 
53 
114 
110 
89 
20 
49 
111 
77 
91 
96 
108 
72 
43 
13 
40 
87 
102 
125 
116 
98 
104 
21 
2 
1 
44 
48 
44 
32 
3 
40 
52 
56 
52 
63 
51 
5 
31 
28 
30 
80 
19 
53 
31 
30 
77 
107 
65 
22 
5 
25 
30 
50 
79 
67 
72 
36 
32 
19 
15 
50 
37 
31 
1 
12 
10 
1 
48 
49 
42 
12 
11 
26 
32 
0 
18 
4 
1 
16 
2 
10 
32 
45 
26 
9 
21 
56 
68 
80 
131 
117 
47 
16 
14 
14 
14 
5 
21 
5 
26 
43 
3 
43 
20 
37 
21 
1 
33 
48 
14 
51 
69 
16 
33 
35 
26 
112 
166 
155 
8 
116 
153 
101 
73 
37 
56 
36 
63 
25 
4 
30 
64 
65 
26 
12 
11 
5 
14 
1 
16 
31 
1 
17 
10 
19 
68 
69 
53 
26 
10 
10 
10 
17 
33 
32 
31 
17 
19 
21 
15 
30 
3 
5 
15 
12 
26 
38 
43 
39 
26 
22 
14 
51 
72 
52 
73 
117 
64 
12 
49 
31 
3 
14 
1 
12 
1 
17 
19 
30 
33 
19 
37 
32 
18 
4 
0 
25 
36 
30 
32 
19 
21 
15 
17 
18 
11 
1 
16 
10 
3 
5 
14 
16 
17 
3 
4 
14 
15 
17 
18 
4 
5 
15 
17 
34 
20 
21 
14 
15 
17 
10 
3 
4 
1 
0 
0 
10 
35 
69 
30 
15 
31 
32 
16 
0 
15 
15 
15 
15 
14 
33 
21 
12 
11 
1 
31 
49 
35 
52 
46 
15 
15 
30 
12 
11 
1 
16 
17 
19 
21 
31 
48 
58 
51 
36 
5 
10 
37 
101 
85 
3 
52 
69 
46 
46 
15 
33 
33 
17 
10 
5 
43 
99 
52 
4 
4 
27 
27 
27 
27 
5 
1 
30 
47 
48 
97 
145 
80 
0 
58 
67 
69 
63 
48 
33 
1 
30 
31 
47 
80 
97 
129 
160 
79 
34 
100 
126 
112 
97 
58 
42 
10 
1 
31 
48 
42 
51 
37 
30 
47 
48 
65 
65 
49 
33 
0 
0 
1 
5 
12 
27 
33 
16 
1 
18 
36 
21 
14 
17 
16 
16 
15 
1 
17 
17 
17 
1 
30 
31 
47 
47 
31 
15 
15 
17 
17 
17 
33 
1 
14 
46 
46 
15 
0 
0 
0 
15 
15 
14 
1 
10 
19 
36 
53 
46 
0 
0 
0 
0 
15 
0 
17 
33 
10 
21 
11 
67 
116 
60 
4 
68 
69 
37 
5 
3 
11 
21 
30 
31 
16 
17 
26 
35 
20 
20 
21 
21 
30 
14 
14 
5 
5 
5 
4 
4 
12 
11 
27 
11 
10 
10 
10 
10 
17 
17 
17 
17 
16 
0 
16 
0 
0 
16 
32 
16 
15 
15 
14 
14 
1 
5 
21 
5 
11 
11 
11 
11 
4 
4 
4 
4 
5 
21 
21 
21 
5 
5 
21 
21 
4 
4 
20 
12 
11 
43 
27 
10 
5 
5 
1 
17 
33 
32 
16 
15 
1 
37 
20 
19 
20 
37 
30 
1 
1 
1 
17 
26 
42 
43 
19 
20 
36 
20 
4 
4 
4 
11 
4 
20 
28 
11 
11 
10 
5 
1 
17 
16 
16 
31 
30 
30 
37 
44 
27 
1 
31 
32 
33 
5 
5 
4 
20 
28 
11 
20 
27 
58 
42 
42 
42 
14 
31 
31 
96 
112 
47 
1 
50 
68 
69 
63 
48 
1 
10 
51 
68 
52 
36 
3 
52 
21 
26 
10 
10 
17 
17 
1 
16 
0 
0 
15 
15 
0 
1 
14 
37 
35 
68 
84 
69 
21 
10 
10 
4 
11 
11 
4 
11 
11 
20 
4 
20 
36 
36 
20 
44 
43 
4 
21 
1 
33 
64 
48 
32 
33 
1 
14 
14 
14 
14 
1 
1 
1 
1 
0 
0 
16 
33 
58 
42 
3 
27 
11 
21 
10 
58 
129 
0 
64 
113 
154 
138 
113 
31 
17 
51 
117 
127 
80 
0 
64 
81 
65 
33 
10 
5 
10 
10 
11 
12 
11 
20 
21 
37 
14 
1 
17 
17 
15 
31 
31 
32 
32 
16 
0 
0 
15 
30 
14 
33 
69 
53 
44 
43 
17 
16 
1 
18 
4 
21 
15 
16 
1 
5 
12 
11 
10 
10 
1 
0 
32 
31 
31 
14 
17 
10 
11 
12 
11 
11 
10 
17 
32 
48 
31 
33 
10 
4 
12 
43 
43 
10 
30 
15 
31 
30 
37 
76 
58 
1 
0 
10 
12 
26 
0 
16 
18 
27 
33 
47 
14 
19 
21 
30 
30 
30 
30 
37 
44 
59 
65 
22 
59 
1 
34 
53 
48 
35 
5 
0 
66 
52 
46 
48 
33 
26 
19 
4 
5 
5 
1 
14 
15 
31 
15 
16 
17 
17 
5 
3 
4 
10 
17 
16 
1 
3 
4 
14 
16 
18 
11 
5 
15 
33 
34 
20 
21 
15 
16 
17 
18 
20 
21 
14 
31 
32 
32 
17 
1 
26 
10 
27 
27 
11 
11 
11 
11 
59 
59 
91 
91 
90 
16 
81 
147 
149 
110 
78 
78 
92 
42 
176 
307 
293 
174 
30 
81 
122 
122 
90 
42 
10 
14 
31 
15 
32 
33 
33 
10 
12 
11 
5 
14 
15 
47 
48 
48 
48 
32 
79 
30 
34 
52 
21 
17 
16 
30 
5 
26 
19 
20 
36 
35 
84 
84 
44 
43 
10 
5 
14 
47 
48 
48 
32 
32 
15 
33 
49 
42 
35 
20 
20 
37 
37 
36 
28 
43 
27 
10 
17 
16 
31 
46 
92 
58 
16 
6 
4 
15 
41 
68 
46 
15 
46 
44 
11 
5 
31 
32 
33 
46 
14 
1 
1 
17 
33 
33 
32 
31 
5 
12 
10 
16 
17 
19 
30 
16 
34 
4 
17 
31 
45 
43 
32 
6 
27 
32 
45 
26 
6 
69 
50 
46 
18 
14 
13 
1 
2 
96 
44 
8 
20 
57 
94 
82 
94 
114 
101 
95 
97 
90 
20 
4 
5 
5 
17 
0 
0 
1 
37 
12 
11 
5 
14 
78 
62 
30 
28 
11 
1 
0 
18 
53 
63 
66 
52 
30 
32 
33 
26 
19 
11 
11 
5 
37 
37 
37 
5 
3 
20 
37 
5 
10 
10 
26 
26 
27 
35 
4 
4 
26 
33 
15 
64 
74 
74 
59 
27 
21 
53 
49 
49 
113 
128 
86 
91 
144 
44 
40 
116 
121 
126 
121 
116 
161 
127 
117 
108 
65 
31 
44 
26 
32 
19 
17 
22 
42 
23 
43 
55 
58 
22 
22 
68 
89 
62 
2 
17 
29 
33 
22 
58 
71 
59 
23 
26 
22 
26 
13 
7 
4 
6 
17 
3 
24 
4 
25 
10 
9 
10 
9 
10 
22 
10 
6 
17 
13 
1 
2 
17 
61 
65 
44 
7 
20 
40 
5 
6 
10 
22 
26 
25 
33 
13 
48 
124 
87 
10 
34 
87 
116 
121 
84 
31 
66 
4 
42 
129 
175 
93 
20 
31 
41 
36 
31 
57 
52 
30 
16 
10 
3 
11 
42 
65 
65 
48 
47 
46 
44 
26 
16 
1 
12 
1 
0 
12 
10 
15 
12 
5 
0 
12 
33 
30 
12 
17 
9 
11 
1 
1 
12 
17 
15 
29 
10 
0 
9 
11 
17 
15 
12 
10 
32 
13 
11 
17 
15 
28 
10 
16 
18 
21 
48 
77 
58 
39 
11 
24 
52 
95 
98 
85 
62 
47 
0 
31 
32 
48 
33 
10 
26 
43 
59 
59 
43 
27 
5 
1 
48 
62 
29 
11 
17 
1 
3 
30 
31 
60 
5 
31 
76 
49 
22 
36 
127 
129 
99 
20 
35 
68 
100 
68 
44 
20 
20 
21 
21 
21 
5 
5 
10 
10 
10 
11 
19 
4 
20 
37 
21 
21 
42 
42 
49 
48 
47 
29 
27 
16 
9 
5 
8 
4 
0 
3 
14 
2 
1 
2 
14 
18 
21 
22 
10 
8 
20 
31 
19 
30 
50 
53 
48 
35 
37 
31 
34 
20 
21 
16 
1 
2 
11 
17 
0 
1 
12 
14 
32 
34 
20 
15 
17 
3 
21 
16 
18 
4 
0 
1 
3 
1 
9 
20 
30 
25 
20 
14 
17 
19 
5 
16 
2 
4 
14 
32 
34 
20 
37 
79 
112 
97 
33 
14 
47 
79 
79 
63 
46 
2 
20 
30 
32 
50 
52 
30 
0 
3 
5 
15 
17 
19 
37 
31 
1 
19 
52 
69 
78 
30 
17 
5 
5 
27 
3 
27 
11 
26 
49 
33 
32 
31 
14 
12 
4 
10 
0 
15 
1 
3 
4 
5 
30 
30 
31 
31 
31 
30 
45 
43 
30 
32 
34 
21 
31 
50 
36 
15 
17 
3 
21 
15 
17 
3 
5 
14 
0 
17 
19 
4 
21 
14 
31 
32 
17 
10 
26 
27 
3 
4 
20 
21 
5 
5 
14 
14 
14 
1 
15 
31 
15 
15 
0 
15 
16 
0 
30 
62 
62 
78 
53 
3 
37 
1 
0 
16 
58 
42 
27 
11 
4 
36 
68 
52 
37 
21 
10 
10 
10 
5 
1 
30 
47 
63 
46 
33 
26 
28 
75 
74 
48 
32 
98 
100 
69 
30 
1 
1 
10 
35 
20 
37 
63 
64 
49 
33 
1 
14 
15 
0 
15 
14 
14 
1 
5 
26 
4 
36 
52 
76 
43 
10 
14 
15 
0 
0 
1 
21 
37 
12 
27 
10 
5 
1 
16 
31 
30 
13 
11 
10 
1 
16 
17 
5 
11 
3 
27 
59 
59 
26 
33 
0 
16 
5 
12 
4 
21 
15 
16 
17 
21 
5 
36 
60 
59 
11 
5 
14 
0 
16 
16 
0 
30 
37 
28 
59 
10 
15 
32 
26 
19 
27 
27 
10 
17 
32 
0 
1 
17 
5 
21 
21 
20 
52 
44 
11 
5 
46 
31 
15 
16 
0 
1 
1 
1 
21 
30 
30 
30 
30 
49 
16 
47 
80 
80 
31 
16 
32 
16 
15 
15 
31 
14 
10 
3 
4 
1 
15 
0 
5 
12 
37 
31 
32 
26 
35 
20 
21 
14 
46 
47 
31 
31 
31 
31 
30 
30 
21 
28 
26 
33 
32 
14 
2 
11 
17 
0 
14 
12 
26 
16 
14 
12 
10 
16 
14 
12 
10 
32 
30 
28 
26 
47 
76 
65 
9 
20 
32 
3 
14 
25 
20 
15 
17 
3 
14 
15 
17 
19 
11 
26 
33 
32 
47 
47 
30 
12 
11 
1 
0 
14 
44 
42 
48 
29 
43 
32 
29 
5 
25 
4 
15 
44 
33 
25 
37 
32 
3 
5 
0 
18 
4 
33 
16 
1 
18 
4 
10 
26 
1 
15 
16 
16 
1 
17 
1 
17 
17 
1 
0 
16 
0 
1 
5 
12 
10 
1 
0 
2 
4 
10 
0 
17 
19 
37 
31 
48 
42 
51 
36 
37 
21 
21 
5 
21 
5 
42 
26 
26 
10 
5 
1 
15 
16 
32 
65 
42 
3 
11 
10 
1 
0 
16 
33 
26 
35 
59 
58 
65 
64 
22 
43 
49 
29 
26 
6 
33 
28 
23 
25 
27 
28 
45 
22 
23 
23 
40 
24 
24 
25 
8 
24 
8 
8 
7 
7 
7 
6 
6 
6 
22 
13 
13 
13 
13 
12 
12 
4 
3 
19 
3 
2 
2 
9 
24 
24 
23 
22 
45 
20 
19 
18 
9 
40 
22 
21 
3 
9 
23 
21 
18 
40 
30 
35 
57 
30 
19 
24 
20 
25 
1 
13 
23 
4 
9 
5 
2 
23 
4 
56 
69 
41 
21 
57 
53 
48 
3 
33 
29 
42 
23 
11 
8 
20 
89 
69 
57 
37 
48 
19 
0 
2 
10 
32 
29 
26 
38 
27 
8 
20 
72 
53 
89 
53 
56 
36 
0 
45 
33 
2 
30 
89 
69 
48 
19 
10 
16 
17 
19 
37 
14 
0 
14 
12 
27 
17 
17 
51 
101 
79 
17 
28 
26 
32 
13 
11 
16 
25 
36 
47 
33 
35 
21 
0 
16 
18 
20 
14 
0 
16 
10 
19 
21 
14 
31 
16 
17 
33 
26 
19 
11 
4 
10 
17 
15 
16 
17 
10 
19 
4 
5 
14 
15 
15 
32 
17 
26 
11 
3 
4 
5 
21 
30 
30 
31 
31 
16 
0 
16 
0 
15 
0 
16 
15 
16 
17 
17 
5 
28 
27 
5 
31 
48 
58 
67 
20 
4 
5 
46 
46 
15 
0 
0 
0 
0 
0 
0 
17 
1 
14 
30 
30 
14 
14 
37 
21 
21 
4 
4 
28 
27 
27 
11 
4 
21 
21 
36 
44 
43 
42 
48 
30 
44 
26 
22 
27 
7 
11 
8 
53 
57 
37 
25 
14 
2 
14 
41 
21 
25 
20 
31 
18 
21 
16 
19 
14 
16 
3 
21 
15 
18 
20 
14 
16 
3 
5 
32 
29 
20 
47 
50 
53 
16 
2 
27 
17 
1 
3 
5 
31 
49 
35 
37 
47 
48 
26 
3 
21 
14 
31 
0 
1 
21 
60 
59 
49 
0 
25 
20 
30 
0 
12 
14 
48 
51 
30 
49 
35 
37 
47 
17 
10 
19 
52 
21 
10 
17 
1 
1 
0 
0 
15 
14 
17 
42 
35 
20 
20 
21 
21 
1 
48 
32 
33 
58 
51 
21 
17 
16 
16 
32 
17 
10 
27 
19 
4 
4 
5 
5 
1 
1 
0 
0 
0 
16 
33 
10 
27 
19 
36 
20 
21 
37 
36 
20 
3 
11 
11 
10 
10 
10 
1 
17 
17 
33 
17 
32 
16 
16 
31 
47 
46 
53 
67 
52 
53 
30 
30 
30 
53 
60 
75 
65 
22 
20 
88 
100 
63 
51 
30 
9 
27 
48 
29 
42 
39 
27 
23 
10 
13 
8 
10 
12 
6 
7 
5 
3 
2 
24 
7 
13 
4 
2 
9 
39 
41 
43 
60 
61 
77 
77 
68 
51 
41 
30 
35 
47 
19 
30 
49 
35 
52 
14 
33 
16 
16 
15 
15 
14 
14 
37 
37 
20 
12 
11 
10 
17 
32 
15 
14 
5 
19 
36 
37 
30 
31 
0 
48 
80 
112 
127 
94 
60 
58 
15 
28 
33 
6 
10 
6 
10 
13 
17 
28 
7 
10 
29 
8 
27 
38 
33 
44 
23 
33 
28 
22 
25 
27 
45 
23 
41 
27 
28 
45 
39 
24 
9 
9 
18 
35 
19 
19 
3 
19 
19 
19 
18 
2 
25 
41 
40 
24 
39 
6 
5 
35 
98 
104 
62 
19 
23 
58 
29 
24 
10 
61 
39 
41 
10 
35 
50 
57 
40 
39 
45 
20 
18 
9 
23 
13 
4 
13 
8 
5 
51 
121 
103 
52 
24 
43 
31 
28 
48 
60 
0 
3 
24 
5 
25 
39 
20 
25 
23 
21 
18 
56 
46 
51 
72 
53 
18 
1 
13 
14 
41 
52 
47 
50 
52 
30 
32 
10 
3 
43 
33 
16 
1 
3 
21 
16 
29 
26 
32 
19 
31 
35 
46 
9 
36 
79 
73 
36 
10 
32 
47 
29 
43 
17 
41 
4 
17 
41 
36 
32 
83 
30 
6 
11 
16 
2 
5 
16 
19 
46 
65 
19 
14 
0 
18 
20 
17 
31 
18 
52 
94 
80 
33 
21 
21 
12 
5 
14 
31 
64 
81 
26 
21 
20 
19 
11 
11 
26 
1 
31 
32 
33 
163 
132 
108 
107 
90 
80 
54 
75 
39 
26 
38 
24 
27 
13 
73 
135 
149 
130 
94 
65 
35 
186 
193 
166 
171 
119 
91 
70 
56 
45 
36 
18 
9 
40 
86 
84 
50 
31 
12 
7 
43 
23 
27 
7 
11 
39 
91 
135 
202 
140 
9 
57 
72 
72 
71 
86 
68 
50 
40 
53 
18 
1 
9 
26 
16 
2 
11 
33 
31 
13 
27 
42 
48 
61 
91 
103 
235 
86 
40 
73 
89 
24 
89 
235 
300 
212 
130 
80 
19 
49 
238 
188 
145 
86 
58 
22 
10 
13 
1 
12 
7 
26 
29 
7 
4 
18 
88 
53 
19 
8 
10 
29 
8 
11 
9 
5 
13 
1 
2 
94 
98 
85 
63 
48 
49 
49 
48 
31 
45 
58 
38 
10 
18 
55 
53 
50 
71 
116 
121 
37 
95 
109 
90 
55 
27 
0 
34 
78 
97 
83 
46 
47 
49 
19 
59 
90 
96 
38 
52 
190 
289 
138 
53 
254 
189 
155 
96 
76 
55 
41 
2 
28 
28 
28 
45 
54 
102 
150 
214 
260 
169 
5 
159 
125 
107 
65 
30 
28 
10 
16 
18 
21 
8 
27 
7 
26 
45 
23 
6 
13 
3 
19 
19 
19 
19 
3 
381 
324 
290 
238 
192 
160 
143 
124 
56 
54 
36 
18 
9 
9 
7 
24 
24 
25 
9 
13 
36 
35 
41 
30 
35 
47 
35 
42 
128 
93 
59 
31 
98 
116 
110 
94 
47 
1 
26 
26 
27 
83 
204 
251 
129 
22 
65 
77 
8 
54 
5 
28 
2 
40 
119 
197 
210 
110 
48 
74 
90 
65 
15 
3 
46 
67 
119 
180 
168 
68 
46 
144 
161 
33 
175 
337 
282 
209 
175 
156 
120 
43 
19 
82 
121 
169 
184 
247 
212 
232 
228 
158 
257 
193 
161 
129 
65 
16 
1 
34 
52 
62 
32 
18 
21 
31 
50 
68 
94 
96 
58 
51 
20 
20 
4 
11 
3 
36 
20 
21 
21 
21 
21 
21 
26 
51 
52 
14 
0 
0 
1 
19 
4 
37 
63 
32 
65 
74 
106 
90 
81 
32 
34 
68 
79 
113 
58 
3 
27 
74 
113 
80 
47 
94 
92 
11 
78 
128 
97 
90 
74 
97 
96 
86 
43 
31 
51 
47 
2 
49 
61 
17 
35 
88 
117 
121 
85 
104 
388 
302 
126 
179 
318 
192 
202 
218 
133 
62 
63 
64 
17 
53 
76 
90 
239 
252 
198 
135 
103 
85 
50 
30 
134 
107 
97 
95 
124 
113 
77 
97 
61 
23 
4 
77 
87 
8 
39 
39 
40 
6 
9 
10 
51 
34 
40 
86 
68 
50 
39 
21 
13 
56 
53 
2 
24 
26 
13 
8 
10 
67 
120 
181 
89 
74 
265 
389 
127 
207 
446 
397 
241 
92 
9 
72 
24 
40 
104 
264 
391 
245 
2 
266 
89 
5 
15 
221 
410 
262 
167 
71 
22 
170 
253 
214 
375 
151 
18 
91 
93 
87 
56 
41 
2 
3 
68 
67 
18 
41 
136 
134 
100 
153 
357 
159 
271 
239 
253 
219 
167 
139 
45 
57 
249 
232 
183 
101 
50 
56 
138 
221 
182 
38 
57 
89 
162 
201 
184 
206 
2 
154 
230 
299 
134 
23 
61 
244 
146 
23 
137 
83 
3 
76 
76 
221 
189 
196 
185 
110 
65 
19 
5 
33 
97 
145 
81 
48 
159 
198 
203 
183 
50 
116 
195 
178 
169 
232 
238 
131 
160 
67 
26 
129 
160 
191 
205 
122 
9 
133 
233 
180 
255 
193 
81 
49 
63 
79 
144 
161 
161 
176 
143 
44 
87 
196 
168 
100 
62 
113 
179 
84 
21 
33 
65 
14 
14 
32 
128 
144 
110 
140 
1 
89 
101 
105 
84 
63 
114 
180 
85 
5 
42 
58 
37 
5 
10 
58 
74 
10 
30 
30 
15 
0 
47 
16 
31 
127 
158 
109 
10 
104 
100 
175 
178 
149 
30 
48 
79 
126 
172 
42 
64 
131 
165 
63 
1 
29 
139 
129 
127 
124 
81 
61 
40 
42 
147 
98 
56 
23 
6 
29 
4 
12 
2 
13 
6 
39 
8 
22 
77 
68 
18 
8 
42 
76 
87 
25 
84 
137 
110 
51 
23 
36 
152 
84 
72 
84 
223 
314 
171 
53 
287 
384 
337 
351 
300 
135 
24 
119 
265 
322 
195 
82 
18 
22 
87 
120 
25 
9 
77 
125 
68 
50 
105 
103 
52 
6 
10 
9 
37 
89 
36 
1 
32 
18 
59 
81 
80 
114 
84 
46 
32 
14 
108 
5 
64 
99 
149 
79 
15 
111 
191 
143 
253 
282 
157 
9 
184 
184 
135 
150 
197 
195 
191 
115 
53 
16 
47 
62 
46 
37 
3 
20 
26 
161 
192 
41 
164 
191 
130 
20 
10 
14 
47 
32 
46 
126 
133 
60 
97 
87 
43 
89 
94 
51 
24 
37 
130 
126 
50 
14 
50 
85 
79 
33 
29 
139 
58 
1 
16 
10 
3 
53 
46 
16 
17 
26 
83 
52 
36 
20 
35 
84 
76 
75 
26 
62 
80 
66 
36 
62 
47 
48 
49 
3 
11 
14 
0 
1 
10 
43 
4 
5 
30 
79 
48 
15 
0 
145 
122 
67 
20 
58 
170 
160 
54 
27 
63 
115 
126 
177 
131 
148 
117 
45 
20 
117 
159 
257 
81 
46 
79 
79 
64 
113 
97 
17 
111 
111 
95 
17 
82 
20 
27 
58 
0 
46 
92 
10 
56 
100 
63 
82 
117 
95 
98 
68 
30 
0 
32 
48 
80 
48 
0 
30 
30 
1 
14 
30 
46 
46 
30 
14 
14 
1 
17 
16 
0 
0 
31 
0 
1 
1 
26 
19 
37 
30 
79 
63 
30 
17 
2 
11 
21 
42 
81 
65 
16 
32 
14 
2 
27 
5 
62 
0 
48 
97 
129 
96 
48 
66 
36 
30 
128 
194 
196 
100 
19 
116 
84 
53 
101 
124 
107 
74 
31 
210 
196 
117 
21 
1 
62 
94 
101 
12 
117 
94 
64 
81 
129 
49 
96 
31 
66 
36 
46 
65 
131 
149 
127 
80 
65 
58 
14 
94 
143 
143 
63 
49 
82 
68 
52 
53 
30 
30 
15 
0 
0 
0 
0 
0 
15 
47 
46 
30 
37 
28 
11 
5 
53 
46 
62 
30 
37 
37 
59 
99 
116 
116 
116 
92 
69 
110 
32 
49 
90 
21 
37 
10 
58 
26 
1 
15 
33 
19 
37 
15 
32 
66 
36 
1 
31 
80 
80 
80 
16 
15 
15 
1 
5 
19 
53 
47 
15 
78 
76 
26 
15 
1 
28 
43 
49 
32 
1 
82 
212 
52 
83 
148 
180 
140 
59 
49 
32 
83 
181 
110 
63 
48 
15 
79 
79 
31 
30 
69 
44 
5 
1 
0 
21 
35 
133 
111 
113 
74 
27 
12 
27 
5 
46 
30 
10 
43 
35 
27 
10 
33 
16 
15 
48 
0 
15 
48 
15 
47 
0 
79 
0 
49 
77 
107 
138 
160 
189 
161 
172 
205 
221 
196 
192 
187 
155 
154 
166 
40 
119 
120 
137 
155 
205 
166 
118 
38 
11 
22 
49 
29 
42 
0 
2 
21 
31 
49 
58 
42 
26 
49 
65 
63 
14 
34 
52 
37 
69 
37 
35 
84 
85 
94 
79 
95 
63 
31 
14 
45 
75 
81 
38 
4 
47 
3 
14 
18 
69 
48 
60 
42 
31 
61 
74 
64 
77 
58 
24 
11 
80 
108 
136 
155 
125 
6 
130 
306 
354 
168 
91 
176 
189 
97 
13 
65 
34 
33 
77 
7 
75 
86 
81 
28 
6 
41 
4 
9 
6 
4 
13 
22 
56 
89 
82 
89 
8 
17 
35 
57 
71 
37 
76 
118 
136 
137 
57 
87 
88 
89 
98 
123 
124 
125 
45 
4 
28 
38 
8 
38 
11 
77 
7 
38 
53 
35 
7 
25 
4 
12 
25 
7 
39 
93 
84 
50 
39 
21 
13 
64 
108 
22 
22 
52 
66 
104 
85 
67 
72 
5 
61 
72 
75 
45 
23 
53 
67 
88 
53 
25 
14 
2 
32 
60 
55 
5 
18 
39 
53 
35 
56 
85 
73 
4 
1 
25 
11 
81 
141 
65 
2 
40 
85 
130 
119 
52 
72 
84 
79 
98 
69 
46 
16 
111 
111 
110 
173 
139 
80 
3 
88 
62 
50 
55 
84 
121 
78 
18 
33 
54 
10 
72 
52 
16 
76 
33 
18 
14 
34 
85 
33 
3 
14 
14 
28 
30 
73 
68 
46 
64 
66 
4 
33 
80 
14 
3 
10 
0 
16 
50 
52 
46 
63 
128 
81 
37 
101 
108 
58 
64 
9 
4 
47 
82 
84 
95 
49 
19 
10 
65 
31 
14 
3 
21 
63 
81 
34 
27 
26 
1 
0 
1 
19 
20 
14 
31 
32 
65 
58 
51 
52 
53 
30 
5 
26 
131 
148 
28 
20 
21 
14 
16 
50 
84 
85 
31 
1 
10 
3 
21 
5 
1 
0 
48 
15 
48 
49 
26 
10 
67 
52 
69 
37 
17 
33 
62 
62 
45 
100 
142 
80 
96 
95 
64 
65 
42 
19 
4 
5 
17 
32 
46 
44 
10 
0 
3 
1 
25 
36 
31 
41 
36 
30 
32 
26 
19 
5 
17 
0 
1 
12 
10 
64 
46 
44 
16 
13 
1 
34 
46 
50 
62 
66 
53 
32 
19 
14 
0 
3 
5 
16 
14 
13 
26 
32 
6 
11 
0 
146 
117 
111 
96 
97 
81 
64 
63 
30 
28 
10 
16 
1 
3 
5 
15 
1 
2 
11 
10 
17 
15 
32 
26 
27 
83 
68 
20 
11 
19 
20 
10 
14 
111 
113 
58 
42 
59 
75 
43 
36 
117 
149 
69 
76 
27 
5 
31 
97 
115 
100 
53 
14 
32 
64 
31 
1 
50 
36 
53 
30 
15 
0 
46 
53 
12 
4 
53 
53 
68 
92 
91 
81 
32 
1 
50 
20 
21 
5 
17 
16 
16 
15 
31 
14 
17 
42 
42 
33 
33 
15 
64 
49 
49 
42 
58 
26 
21 
117 
17 
10 
42 
74 
90 
97 
80 
16 
81 
171 
163 
92 
52 
101 
30 
0 
31 
49 
106 
99 
68 
52 
12 
59 
5 
94 
63 
16 
1 
1 
37 
36 
12 
4 
26 
65 
81 
48 
31 
26 
91 
35 
43 
43 
10 
21 
1 
17 
32 
48 
32 
47 
62 
45 
20 
94 
143 
33 
46 
30 
21 
21 
5 
21 
37 
20 
5 
21 
37 
37 
37 
37 
20 
28 
5 
31 
17 
12 
26 
14 
16 
46 
62 
69 
76 
27 
1 
0 
2 
36 
62 
14 
44 
20 
14 
31 
1 
53 
37 
44 
27 
53 
33 
80 
15 
14 
29 
43 
21 
30 
31 
32 
5 
92 
43 
0 
33 
35 
46 
0 
47 
69 
124 
139 
49 
16 
35 
133 
143 
48 
14 
46 
78 
69 
44 
11 
26 
33 
48 
31 
10 
35 
37 
15 
15 
30 
44 
59 
42 
0 
113 
115 
84 
4 
59 
75 
106 
90 
65 
16 
0 
5 
3 
4 
1 
32 
14 
77 
75 
42 
64 
30 
13 
4 
78 
112 
65 
21 
28 
21 
143 
64 
101 
132 
60 
4 
5 
91 
91 
75 
27 
20 
101 
69 
14 
30 
0 
47 
47 
78 
61 
59 
10 
79 
16 
30 
37 
28 
11 
5 
1 
31 
32 
33 
1 
14 
78 
101 
85 
12 
36 
85 
1 
30 
46 
1 
33 
17 
17 
17 
33 
33 
49 
64 
63 
46 
29 
11 
21 
15 
0 
1 
29 
11 
33 
16 
14 
13 
11 
5 
16 
15 
18 
4 
10 
64 
47 
2 
4 
30 
15 
61 
20 
53 
31 
64 
17 
46 
1 
14 
94 
78 
85 
61 
4 
53 
32 
15 
66 
36 
110 
175 
16 
64 
144 
145 
97 
80 
47 
1 
3 
37 
62 
79 
32 
1 
1 
21 
53 
37 
37 
68 
76 
11 
46 
47 
16 
1 
1 
14 
53 
53 
44 
59 
33 
15 
18 
20 
21 
14 
31 
30 
18 
59 
42 
32 
0 
50 
36 
17 
48 
48 
15 
30 
10 
51 
36 
37 
30 
14 
49 
97 
97 
80 
63 
61 
27 
47 
41 
27 
17 
16 
46 
44 
5 
14 
32 
146 
148 
69 
49 
58 
42 
74 
90 
81 
33 
15 
16 
17 
46 
53 
37 
12 
4 
53 
46 
0 
0 
0 
30 
37 
60 
26 
17 
32 
33 
26 
11 
28 
75 
42 
21 
63 
63 
47 
46 
14 
5 
11 
28 
11 
43 
42 
65 
31 
64 
32 
15 
15 
47 
63 
15 
16 
17 
1 
1 
30 
21 
5 
10 
10 
20 
28 
43 
74 
49 
0 
42 
19 
26 
64 
0 
49 
10 
52 
60 
43 
58 
42 
15 
32 
161 
170 
20 
116 
60 
68 
20 
35 
100 
68 
4 
4 
36 
20 
3 
4 
4 
26 
10 
14 
0 
16 
0 
1 
1 
37 
44 
42 
14 
63 
0 
31 
31 
94 
78 
5 
19 
53 
78 
15 
0 
16 
63 
63 
63 
63 
47 
31 
14 
21 
3 
4 
5 
10 
33 
16 
1 
26 
35 
4 
1 
15 
32 
17 
1 
37 
37 
85 
85 
60 
43 
10 
14 
79 
64 
97 
49 
0 
47 
63 
47 
14 
14 
62 
62 
14 
37 
37 
11 
3 
4 
10 
17 
17 
16 
0 
17 
58 
12 
43 
43 
10 
10 
49 
48 
0 
15 
30 
28 
43 
42 
16 
30 
19 
21 
63 
80 
58 
75 
28 
107 
75 
26 
85 
14 
26 
74 
42 
42 
49 
33 
16 
63 
16 
46 
46 
13 
4 
5 
15 
0 
14 
10 
83 
11 
11 
19 
4 
4 
11 
36 
53 
37 
4 
28 
27 
42 
32 
15 
1 
21 
12 
4 
5 
33 
16 
0 
14 
5 
12 
10 
33 
31 
14 
12 
11 
5 
1 
48 
47 
14 
19 
37 
31 
49 
99 
52 
26 
90 
122 
74 
17 
1 
30 
30 
14 
17 
65 
65 
33 
33 
26 
10 
17 
14 
14 
15 
0 
21 
44 
58 
31 
2 
43 
58 
16 
17 
18 
11 
5 
31 
0 
46 
21 
51 
85 
49 
65 
16 
33 
42 
4 
44 
75 
43 
43 
42 
33 
16 
0 
17 
10 
3 
4 
20 
21 
14 
48 
63 
78 
13 
52 
1 
48 
15 
26 
19 
36 
21 
17 
0 
16 
32 
64 
80 
96 
79 
14 
18 
36 
62 
0 
0 
26 
35 
11 
58 
97 
80 
47 
17 
51 
52 
30 
0 
48 
63 
62 
37 
12 
27 
26 
30 
48 
14 
76 
58 
16 
42 
19 
10 
33 
0 
48 
49 
58 
10 
53 
30 
46 
78 
62 
30 
30 
37 
5 
26 
35 
20 
10 
17 
31 
13 
36 
37 
0 
16 
31 
47 
47 
30 
14 
14 
21 
37 
28 
11 
5 
1 
16 
1 
2 
27 
10 
16 
16 
26 
19 
11 
21 
21 
33 
65 
17 
49 
80 
96 
111 
93 
133 
127 
129 
107 
75 
59 
75 
97 
63 
19 
15 
99 
78 
50 
42 
38 
53 
64 
35 
30 
33 
3 
5 
16 
18 
4 
0 
29 
33 
22 
26 
6 
10 
9 
5 
9 
17 
29 
16 
3 
40 
37 
18 
15 
19 
24 
20 
25 
53 
65 
67 
78 
79 
64 
65 
81 
65 
49 
17 
1 
1 
1 
21 
21 
3 
11 
10 
17 
15 
13 
27 
33 
15 
12 
10 
15 
28 
16 
45 
1 
18 
78 
105 
68 
47 
14 
60 
17 
25 
36 
31 
18 
4 
0 
6 
11 
65 
70 
10 
40 
100 
80 
19 
0 
18 
30 
41 
20 
15 
34 
36 
31 
33 
35 
21 
1 
15 
5 
35 
37 
0 
0 
69 
12 
21 
31 
49 
19 
37 
30 
16 
10 
3 
10 
16 
1 
3 
5 
15 
34 
20 
14 
0 
2 
4 
0 
46 
28 
1 
65 
67 
53 
31 
62 
77 
20 
14 
32 
19 
10 
15 
12 
30 
50 
53 
48 
35 
21 
15 
16 
34 
21 
15 
9 
11 
17 
47 
2 
20 
101 
95 
48 
17 
10 
19 
27 
10 
14 
16 
14 
28 
27 
30 
80 
58 
35 
21 
1 
15 
15 
30 
44 
43 
14 
32 
50 
36 
21 
15 
49 
74 
67 
4 
59 
26 
26 
17 
31 
48 
10 
35 
52 
46 
31 
32 
16 
1 
46 
46 
14 
5 
26 
67 
68 
52 
37 
21 
5 
10 
17 
17 
14 
14 
31 
15 
15 
0 
0 
16 
16 
0 
31 
32 
16 
16 
32 
17 
17 
17 
1 
1 
17 
0 
31 
31 
31 
16 
49 
49 
58 
58 
26 
5 
21 
21 
21 
4 
12 
4 
52 
68 
68 
52 
36 
28 
4 
36 
36 
20 
3 
11 
11 
10 
14 
15 
15 
16 
0 
0 
1 
33 
42 
58 
75 
59 
43 
27 
27 
26 
1 
32 
33 
131 
148 
149 
28 
52 
174 
175 
112 
32 
31 
16 
32 
31 
16 
16 
17 
33 
49 
31 
63 
63 
16 
32 
0 
16 
32 
33 
33 
5 
5 
4 
11 
19 
20 
36 
20 
4 
3 
27 
27 
26 
49 
64 
79 
1 
2 
4 
5 
1 
0 
1 
21 
28 
27 
10 
0 
16 
10 
3 
20 
42 
33 
16 
15 
1 
19 
4 
21 
58 
49 
33 
32 
0 
0 
14 
14 
26 
3 
4 
10 
17 
16 
15 
14 
21 
3 
11 
11 
10 
5 
1 
1 
1 
1 
1 
16 
16 
16 
31 
31 
30 
28 
43 
49 
47 
60 
10 
15 
28 
33 
31 
28 
26 
16 
18 
4 
16 
1 
28 
17 
16 
12 
1 
9 
11 
0 
1 
28 
42 
64 
45 
43 
0 
19 
1 
9 
27 
48 
13 
37 
32 
51 
37 
48 
14 
44 
49 
47 
76 
1 
57 
20 
1 
47 
45 
43 
16 
98 
20 
96 
46 
28 
17 
15 
28 
30 
33 
35 
78 
0 
30 
60 
59 
81 
31 
28 
26 
31 
45 
26 
6 
11 
0 
2 
94 
97 
3 
33 
79 
93 
10 
32 
2 
11 
30 
15 
29 
59 
49 
30 
3 
21 
15 
17 
19 
53 
48 
10 
28 
42 
65 
64 
62 
44 
5 
14 
0 
5 
28 
5 
31 
49 
26 
12 
27 
26 
26 
33 
16 
31 
30 
44 
26 
16 
14 
28 
26 
0 
33 
3 
10 
0 
15 
21 
60 
58 
64 
78 
60 
33 
41 
149 
160 
66 
11 
42 
33 
0 
47 
46 
21 
5 
12 
4 
26 
65 
48 
47 
37 
12 
10 
16 
32 
98 
84 
85 
14 
17 
49 
64 
64 
80 
63 
62 
13 
11 
5 
15 
0 
5 
28 
4 
1 
16 
15 
30 
3 
36 
14 
32 
31 
37 
28 
11 
1 
16 
16 
0 
14 
1 
5 
3 
43 
58 
33 
31 
13 
20 
62 
15 
0 
17 
21 
53 
44 
59 
26 
65 
47 
14 
44 
33 
31 
29 
5 
79 
113 
99 
68 
20 
27 
75 
107 
91 
26 
17 
16 
16 
1 
10 
35 
36 
53 
5 
33 
1 
30 
26 
58 
75 
75 
59 
43 
10 
10 
14 
1 
32 
48 
31 
14 
51 
37 
17 
15 
1 
28 
11 
49 
16 
15 
1 
49 
42 
42 
90 
1 
31 
79 
80 
47 
30 
53 
36 
28 
27 
10 
17 
16 
0 
33 
42 
3 
4 
5 
17 
16 
0 
15 
0 
1 
17 
37 
28 
59 
26 
30 
16 
32 
31 
14 
14 
5 
11 
19 
11 
26 
58 
33 
16 
47 
14 
10 
35 
36 
37 
14 
17 
81 
80 
48 
15 
14 
21 
19 
4 
10 
33 
32 
15 
5 
19 
5 
17 
16 
15 
30 
37 
12 
20 
53 
30 
31 
64 
16 
63 
63 
64 
63 
31 
15 
0 
17 
17 
17 
14 
30 
14 
21 
21 
10 
11 
3 
11 
26 
10 
10 
17 
17 
15 
15 
32 
48 
15 
15 
47 
30 
30 
37 
3 
4 
10 
26 
65 
31 
1 
35 
53 
62 
31 
15 
47 
63 
46 
30 
10 
19 
43 
91 
74 
49 
15 
97 
259 
220 
75 
37 
143 
144 
161 
42 
26 
10 
27 
3 
27 
43 
10 
1 
30 
46 
62 
30 
13 
11 
10 
10 
33 
48 
47 
10 
35 
20 
21 
1 
0 
0 
15 
16 
33 
48 
15 
17 
13 
27 
26 
49 
97 
80 
63 
18 
52 
110 
160 
33 
53 
92 
139 
106 
33 
48 
114 
36 
26 
81 
49 
48 
31 
30 
12 
11 
53 
85 
94 
46 
10 
58 
59 
59 
59 
27 
10 
15 
32 
1 
44 
59 
42 
49 
0 
15 
15 
47 
46 
37 
53 
44 
69 
127 
113 
28 
91 
42 
21 
14 
16 
32 
16 
0 
0 
16 
16 
32 
48 
47 
62 
53 
44 
42 
0 
34 
52 
110 
95 
15 
16 
0 
64 
65 
65 
113 
64 
16 
31 
1 
42 
51 
4 
17 
0 
15 
1 
1 
37 
69 
60 
43 
17 
0 
49 
67 
53 
1 
64 
32 
31 
30 
30 
42 
10 
10 
27 
4 
4 
36 
28 
27 
43 
42 
49 
33 
15 
1 
18 
68 
101 
78 
31 
48 
81 
49 
42 
58 
58 
58 
74 
17 
14 
0 
16 
17 
5 
3 
4 
5 
17 
0 
31 
1 
5 
28 
43 
43 
10 
10 
14 
31 
16 
14 
37 
28 
4 
21 
17 
16 
32 
0 
30 
78 
45 
27 
5 
17 
47 
46 
28 
1 
33 
147 
85 
32 
63 
126 
21 
67 
68 
10 
5 
21 
37 
27 
35 
52 
52 
20 
20 
20 
36 
12 
11 
4 
4 
5 
5 
14 
17 
32 
0 
15 
62 
28 
42 
96 
110 
44 
21 
31 
32 
33 
42 
26 
3 
11 
11 
10 
17 
1 
1 
16 
32 
16 
0 
14 
37 
44 
58 
49 
31 
37 
12 
21 
46 
15 
0 
1 
1 
17 
26 
21 
37 
53 
28 
20 
53 
30 
14 
17 
49 
65 
65 
17 
16 
31 
13 
11 
37 
46 
15 
31 
63 
62 
53 
44 
26 
49 
48 
17 
146 
116 
37 
37 
10 
27 
35 
52 
84 
85 
85 
28 
11 
5 
30 
48 
26 
51 
4 
27 
59 
75 
75 
42 
26 
49 
15 
65 
34 
11 
37 
30 
16 
31 
31 
62 
85 
76 
43 
46 
111 
112 
48 
48 
16 
0 
0 
15 
79 
96 
97 
65 
5 
36 
36 
27 
91 
49 
47 
30 
21 
28 
11 
26 
81 
32 
16 
17 
83 
133 
79 
15 
79 
14 
49 
14 
78 
30 
31 
15 
0 
0 
16 
32 
31 
32 
32 
17 
14 
14 
26 
58 
75 
91 
59 
59 
43 
5 
14 
16 
17 
58 
115 
4 
4 
35 
36 
20 
21 
5 
21 
30 
15 
15 
16 
0 
0 
32 
0 
15 
15 
15 
0 
0 
47 
47 
62 
62 
53 
36 
28 
4 
5 
58 
65 
32 
17 
10 
12 
4 
21 
14 
63 
32 
0 
30 
5 
21 
11 
43 
4 
4 
52 
69 
85 
60 
43 
21 
14 
112 
209 
193 
17 
112 
130 
84 
53 
79 
96 
97 
58 
5 
5 
1 
1 
15 
16 
1 
21 
20 
35 
20 
12 
27 
26 
17 
16 
0 
5 
3 
20 
14 
15 
32 
32 
33 
26 
42 
58 
97 
81 
65 
32 
16 
0 
16 
16 
0 
15 
14 
14 
21 
5 
11 
19 
3 
4 
11 
11 
11 
10 
10 
26 
65 
81 
32 
17 
4 
3 
27 
74 
106 
58 
1 
14 
1 
17 
16 
32 
15 
33 
5 
35 
52 
37 
21 
58 
74 
27 
4 
37 
20 
19 
20 
20 
5 
37 
53 
53 
69 
28 
43 
26 
33 
0 
5 
12 
26 
65 
63 
29 
4 
47 
49 
67 
117 
79 
16 
48 
48 
81 
65 
65 
64 
32 
32 
21 
76 
107 
17 
80 
82 
36 
53 
94 
47 
31 
95 
78 
78 
53 
3 
85 
10 
42 
49 
1 
30 
47 
16 
33 
17 
1 
16 
62 
61 
59 
74 
143 
157 
81 
25 
52 
48 
115 
46 
49 
3 
5 
15 
32 
17 
37 
28 
59 
59 
26 
63 
144 
32 
47 
63 
31 
47 
47 
14 
14 
21 
60 
75 
5 
31 
65 
82 
11 
58 
81 
48 
31 
14 
35 
20 
37 
30 
0 
15 
30 
1 
21 
36 
44 
27 
10 
21 
14 
15 
16 
15 
31 
30 
14 
37 
21 
19 
4 
4 
4 
10 
10 
33 
64 
47 
14 
21 
44 
75 
97 
63 
28 
5 
48 
51 
53 
63 
97 
122 
58 
53 
133 
101 
68 
76 
59 
26 
17 
48 
0 
58 
67 
53 
14 
14 
1 
32 
32 
64 
96 
64 
15 
1 
83 
20 
5 
17 
32 
31 
37 
28 
27 
17 
16 
0 
10 
28 
27 
33 
48 
14 
29 
27 
17 
65 
83 
101 
62 
49 
97 
97 
65 
15 
32 
48 
17 
1 
14 
15 
47 
32 
15 
30 
46 
53 
21 
19 
4 
10 
14 
79 
16 
15 
94 
110 
60 
27 
17 
0 
58 
147 
68 
42 
74 
74 
33 
17 
48 
15 
16 
14 
17 
1 
1 
14 
14 
14 
21 
5 
12 
11 
11 
26 
33 
16 
31 
14 
5 
12 
27 
65 
54 
75 
64 
60 
33 
6 
26 
15 
12 
0 
9 
4 
15 
18 
4 
15 
2 
42 
31 
28 
1 
25 
20 
32 
51 
94 
15 
2 
27 
10 
0 
0 
14 
5 
20 
3 
11 
11 
4 
10 
10 
26 
42 
26 
33 
17 
16 
16 
15 
30 
2 
4 
5 
1 
0 
0 
14 
28 
59 
42 
33 
0 
49 
131 
132 
10 
74 
59 
43 
27 
43 
43 
59 
43 
11 
11 
26 
33 
16 
15 
1 
5 
3 
4 
10 
1 
32 
16 
14 
5 
19 
20 
4 
10 
5 
30 
1 
33 
65 
48 
32 
15 
1 
1 
21 
28 
11 
10 
17 
16 
15 
14 
13 
43 
42 
48 
0 
18 
36 
46 
15 
14 
90 
131 
52 
67 
52 
100 
116 
52 
3 
4 
11 
10 
10 
33 
33 
32 
47 
53 
12 
37 
47 
81 
138 
27 
4 
36 
36 
52 
44 
59 
59 
42 
26 
17 
16 
0 
17 
26 
35 
11 
27 
42 
33 
32 
31 
14 
13 
27 
5 
0 
1 
21 
12 
5 
17 
0 
0 
1 
5 
4 
28 
27 
26 
17 
0 
0 
33 
3 
4 
10 
37 
1 
49 
64 
48 
47 
46 
45 
27 
26 
16 
33 
67 
52 
14 
30 
0 
16 
31 
31 
63 
62 
37 
19 
4 
5 
17 
0 
1 
37 
44 
27 
30 
31 
0 
1 
4 
12 
36 
21 
5 
26 
42 
58 
42 
26 
33 
17 
0 
0 
1 
14 
5 
3 
11 
11 
26 
17 
16 
0 
14 
21 
12 
27 
5 
14 
16 
15 
14 
21 
12 
27 
10 
17 
16 
15 
14 
2 
4 
5 
1 
1 
0 
0 
15 
14 
21 
5 
12 
27 
26 
26 
33 
48 
47 
1 
35 
20 
1 
0 
48 
65 
81 
17 
62 
79 
47 
79 
79 
46 
1 
42 
35 
36 
21 
5 
1 
1 
1 
30 
49 
49 
58 
58 
58 
42 
17 
17 
15 
16 
17 
5 
26 
27 
19 
11 
4 
35 
20 
4 
4 
36 
20 
21 
20 
20 
4 
12 
27 
27 
27 
11 
10 
10 
5 
5 
5 
5 
17 
33 
33 
48 
31 
14 
21 
3 
11 
11 
10 
5 
17 
17 
1 
1 
0 
16 
15 
15 
1 
14 
14 
5 
5 
4 
3 
11 
27 
27 
27 
42 
26 
17 
16 
0 
1 
37 
28 
11 
33 
16 
0 
26 
67 
148 
68 
44 
36 
53 
46 
48 
65 
58 
35 
36 
37 
5 
37 
21 
5 
5 
58 
20 
60 
27 
36 
37 
14 
0 
16 
32 
31 
47 
14 
14 
1 
10 
21 
5 
4 
27 
11 
20 
36 
28 
27 
11 
10 
10 
10 
1 
1 
16 
32 
15 
15 
15 
14 
5 
21 
12 
43 
58 
65 
32 
30 
12 
85 
111 
113 
138 
106 
26 
63 
80 
122 
83 
68 
5 
14 
31 
15 
31 
31 
1 
26 
42 
59 
43 
4 
11 
11 
26 
33 
17 
16 
0 
1 
5 
5 
4 
12 
11 
11 
10 
10 
17 
1 
16 
16 
0 
0 
30 
30 
30 
21 
20 
28 
27 
10 
1 
1 
15 
0 
0 
0 
14 
30 
37 
12 
11 
5 
17 
16 
30 
21 
20 
28 
4 
21 
1 
1 
0 
15 
31 
30 
53 
44 
43 
26 
0 
16 
50 
20 
69 
62 
31 
15 
47 
79 
62 
1 
37 
28 
4 
69 
69 
37 
5 
58 
67 
52 
52 
52 
36 
44 
43 
42 
17 
15 
30 
28 
10 
16 
45 
4 
95 
193 
211 
92 
59 
37 
111 
128 
98 
68 
85 
78 
31 
16 
14 
1 
17 
1 
14 
1 
16 
32 
15 
15 
1 
37 
44 
27 
10 
14 
32 
49 
26 
20 
28 
43 
43 
10 
5 
5 
17 
17 
17 
33 
16 
16 
15 
14 
14 
5 
20 
28 
27 
10 
17 
16 
15 
1 
2 
11 
10 
17 
15 
1 
13 
27 
33 
16 
30 
45 
43 
33 
31 
2 
52 
63 
65 
51 
20 
10 
1 
32 
16 
0 
16 
48 
48 
32 
47 
16 
49 
1 
5 
21 
20 
12 
27 
27 
26 
17 
0 
15 
15 
1 
5 
21 
12 
11 
26 
33 
32 
46 
61 
107 
81 
38 
4 
128 
179 
149 
