62 
80 
96 
95 
62 
85 
108 
74 
49 
16 
30 
45 
26 
16 
1 
3 
21 
15 
16 
49 
26 
43 
27 
27 
27 
27 
10 
10 
17 
0 
0 
33 
42 
35 
20 
20 
37 
21 
21 
14 
1 
14 
0 
16 
31 
14 
10 
19 
20 
21 
21 
37 
37 
21 
10 
17 
0 
0 
21 
12 
4 
46 
63 
47 
30 
46 
53 
12 
11 
20 
20 
20 
28 
27 
26 
17 
15 
32 
32 
32 
32 
48 
48 
33 
17 
14 
1 
1 
5 
21 
11 
3 
4 
10 
17 
0 
0 
1 
5 
3 
4 
1 
16 
17 
19 
52 
60 
91 
74 
65 
47 
30 
37 
12 
4 
21 
21 
21 
21 
21 
5 
10 
10 
4 
28 
43 
10 
16 
15 
13 
10 
0 
17 
51 
52 
68 
84 
60 
59 
27 
26 
11 
19 
4 
11 
10 
5 
5 
10 
33 
65 
47 
45 
26 
16 
18 
36 
69 
78 
94 
117 
108 
90 
80 
31 
13 
11 
5 
30 
47 
15 
15 
16 
16 
17 
10 
4 
28 
27 
26 
33 
1 
14 
30 
37 
12 
4 
21 
1 
1 
0 
16 
48 
64 
64 
64 
48 
15 
0 
1 
17 
17 
33 
32 
15 
14 
5 
19 
20 
21 
30 
31 
32 
32 
32 
32 
16 
16 
15 
0 
0 
0 
0 
15 
30 
12 
11 
5 
1 
31 
47 
47 
47 
46 
53 
44 
43 
33 
16 
0 
17 
33 
16 
16 
15 
14 
45 
75 
81 
54 
27 
16 
35 
69 
62 
110 
125 
123 
96 
46 
45 
59 
26 
15 
16 
18 
11 
1 
15 
2 
4 
30 
15 
0 
16 
1 
14 
21 
10 
5 
11 
19 
4 
4 
4 
11 
11 
3 
4 
5 
10 
1 
15 
16 
33 
33 
26 
26 
26 
33 
17 
1 
1 
1 
1 
5 
10 
10 
5 
10 
10 
26 
26 
65 
49 
48 
31 
45 
59 
81 
79 
76 
49 
6 
11 
0 
25 
4 
14 
16 
18 
4 
14 
16 
5 
12 
10 
1 
0 
1 
2 
4 
21 
21 
1 
1 
15 
14 
30 
46 
29 
43 
33 
0 
34 
20 
14 
32 
33 
50 
52 
37 
30 
30 
31 
31 
32 
16 
16 
32 
31 
31 
48 
16 
14 
29 
59 
81 
86 
107 
118 
138 
124 
102 
119 
71 
40 
40 
24 
24 
24 
7 
23 
23 
23 
7 
8 
8 
7 
38 
53 
35 
41 
55 
37 
19 
41 
54 
36 
57 
37 
34 
46 
18 
14 
41 
20 
16 
13 
33 
6 
10 
2 
14 
18 
0 
3 
15 
12 
7 
4 
6 
10 
44 
23 
25 
43 
29 
39 
8 
9 
29 
4 
3 
2 
9 
24 
23 
22 
45 
11 
28 
28 
45 
44 
68 
50 
56 
10 
2 
8 
5 
13 
7 
27 
29 
7 
4 
2 
7 
26 
44 
23 
25 
27 
6 
1 
19 
47 
67 
62 
112 
128 
143 
157 
161 
157 
151 
136 
104 
72 
55 
39 
22 
5 
28 
61 
77 
93 
116 
130 
175 
194 
180 
158 
126 
95 
64 
65 
26 
3 
27 
42 
64 
70 
75 
79 
76 
39 
27 
6 
10 
9 
37 
57 
37 
48 
35 
46 
49 
35 
37 
47 
49 
66 
36 
37 
14 
31 
48 
32 
33 
49 
49 
33 
33 
17 
16 
15 
15 
1 
10 
26 
26 
26 
42 
49 
32 
14 
45 
27 
33 
14 
28 
32 
61 
40 
59 
54 
24 
41 
27 
2 
9 
23 
37 
51 
72 
69 
66 
62 
66 
117 
96 
82 
84 
62 
47 
65 
65 
42 
26 
11 
27 
27 
27 
26 
26 
17 
0 
0 
1 
26 
10 
3 
11 
26 
32 
31 
37 
44 
42 
32 
15 
29 
42 
48 
22 
43 
63 
76 
56 
59 
38 
41 
43 
54 
8 
10 
12 
6 
23 
36 
41 
30 
19 
15 
35 
46 
34 
37 
16 
2 
5 
16 
6 
27 
17 
0 
1 
3 
4 
1 
0 
0 
1 
5 
3 
11 
4 
5 
1 
17 
33 
32 
0 
15 
14 
21 
37 
28 
27 
26 
1 
0 
14 
21 
28 
11 
17 
32 
14 
12 
10 
1 
0 
1 
19 
4 
21 
1 
0 
15 
15 
14 
5 
5 
4 
3 
11 
11 
11 
11 
10 
10 
10 
10 
5 
17 
33 
33 
17 
17 
32 
15 
15 
1 
5 
4 
12 
11 
5 
26 
17 
16 
0 
0 
0 
1 
14 
5 
37 
37 
12 
27 
26 
26 
17 
16 
0 
5 
3 
11 
10 
17 
16 
15 
1 
5 
12 
11 
10 
17 
16 
0 
1 
21 
12 
11 
5 
10 
1 
1 
0 
15 
0 
16 
0 
0 
14 
1 
53 
28 
43 
42 
33 
31 
30 
21 
12 
11 
17 
16 
17 
10 
3 
5 
14 
31 
48 
32 
15 
14 
17 
10 
42 
42 
33 
33 
16 
32 
31 
31 
15 
0 
1 
14 
14 
1 
5 
5 
5 
5 
5 
11 
11 
4 
4 
3 
11 
11 
3 
4 
4 
4 
4 
21 
37 
21 
1 
14 
14 
14 
0 
0 
15 
15 
15 
0 
16 
0 
0 
1 
5 
12 
10 
17 
0 
1 
3 
11 
33 
22 
27 
15 
66 
84 
117 
108 
107 
74 
80 
63 
37 
12 
11 
10 
46 
48 
32 
33 
17 
17 
17 
33 
32 
0 
15 
31 
31 
47 
47 
46 
14 
10 
21 
4 
3 
11 
4 
4 
11 
12 
4 
11 
4 
21 
21 
5 
5 
5 
5 
1 
1 
1 
14 
31 
15 
0 
0 
1 
17 
10 
11 
3 
20 
20 
21 
5 
5 
5 
21 
14 
14 
0 
0 
16 
16 
17 
1 
10 
10 
19 
27 
42 
33 
0 
1 
12 
5 
14 
47 
49 
33 
26 
35 
36 
36 
37 
21 
1 
14 
14 
0 
0 
15 
16 
0 
14 
21 
12 
11 
5 
1 
15 
0 
17 
5 
3 
4 
21 
46 
30 
15 
16 
33 
33 
26 
42 
42 
42 
33 
17 
0 
0 
15 
0 
0 
0 
0 
1 
1 
5 
10 
11 
19 
20 
20 
5 
1 
14 
14 
14 
0 
0 
0 
0 
1 
5 
3 
4 
5 
1 
0 
17 
5 
19 
20 
21 
14 
31 
32 
32 
17 
10 
11 
3 
4 
5 
1 
14 
31 
16 
0 
1 
1 
10 
19 
11 
26 
33 
0 
17 
3 
20 
21 
30 
47 
31 
47 
31 
16 
32 
16 
16 
16 
17 
1 
5 
5 
11 
3 
4 
5 
5 
17 
16 
15 
14 
3 
20 
21 
14 
15 
16 
16 
33 
49 
42 
49 
33 
33 
32 
31 
30 
28 
43 
49 
31 
29 
43 
48 
29 
42 
31 
28 
33 
9 
5 
32 
19 
14 
16 
19 
37 
15 
17 
12 
5 
0 
15 
21 
28 
10 
1 
0 
14 
12 
11 
1 
0 
15 
1 
3 
11 
10 
17 
16 
16 
16 
14 
21 
3 
11 
5 
17 
1 
0 
0 
0 
14 
1 
21 
5 
4 
3 
11 
11 
11 
10 
10 
10 
10 
33 
33 
49 
48 
47 
45 
59 
81 
70 
74 
54 
58 
77 
72 
74 
60 
54 
39 
40 
41 
41 
9 
6 
6 
6 
6 
6 
6 
13 
13 
28 
20 
3 
13 
6 
8 
6 
2 
27 
2 
7 
7 
10 
28 
6 
8 
5 
3 
6 
7 
4 
18 
23 
4 
8 
4 
9 
10 
45 
33 
28 
7 
27 
22 
17 
12 
7 
4 
8 
4 
24 
4 
8 
11 
8 
4 
16 
3 
16 
13 
1 
9 
20 
0 
3 
5 
32 
2 
4 
21 
0 
15 
13 
27 
33 
0 
53 
44 
42 
32 
6 
11 
1 
0 
13 
11 
16 
14 
12 
1 
0 
18 
20 
15 
17 
3 
4 
17 
15 
13 
11 
1 
32 
22 
27 
17 
0 
2 
4 
17 
0 
5 
12 
26 
16 
0 
2 
11 
5 
0 
0 
1 
5 
28 
11 
10 
1 
0 
0 
1 
5 
11 
12 
4 
11 
26 
10 
1 
1 
17 
16 
0 
16 
15 
31 
30 
2 
27 
10 
17 
16 
0 
0 
14 
14 
5 
11 
19 
4 
4 
12 
11 
11 
3 
11 
4 
4 
27 
58 
58 
49 
32 
31 
14 
21 
37 
60 
43 
49 
32 
1 
19 
5 
15 
17 
12 
5 
1 
0 
1 
2 
4 
26 
1 
0 
17 
26 
10 
11 
19 
4 
3 
11 
20 
4 
5 
1 
1 
15 
16 
1 
5 
3 
4 
5 
1 
0 
16 
33 
10 
10 
3 
4 
37 
21 
14 
30 
14 
14 
14 
1 
0 
0 
15 
16 
17 
17 
10 
10 
11 
12 
11 
10 
0 
0 
14 
3 
4 
5 
0 
16 
33 
51 
20 
21 
37 
46 
30 
47 
15 
0 
0 
17 
1 
5 
4 
19 
20 
44 
43 
27 
26 
33 
33 
16 
0 
15 
0 
15 
16 
16 
16 
0 
16 
16 
0 
1 
1 
1 
10 
10 
5 
19 
4 
5 
5 
14 
0 
0 
0 
1 
2 
20 
21 
14 
15 
31 
32 
49 
49 
33 
17 
17 
17 
17 
17 
0 
16 
31 
15 
14 
1 
5 
21 
5 
10 
11 
11 
4 
4 
4 
11 
11 
4 
4 
5 
5 
21 
14 
14 
14 
0 
15 
15 
16 
0 
1 
1 
5 
3 
11 
10 
1 
16 
33 
26 
3 
20 
37 
30 
30 
14 
30 
30 
14 
14 
14 
14 
30 
14 
1 
0 
0 
16 
0 
14 
14 
5 
3 
11 
33 
32 
1 
19 
20 
46 
31 
48 
32 
33 
33 
17 
10 
26 
42 
11 
12 
4 
4 
21 
5 
5 
5 
1 
1 
1 
1 
14 
15 
0 
0 
15 
0 
1 
5 
3 
4 
5 
0 
0 
10 
19 
37 
47 
48 
33 
33 
26 
10 
11 
3 
11 
10 
33 
48 
30 
28 
14 
48 
58 
51 
36 
37 
37 
37 
37 
14 
14 
14 
1 
1 
14 
15 
15 
0 
0 
0 
15 
1 
5 
3 
4 
5 
0 
16 
17 
3 
20 
14 
15 
16 
17 
5 
3 
4 
5 
17 
0 
16 
33 
26 
27 
19 
20 
20 
21 
5 
1 
14 
1 
0 
0 
16 
32 
32 
32 
32 
32 
32 
31 
14 
1 
5 
20 
28 
11 
5 
5 
5 
1 
1 
14 
1 
17 
16 
0 
1 
1 
1 
1 
5 
10 
27 
43 
43 
43 
26 
17 
17 
32 
15 
16 
14 
1 
17 
1 
16 
0 
15 
0 
15 
0 
15 
1 
5 
12 
10 
14 
31 
64 
65 
49 
65 
65 
48 
47 
14 
21 
3 
4 
5 
21 
14 
0 
15 
16 
32 
0 
15 
16 
16 
0 
1 
10 
10 
4 
19 
4 
4 
5 
1 
0 
0 
17 
10 
10 
3 
20 
37 
46 
30 
31 
15 
31 
15 
0 
0 
0 
16 
16 
1 
1 
17 
33 
33 
17 
1 
1 
17 
17 
1 
14 
14 
1 
5 
10 
11 
12 
11 
1 
0 
16 
26 
19 
20 
53 
30 
15 
31 
32 
32 
32 
32 
0 
0 
0 
0 
0 
0 
16 
16 
0 
0 
16 
16 
16 
15 
31 
30 
14 
21 
12 
27 
11 
10 
17 
16 
0 
1 
5 
3 
4 
10 
17 
17 
15 
15 
0 
0 
0 
0 
0 
0 
16 
16 
16 
16 
0 
15 
15 
0 
15 
0 
16 
0 
1 
1 
10 
27 
19 
4 
20 
10 
1 
1 
16 
15 
1 
5 
3 
4 
5 
1 
15 
17 
10 
3 
5 
14 
16 
17 
3 
20 
30 
30 
31 
31 
32 
16 
17 
17 
10 
26 
58 
42 
33 
17 
32 
31 
30 
5 
11 
3 
4 
5 
5 
21 
5 
10 
10 
10 
4 
11 
3 
20 
4 
4 
5 
5 
5 
5 
10 
17 
0 
15 
16 
33 
10 
19 
4 
5 
1 
1 
0 
16 
10 
19 
11 
5 
14 
32 
33 
26 
19 
20 
21 
21 
1 
1 
0 
16 
16 
17 
17 
26 
11 
3 
20 
21 
14 
0 
0 
17 
17 
10 
26 
27 
11 
27 
11 
5 
5 
5 
10 
26 
26 
26 
26 
26 
17 
17 
32 
31 
31 
30 
13 
27 
26 
33 
32 
15 
5 
12 
10 
17 
15 
1 
12 
11 
17 
0 
1 
5 
3 
4 
5 
5 
1 
0 
15 
15 
0 
15 
15 
15 
0 
15 
0 
0 
15 
15 
15 
15 
15 
30 
14 
1 
1 
5 
5 
17 
17 
1 
14 
14 
14 
1 
37 
37 
37 
12 
11 
27 
10 
10 
10 
10 
1 
17 
1 
14 
1 
14 
1 
1 
1 
1 
1 
10 
10 
11 
3 
20 
21 
21 
21 
14 
14 
37 
21 
20 
3 
4 
11 
3 
11 
11 
5 
1 
14 
15 
0 
0 
15 
31 
15 
15 
0 
0 
0 
1 
5 
11 
19 
20 
20 
5 
37 
53 
44 
43 
10 
5 
17 
1 
0 
15 
0 
0 
16 
0 
0 
0 
0 
0 
0 
31 
1 
21 
28 
11 
17 
31 
48 
49 
49 
49 
49 
26 
10 
5 
28 
11 
1 
0 
0 
1 
33 
26 
26 
27 
19 
36 
36 
36 
20 
20 
12 
4 
4 
4 
20 
28 
4 
4 
21 
37 
5 
21 
14 
14 
1 
14 
14 
15 
0 
16 
0 
0 
17 
17 
1 
5 
5 
11 
3 
4 
21 
30 
1 
0 
0 
0 
1 
10 
3 
11 
21 
1 
0 
16 
17 
10 
43 
35 
36 
20 
20 
20 
4 
4 
5 
10 
21 
1 
1 
0 
0 
16 
16 
17 
1 
5 
4 
12 
4 
5 
1 
15 
16 
17 
10 
19 
20 
20 
21 
14 
0 
15 
0 
5 
3 
11 
5 
0 
0 
10 
3 
21 
14 
15 
17 
26 
51 
36 
37 
21 
37 
37 
37 
5 
10 
10 
5 
1 
17 
17 
16 
0 
16 
17 
5 
5 
27 
19 
20 
20 
20 
21 
21 
5 
17 
16 
0 
17 
10 
19 
4 
5 
1 
14 
15 
16 
32 
33 
17 
1 
5 
10 
27 
3 
4 
21 
21 
14 
1 
0 
0 
0 
1 
5 
12 
11 
21 
14 
31 
15 
32 
48 
48 
32 
0 
1 
17 
1 
5 
4 
12 
4 
21 
21 
1 
30 
31 
31 
15 
0 
16 
16 
1 
1 
5 
4 
12 
11 
10 
17 
15 
32 
33 
17 
10 
19 
20 
21 
14 
1 
15 
16 
1 
5 
3 
11 
5 
14 
16 
17 
26 
26 
35 
20 
20 
37 
37 
37 
21 
4 
20 
28 
27 
11 
5 
21 
10 
4 
3 
11 
11 
5 
1 
14 
15 
0 
16 
0 
1 
21 
3 
4 
21 
15 
16 
33 
33 
26 
26 
26 
49 
33 
17 
17 
1 
14 
1 
1 
1 
5 
5 
10 
27 
19 
4 
20 
36 
20 
5 
5 
5 
5 
1 
1 
0 
16 
15 
1 
5 
3 
21 
37 
14 
15 
16 
16 
17 
17 
10 
19 
4 
4 
5 
1 
0 
0 
17 
10 
19 
4 
21 
14 
33 
0 
16 
33 
42 
27 
27 
19 
36 
36 
20 
4 
5 
21 
5 
5 
1 
10 
17 
1 
1 
0 
0 
0 
32 
17 
33 
17 
17 
33 
33 
17 
1 
1 
5 
5 
4 
12 
4 
21 
1 
0 
0 
17 
26 
35 
20 
4 
21 
21 
21 
1 
1 
1 
15 
15 
0 
1 
17 
26 
10 
19 
4 
5 
21 
14 
0 
0 
16 
16 
1 
5 
3 
4 
21 
37 
30 
14 
15 
31 
15 
15 
0 
0 
16 
1 
5 
5 
12 
4 
1 
0 
1 
10 
3 
5 
14 
15 
32 
33 
26 
10 
3 
27 
5 
1 
15 
17 
26 
19 
20 
21 
1 
31 
16 
17 
10 
3 
4 
5 
1 
16 
1 
10 
19 
36 
14 
0 
0 
1 
2 
11 
33 
0 
49 
35 
20 
37 
47 
47 
48 
33 
33 
33 
33 
49 
32 
32 
31 
30 
21 
12 
5 
17 
15 
0 
5 
3 
27 
26 
33 
15 
1 
12 
27 
17 
0 
17 
5 
12 
5 
1 
15 
0 
15 
1 
5 
5 
3 
11 
27 
10 
17 
0 
16 
0 
17 
17 
21 
5 
21 
20 
11 
20 
4 
3 
11 
4 
27 
11 
10 
10 
5 
10 
10 
10 
10 
11 
11 
27 
27 
27 
11 
27 
26 
10 
10 
5 
10 
5 
5 
5 
5 
4 
19 
4 
4 
5 
14 
14 
15 
0 
0 
1 
1 
10 
3 
11 
21 
30 
31 
17 
10 
35 
20 
20 
21 
1 
1 
14 
15 
0 
15 
1 
10 
2 
11 
10 
1 
16 
33 
26 
35 
20 
20 
21 
21 
1 
1 
0 
0 
1 
12 
4 
37 
30 
15 
15 
16 
33 
17 
10 
28 
4 
5 
0 
0 
1 
3 
20 
21 
14 
15 
16 
17 
10 
3 
20 
5 
14 
15 
0 
1 
18 
4 
5 
14 
16 
17 
34 
20 
21 
1 
15 
16 
17 
10 
3 
4 
21 
14 
15 
0 
16 
17 
10 
3 
4 
21 
30 
15 
16 
1 
10 
10 
19 
4 
4 
21 
21 
21 
1 
1 
0 
16 
16 
17 
17 
10 
11 
12 
11 
10 
1 
0 
0 
5 
3 
4 
5 
0 
1 
18 
4 
14 
31 
16 
17 
35 
36 
21 
1 
0 
17 
34 
20 
21 
14 
14 
31 
16 
1 
14 
21 
12 
5 
17 
15 
17 
34 
4 
5 
1 
0 
34 
20 
30 
15 
17 
35 
20 
21 
14 
15 
16 
17 
5 
12 
4 
30 
31 
31 
16 
17 
33 
26 
19 
27 
42 
33 
31 
28 
5 
15 
32 
26 
19 
21 
30 
63 
48 
33 
26 
11 
27 
3 
4 
11 
10 
17 
16 
0 
2 
11 
1 
0 
34 
4 
21 
15 
16 
2 
11 
17 
0 
13 
5 
15 
49 
51 
52 
53 
37 
30 
31 
32 
32 
17 
1 
5 
5 
11 
19 
4 
11 
33 
32 
38 
59 
64 
76 
40 
11 
0 
3 
47 
66 
69 
63 
65 
67 
69 
48 
34 
20 
30 
48 
33 
26 
19 
11 
4 
20 
21 
21 
20 
28 
43 
43 
42 
49 
32 
14 
21 
28 
27 
1 
0 
1 
19 
4 
5 
1 
14 
46 
62 
61 
75 
96 
76 
71 
42 
29 
30 
66 
68 
78 
64 
19 
37 
48 
18 
5 
16 
12 
1 
16 
12 
21 
16 
3 
0 
13 
10 
39 
59 
70 
72 
26 
28 
6 
7 
25 
36 
50 
71 
68 
80 
99 
94 
112 
129 
138 
138 
145 
111 
44 
5 
14 
32 
49 
81 
97 
79 
77 
91 
80 
77 
49 
45 
17 
2 
14 
57 
100 
95 
65 
34 
21 
15 
2 
5 
31 
65 
50 
36 
37 
1 
0 
17 
12 
26 
16 
17 
19 
36 
37 
30 
15 
0 
14 
28 
26 
48 
38 
11 
16 
19 
1 
29 
58 
54 
49 
28 
41 
46 
50 
85 
64 
67 
69 
63 
82 
52 
14 
31 
44 
32 
45 
33 
29 
17 
45 
33 
13 
10 
9 
4 
40 
36 
40 
36 
40 
20 
40 
20 
24 
4 
7 
4 
8 
11 
15 
50 
69 
80 
82 
84 
78 
47 
16 
29 
43 
81 
38 
26 
7 
27 
16 
12 
17 
13 
17 
28 
38 
39 
56 
40 
38 
36 
34 
55 
69 
73 
78 
98 
101 
64 
35 
62 
48 
19 
5 
0 
16 
5 
44 
75 
96 
13 
46 
81 
67 
69 
62 
62 
85 
76 
91 
97 
95 
76 
42 
22 
27 
15 
12 
1 
25 
36 
69 
78 
111 
79 
79 
62 
77 
74 
63 
28 
1 
16 
50 
100 
85 
62 
47 
17 
12 
1 
0 
19 
5 
31 
64 
97 
113 
112 
102 
123 
119 
138 
156 
157 
109 
77 
76 
52 
35 
41 
55 
53 
50 
62 
82 
101 
95 
96 
97 
74 
42 
10 
10 
3 
155 
113 
79 
53 
12 
5 
15 
48 
129 
113 
97 
74 
43 
19 
20 
20 
10 
21 
76 
74 
87 
123 
102 
121 
130 
91 
45 
7 
6 
20 
25 
1 
12 
6 
8 
27 
61 
23 
26 
3 
56 
85 
82 
94 
96 
114 
84 
37 
14 
31 
25 
11 
17 
48 
80 
102 
106 
93 
71 
26 
12 
25 
14 
35 
88 
85 
72 
52 
64 
35 
53 
111 
143 
126 
109 
138 
103 
107 
86 
57 
75 
54 
17 
50 
85 
144 
144 
176 
175 
140 
145 
140 
119 
89 
91 
92 
76 
4 
12 
28 
28 
13 
13 
6 
23 
24 
56 
71 
87 
70 
69 
67 
105 
62 
12 
38 
40 
88 
87 
86 
36 
2 
8 
9 
34 
35 
51 
67 
50 
2 
9 
6 
7 
7 
7 
55 
39 
22 
36 
34 
40 
37 
41 
37 
34 
37 
41 
20 
15 
3 
14 
6 
27 
55 
75 
102 
137 
146 
130 
98 
73 
24 
8 
40 
55 
53 
35 
41 
55 
37 
19 
24 
6 
27 
28 
61 
38 
38 
7 
7 
37 
34 
62 
57 
4 
24 
20 
16 
12 
32 
28 
64 
92 
55 
57 
27 
28 
9 
39 
21 
29 
8 
4 
24 
4 
40 
84 
14 
15 
13 
17 
61 
71 
50 
43 
61 
39 
4 
80 
99 
69 
62 
47 
0 
29 
74 
39 
27 
0 
33 
3 
5 
17 
15 
28 
33 
22 
75 
55 
59 
38 
10 
16 
35 
53 
31 
49 
74 
106 
65 
48 
63 
30 
2 
4 
5 
31 
64 
65 
58 
43 
59 
43 
43 
58 
65 
32 
15 
31 
47 
63 
78 
77 
58 
31 
92 
64 
122 
161 
199 
250 
252 
260 
361 
222 
147 
57 
39 
103 
126 
163 
272 
259 
228 
197 
204 
170 
128 
92 
81 
13 
37 
64 
67 
85 
126 
174 
221 
234 
253 
262 
254 
275 
239 
209 
163 
132 
117 
101 
69 
12 
4 
36 
36 
60 
59 
81 
79 
92 
112 
124 
55 
58 
61 
56 
58 
60 
61 
54 
39 
23 
55 
39 
54 
36 
34 
55 
20 
24 
20 
16 
3 
17 
9 
43 
48 
29 
26 
7 
43 
23 
43 
22 
10 
13 
17 
12 
24 
27 
7 
11 
7 
26 
6 
33 
18 
46 
51 
46 
50 
10 
0 
2 
21 
0 
13 
26 
47 
92 
56 
59 
70 
72 
74 
44 
6 
1 
35 
79 
50 
68 
85 
78 
94 
47 
31 
1 
60 
113 
156 
151 
154 
109 
47 
19 
15 
18 
21 
9 
11 
7 
10 
61 
56 
43 
77 
7 
52 
96 
122 
107 
99 
52 
20 
49 
87 
139 
198 
200 
200 
216 
135 
61 
11 
44 
92 
132 
146 
142 
130 
100 
62 
47 
80 
33 
12 
42 
95 
108 
71 
106 
93 
72 
42 
29 
33 
12 
31 
67 
47 
50 
36 
30 
16 
14 
18 
20 
37 
15 
17 
13 
43 
64 
6 
27 
33 
14 
28 
26 
15 
13 
43 
17 
0 
17 
10 
10 
3 
11 
17 
16 
1 
12 
26 
31 
13 
42 
32 
29 
10 
6 
11 
0 
6 
27 
33 
0 
3 
17 
6 
42 
70 
121 
107 
86 
40 
20 
89 
116 
111 
113 
129 
129 
128 
78 
28 
21 
85 
156 
160 
188 
167 
162 
155 
125 
55 
5 
89 
132 
142 
112 
144 
97 
65 
33 
17 
26 
11 
44 
42 
48 
79 
77 
59 
48 
54 
59 
33 
15 
29 
59 
33 
48 
66 
36 
37 
62 
80 
49 
33 
53 
117 
53 
58 
91 
90 
42 
14 
79 
94 
109 
59 
26 
5 
37 
69 
60 
26 
14 
63 
111 
109 
138 
102 
97 
45 
10 
16 
34 
36 
46 
47 
64 
48 
17 
10 
5 
44 
27 
33 
16 
32 
64 
48 
15 
0 
5 
26 
43 
43 
43 
27 
27 
12 
27 
1 
31 
48 
49 
64 
77 
42 
15 
13 
27 
26 
1 
15 
31 
15 
31 
16 
0 
17 
17 
10 
5 
37 
53 
60 
58 
81 
63 
30 
37 
28 
36 
69 
37 
21 
37 
37 
37 
53 
28 
4 
21 
26 
33 
32 
97 
122 
138 
144 
110 
92 
10 
143 
127 
206 
140 
17 
13 
14 
33 
19 
52 
76 
139 
138 
96 
94 
108 
81 
61 
26 
33 
67 
53 
46 
47 
47 
46 
46 
10 
42 
27 
11 
20 
4 
4 
3 
4 
36 
36 
4 
21 
20 
4 
44 
75 
58 
17 
0 
15 
14 
5 
5 
10 
49 
48 
63 
14 
10 
4 
35 
36 
36 
37 
53 
37 
5 
5 
10 
26 
10 
21 
37 
37 
11 
43 
59 
26 
33 
15 
10 
67 
140 
139 
113 
63 
13 
20 
53 
21 
10 
5 
69 
92 
123 
106 
15 
112 
177 
128 
95 
61 
75 
48 
14 
19 
20 
85 
133 
124 
138 
16 
67 
133 
125 
139 
119 
139 
47 
44 
32 
13 
27 
0 
49 
67 
85 
78 
63 
16 
17 
17 
17 
33 
0 
0 
1 
2 
4 
5 
14 
14 
1 
17 
14 
46 
47 
48 
65 
49 
17 
1 
16 
63 
62 
28 
43 
17 
16 
3 
27 
1 
15 
14 
21 
12 
36 
132 
69 
5 
59 
59 
43 
27 
52 
4 
27 
35 
60 
27 
36 
156 
107 
30 
16 
12 
74 
17 
79 
207 
190 
141 
107 
65 
16 
17 
33 
97 
112 
63 
2 
4 
37 
53 
20 
43 
139 
91 
26 
16 
32 
65 
58 
58 
106 
177 
143 
78 
44 
27 
5 
46 
85 
85 
60 
59 
26 
5 
1 
31 
32 
17 
5 
44 
58 
48 
30 
12 
21 
79 
128 
112 
64 
32 
0 
32 
48 
48 
1 
5 
4 
27 
43 
26 
14 
47 
15 
32 
48 
96 
32 
32 
34 
20 
0 
13 
21 
14 
46 
94 
141 
139 
81 
63 
29 
11 
14 
48 
113 
74 
26 
1 
15 
0 
0 
15 
17 
17 
5 
29 
59 
26 
16 
17 
51 
68 
69 
53 
53 
85 
44 
84 
53 
1 
1 
37 
19 
27 
49 
0 
35 
52 
85 
33 
14 
14 
62 
78 
69 
61 
27 
5 
94 
95 
33 
42 
12 
10 
48 
86 
90 
54 
58 
61 
24 
11 
6 
10 
18 
62 
98 
101 
111 
129 
122 
90 
74 
113 
81 
48 
31 
37 
28 
4 
14 
0 
14 
28 
10 
16 
18 
4 
14 
48 
42 
59 
27 
4 
10 
17 
48 
30 
60 
26 
16 
9 
11 
16 
76 
40 
43 
29 
6 
55 
53 
97 
123 
139 
186 
208 
157 
107 
30 
47 
63 
62 
12 
27 
81 
79 
45 
75 
15 
25 
43 
96 
77 
33 
41 
69 
121 
84 
63 
34 
21 
0 
12 
1 
9 
26 
8 
4 
16 
28 
33 
25 
37 
32 
19 
14 
13 
17 
44 
54 
56 
73 
82 
105 
88 
55 
22 
2 
27 
60 
52 
83 
115 
153 
142 
185 
180 
197 
173 
235 
167 
90 
60 
102 
72 
11 
41 
101 
113 
67 
53 
62 
63 
47 
15 
30 
29 
27 
26 
1 
15 
0 
15 
160 
80 
32 
0 
78 
124 
129 
134 
107 
112 
2 
20 
78 
31 
48 
96 
81 
17 
53 
53 
5 
10 
10 
5 
37 
28 
11 
27 
26 
42 
5 
17 
64 
54 
91 
15 
163 
110 
64 
78 
101 
10 
42 
5 
30 
31 
31 
63 
53 
140 
113 
34 
37 
15 
80 
33 
37 
60 
43 
69 
78 
94 
124 
58 
15 
90 
154 
192 
156 
72 
27 
32 
19 
49 
32 
65 
74 
27 
19 
4 
10 
5 
5 
10 
5 
5 
17 
48 
31 
10 
12 
26 
21 
78 
46 
17 
90 
106 
51 
27 
74 
96 
63 
65 
81 
80 
79 
5 
28 
27 
74 
96 
16 
2 
4 
36 
44 
75 
113 
54 
11 
79 
80 
111 
93 
91 
31 
29 
58 
48 
32 
1 
14 
14 
33 
90 
65 
65 
17 
33 
10 
5 
46 
15 
14 
60 
65 
32 
113 
138 
138 
128 
86 
75 
32 
33 
74 
90 
90 
74 
65 
64 
33 
49 
10 
26 
42 
49 
42 
58 
3 
4 
4 
37 
36 
44 
42 
49 
62 
60 
10 
30 
48 
112 
96 
16 
112 
33 
14 
37 
53 
44 
11 
5 
30 
30 
95 
79 
112 
64 
47 
48 
145 
145 
65 
0 
50 
68 
78 
47 
31 
48 
15 
47 
30 
12 
53 
62 
63 
94 
117 
92 
90 
111 
124 
112 
60 
7 
5 
9 
14 
12 
9 
62 
2 
21 
32 
19 
53 
79 
80 
80 
160 
79 
62 
46 
30 
14 
30 
30 
195 
148 
110 
48 
17 
28 
26 
32 
16 
90 
145 
192 
220 
231 
248 
263 
260 
168 
100 
88 
20 
22 
33 
44 
86 
120 
98 
83 
91 
84 
83 
82 
184 
158 
163 
111 
29 
74 
79 
44 
14 
65 
51 
53 
1 
48 
79 
93 
123 
64 
92 
112 
92 
56 
11 
41 
62 
130 
126 
129 
3 
106 
32 
62 
76 
5 
31 
49 
35 
53 
14 
0 
30 
53 
60 
59 
49 
16 
34 
4 
17 
48 
13 
4 
101 
213 
140 
36 
92 
139 
106 
80 
95 
101 
92 
74 
47 
12 
30 
65 
51 
20 
10 
16 
16 
42 
51 
37 
0 
1 
21 
28 
27 
49 
0 
33 
43 
19 
3 
44 
43 
43 
42 
65 
64 
1 
26 
19 
36 
60 
59 
58 
26 
14 
62 
85 
85 
76 
20 
101 
30 
46 
10 
35 
4 
21 
46 
95 
111 
62 
13 
43 
42 
65 
15 
161 
282 
193 
31 
1 
140 
46 
185 
132 
15 
70 
52 
62 
126 
188 
138 
112 
62 
3 
69 
133 
133 
12 
11 
21 
53 
45 
43 
26 
17 
0 
0 
16 
48 
16 
0 
16 
16 
32 
96 
79 
13 
20 
53 
53 
78 
94 
69 
69 
20 
26 
74 
32 
47 
30 
44 
27 
5 
78 
80 
96 
160 
191 
150 
11 
95 
50 
21 
143 
106 
155 
219 
27 
46 
112 
83 
94 
112 
99 
53 
0 
30 
21 
92 
75 
1 
30 
92 
33 
2 
26 
15 
97 
122 
122 
107 
75 
11 
53 
37 
90 
97 
65 
80 
64 
0 
16 
15 
14 
33 
33 
10 
3 
4 
21 
5 
10 
27 
43 
19 
4 
4 
27 
90 
58 
65 
111 
93 
20 
79 
113 
131 
116 
69 
30 
15 
33 
42 
51 
36 
4 
42 
138 
90 
80 
38 
43 
15 
50 
53 
79 
144 
144 
127 
109 
90 
0 
34 
132 
245 
62 
10 
12 
27 
1 
81 
115 
117 
79 
48 
49 
42 
106 
32 
98 
68 
65 
64 
89 
116 
127 
128 
1 
48 
57 
91 
24 
36 
41 
10 
2 
62 
57 
14 
29 
15 
51 
47 
18 
68 
85 
93 
123 
74 
64 
31 
14 
30 
33 
74 
58 
49 
65 
33 
0 
15 
32 
48 
81 
65 
10 
60 
58 
32 
14 
12 
11 
5 
46 
62 
62 
78 
78 
69 
1 
65 
80 
46 
3 
1 
47 
29 
42 
15 
81 
90 
59 
67 
68 
53 
5 
46 
1 
49 
16 
16 
30 
76 
106 
55 
36 
94 
111 
128 
143 
141 
58 
80 
17 
5 
19 
84 
26 
42 
78 
117 
109 
107 
63 
83 
95 
177 
99 
36 
36 
28 
20 
69 
159 
271 
110 
83 
190 
160 
82 
20 
53 
33 
32 
15 
94 
108 
113 
109 
62 
82 
21 
31 
113 
131 
116 
117 
117 
110 
14 
33 
64 
95 
30 
37 
44 
27 
5 
17 
1 
31 
63 
63 
95 
142 
125 
75 
48 
14 
83 
164 
188 
170 
112 
3 
78 
49 
28 
21 
15 
65 
42 
115 
36 
85 
117 
60 
75 
81 
80 
33 
106 
234 
74 
46 
96 
33 
69 
28 
27 
21 
14 
47 
47 
31 
31 
0 
16 
14 
28 
5 
1 
30 
78 
101 
60 
27 
10 
10 
5 
4 
3 
20 
4 
11 
5 
42 
58 
106 
113 
144 
61 
100 
127 
105 
68 
46 
16 
35 
4 
33 
30 
110 
165 
108 
42 
14 
14 
95 
111 
190 
189 
11 
254 
286 
142 
53 
21 
19 
27 
10 
78 
78 
53 
60 
42 
81 
15 
65 
51 
21 
31 
96 
95 
46 
44 
20 
21 
17 
48 
128 
15 
33 
65 
145 
159 
77 
37 
96 
66 
11 
97 
32 
79 
64 
58 
51 
36 
30 
64 
65 
67 
92 
155 
97 
25 
132 
126 
127 
159 
110 
18 
84 
142 
80 
65 
131 
100 
27 
138 
138 
81 
30 
111 
112 
80 
80 
96 
32 
31 
15 
48 
143 
0 
34 
116 
133 
126 
101 
35 
4 
33 
22 
4 
30 
31 
76 
30 
57 
53 
80 
82 
100 
78 
63 
31 
15 
31 
47 
62 
62 
30 
17 
64 
64 
111 
117 
124 
49 
96 
170 
91 
58 
81 
48 
47 
62 
69 
4 
75 
107 
91 
27 
37 
85 
94 
62 
46 
37 
10 
26 
11 
44 
75 
10 
1 
31 
113 
122 
4 
69 
58 
161 
79 
28 
31 
3 
7 
20 
96 
99 
69 
62 
31 
95 
117 
108 
106 
80 
14 
10 
3 
20 
37 
69 
53 
37 
5 
20 
100 
44 
43 
5 
94 
80 
65 
5 
44 
42 
15 
60 
32 
13 
21 
95 
65 
26 
75 
107 
91 
74 
49 
1 
61 
74 
63 
76 
32 
49 
74 
81 
64 
47 
47 
47 
0 
45 
90 
87 
43 
15 
81 
90 
113 
95 
30 
21 
4 
36 
20 
4 
4 
4 
26 
17 
15 
0 
0 
15 
15 
17 
48 
63 
14 
3 
53 
37 
77 
59 
27 
11 
3 
11 
5 
14 
14 
17 
49 
16 
17 
51 
20 
20 
101 
101 
21 
3 
53 
14 
17 
32 
16 
1 
30 
21 
5 
68 
156 
106 
15 
50 
37 
64 
67 
53 
0 
80 
81 
50 
20 
5 
26 
65 
15 
0 
2 
4 
37 
31 
32 
32 
15 
64 
64 
32 
0 
31 
1 
10 
19 
27 
113 
63 
28 
33 
1 
90 
107 
123 
122 
97 
63 
31 
33 
80 
95 
108 
97 
109 
129 
60 
48 
131 
156 
187 
193 
158 
124 
90 
64 
0 
49 
58 
90 
138 
177 
128 
47 
2 
100 
78 
80 
33 
20 
164 
108 
36 
30 
175 
145 
53 
3 
20 
21 
14 
0 
5 
12 
10 
31 
33 
35 
20 
14 
0 
1 
10 
59 
67 
68 
68 
60 
43 
42 
48 
54 
75 
96 
92 
55 
42 
13 
14 
34 
46 
49 
35 
37 
0 
14 
13 
10 
16 
14 
12 
17 
16 
19 
33 
38 
75 
96 
108 
104 
106 
108 
109 
125 
132 
130 
127 
99 
63 
50 
30 
25 
11 
15 
3 
80 
76 
71 
74 
60 
61 
9 
55 
53 
73 
69 
32 
28 
145 
93 
39 
70 
2 
18 
6 
25 
57 
22 
38 
70 
61 
36 
34 
25 
7 
41 
18 
50 
9 
22 
8 
71 
54 
13 
11 
13 
7 
7 
26 
51 
29 
7 
39 
10 
60 
70 
88 
82 
51 
67 
50 
34 
9 
7 
7 
40 
8 
87 
87 
118 
117 
115 
40 
74 
134 
104 
50 
11 
12 
38 
8 
26 
28 
8 
21 
50 
63 
51 
31 
3 
16 
28 
0 
19 
17 
29 
33 
29 
65 
45 
16 
2 
37 
32 
35 
14 
1 
12 
1 
9 
11 
1 
15 
44 
49 
22 
42 
54 
105 
91 
60 
23 
5 
2 
17 
6 
10 
13 
1 
35 
95 
131 
62 
9 
11 
78 
16 
1 
18 
11 
42 
49 
64 
47 
30 
28 
27 
17 
0 
17 
42 
67 
68 
1 
48 
62 
76 
26 
96 
125 
122 
86 
42 
93 
24 
52 
104 
116 
80 
51 
85 
63 
30 
44 
27 
17 
0 
32 
16 
1 
5 
29 
27 
26 
32 
31 
5 
19 
20 
36 
28 
11 
12 
59 
74 
80 
38 
43 
33 
30 
44 
10 
31 
33 
26 
43 
3 
11 
10 
14 
37 
21 
28 
11 
37 
69 
60 
26 
33 
1 
1 
17 
16 
47 
77 
75 
48 
14 
3 
11 
36 
60 
75 
42 
49 
16 
63 
141 
185 
155 
124 
87 
10 
9 
11 
17 
64 
129 
106 
74 
58 
65 
65 
64 
31 
14 
21 
26 
43 
59 
91 
170 
225 
127 
44 
16 
25 
36 
62 
81 
51 
100 
132 
44 
20 
46 
47 
96 
97 
97 
32 
48 
65 
74 
91 
11 
53 
117 
62 
14 
30 
30 
1 
1 
1 
1 
16 
0 
31 
14 
1 
10 
26 
10 
5 
10 
35 
52 
68 
68 
52 
28 
27 
27 
10 
10 
26 
69 
108 
123 
176 
77 
26 
6 
5 
128 
114 
100 
117 
78 
63 
63 
64 
16 
16 
0 
31 
47 
47 
31 
30 
53 
28 
27 
26 
32 
97 
51 
37 
14 
14 
15 
0 
16 
48 
16 
0 
14 
14 
13 
43 
26 
16 
2 
4 
15 
33 
35 
69 
79 
96 
80 
96 
62 
35 
133 
126 
30 
1 
42 
51 
4 
14 
63 
65 
19 
11 
10 
17 
0 
14 
13 
27 
1 
16 
26 
67 
36 
20 
10 
1 
16 
22 
20 
53 
46 
62 
46 
5 
21 
53 
53 
37 
11 
58 
26 
33 
33 
0 
16 
33 
17 
2 
43 
33 
1 
12 
37 
110 
141 
107 
64 
29 
11 
14 
0 
16 
0 
15 
31 
15 
15 
16 
32 
0 
65 
65 
49 
17 
16 
0 
17 
67 
36 
14 
0 
0 
17 
10 
26 
11 
19 
4 
26 
65 
48 
65 
42 
106 
115 
84 
20 
106 
33 
16 
46 
92 
74 
22 
36 
94 
95 
63 
62 
62 
69 
60 
59 
42 
17 
0 
16 
33 
33 
17 
1 
14 
0 
0 
31 
63 
62 
21 
28 
5 
64 
14 
98 
100 
85 
30 
0 
14 
12 
10 
15 
10 
27 
27 
75 
75 
75 
59 
43 
26 
5 
5 
10 
33 
32 
32 
15 
33 
42 
26 
49 
32 
15 
17 
10 
51 
20 
21 
1 
15 
32 
17 
17 
26 
26 
26 
10 
26 
42 
21 
11 
27 
11 
20 
4 
37 
10 
75 
27 
27 
19 
4 
11 
27 
27 
21 
17 
0 
16 
18 
27 
10 
16 
14 
35 
53 
31 
16 
17 
74 
75 
19 
4 
10 
49 
64 
30 
2 
11 
5 
31 
32 
42 
51 
52 
37 
1 
48 
31 
33 
58 
42 
75 
90 
74 
33 
16 
0 
31 
62 
45 
59 
65 
63 
13 
52 
101 
94 
46 
31 
0 
45 
11 
37 
14 
16 
16 
16 
1 
2 
4 
10 
33 
31 
12 
5 
63 
112 
144 
142 
108 
58 
0 
26 
35 
44 
27 
27 
11 
20 
28 
4 
5 
1 
30 
46 
69 
60 
10 
15 
31 
26 
67 
37 
30 
16 
29 
27 
15 
65 
107 
139 
138 
144 
44 
53 
143 
81 
30 
85 
1 
33 
129 
90 
17 
31 
64 
113 
26 
12 
20 
1 
16 
48 
49 
32 
16 
33 
14 
5 
26 
5 
21 
1 
1 
32 
0 
17 
26 
51 
36 
11 
26 
10 
37 
5 
10 
49 
31 
44 
33 
13 
5 
48 
58 
107 
138 
176 
141 
90 
15 
51 
69 
1 
1 
1 
14 
16 
16 
15 
48 
64 
31 
1 
33 
17 
1 
17 
1 
46 
21 
3 
21 
14 
16 
17 
97 
129 
102 
91 
135 
75 
144 
51 
11 
21 
46 
14 
62 
33 
26 
58 
10 
5 
10 
1 
14 
30 
0 
95 
78 
2 
68 
149 
46 
42 
69 
29 
11 
17 
16 
3 
30 
18 
69 
73 
36 
63 
127 
77 
11 
0 
61 
68 
17 
95 
78 
74 
37 
26 
58 
33 
48 
63 
1 
1 
16 
33 
14 
78 
63 
80 
97 
97 
48 
31 
33 
35 
5 
15 
96 
1 
65 
64 
47 
1 
18 
36 
69 
62 
79 
47 
0 
0 
31 
15 
47 
30 
30 
97 
49 
17 
0 
32 
0 
1 
10 
3 
4 
14 
47 
63 
78 
53 
28 
27 
5 
21 
21 
5 
11 
27 
100 
140 
91 
52 
165 
181 
85 
27 
75 
75 
4 
26 
1 
0 
29 
4 
30 
79 
64 
0 
16 
49 
74 
10 
3 
11 
5 
14 
16 
48 
96 
97 
108 
219 
241 
79 
18 
20 
20 
12 
4 
27 
42 
97 
63 
45 
27 
33 
15 
26 
75 
123 
155 
129 
96 
62 
44 
27 
94 
271 
271 
16 
106 
51 
4 
1 
32 
82 
36 
96 
54 
4 
30 
48 
81 
74 
58 
81 
113 
79 
45 
43 
65 
32 
97 
26 
20 
20 
11 
43 
4 
28 
11 
21 
21 
53 
92 
91 
1 
64 
81 
19 
4 
37 
94 
31 
48 
48 
1 
30 
77 
75 
74 
32 
50 
20 
30 
79 
176 
176 
134 
43 
15 
61 
90 
32 
146 
245 
117 
130 
100 
53 
81 
32 
1 
82 
59 
58 
10 
30 
47 
48 
1 
12 
11 
33 
31 
44 
1 
48 
65 
42 
90 
91 
75 
75 
81 
64 
1 
26 
3 
43 
26 
33 
0 
17 
17 
26 
91 
91 
21 
69 
46 
30 
17 
10 
10 
5 
5 
10 
49 
48 
6 
59 
32 
81 
99 
132 
124 
59 
176 
2 
14 
129 
74 
84 
101 
69 
75 
283 
154 
78 
144 
97 
58 
10 
27 
59 
43 
21 
53 
37 
10 
4 
68 
59 
59 
107 
91 
36 
165 
92 
52 
14 
41 
27 
15 
17 
18 
4 
21 
14 
47 
63 
78 
62 
53 
60 
59 
27 
10 
5 
21 
60 
90 
112 
125 
97 
70 
43 
63 
161 
171 
155 
155 
106 
97 
79 
44 
14 
161 
138 
219 
20 
62 
47 
96 
58 
44 
90 
0 
96 
81 
33 
46 
14 
46 
21 
85 
140 
53 
95 
49 
12 
42 
32 
2 
53 
64 
19 
5 
15 
44 
17 
2 
1 
25 
36 
62 
79 
63 
47 
79 
78 
53 
44 
43 
43 
49 
32 
1 
30 
10 
26 
65 
96 
127 
110 
45 
4 
4 
85 
94 
110 
62 
31 
32 
47 
29 
11 
0 
17 
35 
20 
52 
69 
60 
43 
42 
64 
79 
46 
106 
67 
100 
28 
11 
30 
16 
1 
10 
19 
84 
116 
132 
60 
36 
148 
124 
171 
193 
111 
99 
142 
143 
159 
191 
142 
93 
139 
81 
48 
146 
68 
5 
30 
31 
95 
239 
285 
37 
9 
53 
57 
53 
73 
53 
56 
36 
15 
25 
20 
30 
48 
42 
35 
5 
32 
38 
43 
55 
75 
70 
56 
82 
43 
13 
24 
53 
105 
116 
111 
129 
122 
115 
100 
76 
91 
75 
58 
48 
14 
2 
20 
37 
37 
14 
1 
14 
30 
21 
21 
4 
3 
36 
20 
21 
4 
5 
37 
20 
20 
91 
155 
101 
79 
32 
1 
17 
65 
113 
128 
15 
17 
83 
132 
69 
156 
75 
78 
112 
83 
37 
47 
32 
26 
3 
21 
1 
15 
18 
43 
49 
79 
2 
52 
69 
46 
37 
5 
76 
59 
75 
3 
4 
37 
14 
31 
15 
0 
15 
15 
15 
30 
14 
17 
42 
65 
49 
33 
17 
33 
33 
1 
0 
0 
0 
32 
16 
48 
128 
159 
62 
3 
5 
48 
3 
46 
46 
67 
196 
229 
204 
154 
96 
61 
1 
130 
165 
142 
143 
192 
95 
114 
116 
110 
95 
65 
42 
26 
5 
5 
68 
3 
11 
42 
1 
31 
158 
108 
68 
158 
175 
96 
0 
16 
0 
15 
1 
18 
11 
17 
46 
60 
17 
25 
52 
78 
62 
62 
62 
69 
92 
74 
33 
46 
63 
14 
14 
69 
45 
20 
37 
37 
14 
1 
33 
17 
14 
31 
64 
33 
74 
58 
43 
52 
124 
11 
21 
1 
0 
33 
35 
36 
21 
1 
0 
16 
14 
77 
27 
30 
47 
65 
67 
4 
26 
30 
16 
31 
65 
51 
4 
5 
17 
15 
17 
26 
19 
4 
5 
17 
0 
10 
19 
21 
46 
46 
47 
15 
0 
0 
0 
1 
26 
12 
27 
10 
1 
16 
33 
65 
58 
43 
35 
27 
11 
26 
49 
47 
10 
19 
21 
53 
62 
46 
30 
1 
15 
32 
33 
26 
5 
60 
107 
74 
48 
17 
19 
14 
65 
90 
107 
90 
58 
49 
49 
65 
32 
0 
15 
31 
31 
30 
46 
53 
19 
52 
27 
26 
85 
127 
79 
48 
15 
63 
46 
62 
14 
17 
1 
30 
64 
64 
30 
49 
67 
52 
21 
15 
15 
14 
5 
19 
11 
42 
48 
13 
10 
0 
67 
36 
52 
84 
60 
59 
58 
80 
79 
69 
3 
52 
117 
5 
10 
26 
26 
11 
52 
132 
180 
12 
53 
62 
32 
50 
4 
15 
18 
11 
32 
6 
4 
14 
41 
52 
46 
48 
18 
4 
1 
15 
33 
66 
68 
53 
37 
14 
14 
97 
48 
16 
31 
62 
61 
75 
97 
134 
122 
102 
113 
93 
56 
59 
61 
7 
6 
4 
2 
39 
36 
64 
67 
94 
113 
67 
26 
87 
123 
103 
65 
60 
23 
10 
57 
53 
16 
12 
16 
13 
15 
44 
23 
11 
7 
4 
15 
3 
14 
17 
3 
1 
0 
3 
5 
48 
6 
11 
14 
6 
4 
81 
25 
27 
32 
2 
11 
0 
65 
67 
11 
33 
32 
30 
13 
27 
32 
30 
12 
21 
46 
64 
49 
33 
1 
5 
44 
59 
26 
16 
15 
46 
93 
123 
48 
2 
36 
47 
16 
49 
74 
58 
10 
5 
28 
4 
10 
26 
49 
97 
95 
93 
97 
12 
32 
28 
16 
13 
33 
16 
66 
20 
10 
14 
16 
14 
44 
42 
16 
17 
67 
126 
95 
48 
1 
30 
63 
63 
31 
15 
47 
62 
78 
44 
43 
5 
47 
33 
66 
52 
68 
26 
10 
74 
75 
43 
26 
26 
17 
1 
15 
16 
17 
1 
5 
5 
20 
28 
27 
11 
5 
10 
10 
49 
49 
16 
15 
16 
16 
17 
1 
14 
14 
14 
0 
15 
15 
15 
0 
15 
0 
31 
47 
30 
14 
5 
19 
27 
27 
10 
10 
17 
17 
1 
1 
14 
21 
5 
10 
10 
26 
26 
33 
17 
1 
0 
0 
16 
17 
17 
17 
33 
48 
32 
15 
1 
17 
10 
33 
33 
32 
15 
1 
5 
3 
5 
30 
46 
47 
47 
31 
47 
47 
30 
14 
1 
17 
1 
17 
1 
1 
1 
15 
0 
16 
16 
1 
5 
5 
3 
4 
5 
1 
15 
16 
17 
17 
10 
26 
27 
27 
19 
20 
21 
1 
0 
16 
32 
33 
32 
16 
15 
14 
21 
10 
27 
11 
4 
20 
36 
20 
20 
4 
20 
4 
11 
27 
11 
10 
10 
33 
17 
0 
16 
17 
26 
12 
4 
21 
31 
32 
48 
64 
63 
93 
75 
49 
0 
1 
5 
12 
4 
21 
37 
21 
5 
10 
33 
33 
16 
0 
0 
1 
5 
12 
11 
26 
33 
33 
0 
0 
14 
21 
28 
11 
5 
1 
0 
0 
16 
32 
16 
0 
15 
15 
31 
31 
30 
21 
21 
4 
3 
11 
20 
20 
20 
11 
58 
58 
65 
48 
47 
30 
5 
27 
51 
52 
20 
11 
27 
11 
27 
27 
11 
4 
4 
4 
11 
3 
4 
20 
20 
36 
20 
4 
11 
11 
5 
10 
1 
32 
0 
17 
18 
4 
10 
1 
15 
16 
33 
26 
59 
59 
42 
26 
17 
33 
49 
49 
48 
31 
1 
10 
10 
10 
27 
11 
4 
10 
10 
10 
17 
17 
16 
0 
1 
5 
3 
4 
21 
14 
31 
48 
49 
26 
11 
11 
3 
11 
26 
49 
31 
13 
11 
0 
17 
51 
52 
60 
91 
75 
90 
81 
63 
45 
27 
5 
14 
0 
16 
33 
17 
5 
10 
43 
27 
11 
11 
10 
17 
17 
0 
0 
1 
10 
3 
20 
21 
14 
1 
16 
0 
33 
26 
51 
20 
4 
5 
1 
0 
16 
14 
2 
20 
21 
1 
16 
33 
26 
27 
19 
4 
5 
5 
17 
0 
0 
33 
42 
51 
20 
21 
1 
17 
16 
16 
0 
17 
1 
12 
11 
17 
15 
2 
4 
37 
47 
48 
64 
65 
65 
48 
48 
32 
15 
16 
17 
1 
17 
32 
32 
0 
17 
17 
5 
5 
12 
11 
1 
16 
14 
3 
20 
37 
30 
30 
30 
78 
85 
60 
59 
42 
33 
16 
0 
17 
17 
42 
49 
49 
48 
15 
14 
10 
3 
4 
21 
14 
15 
0 
1 
10 
35 
20 
37 
1 
0 
16 
17 
26 
11 
19 
36 
20 
5 
5 
5 
1 
0 
0 
1 
10 
35 
20 
5 
21 
1 
14 
16 
17 
5 
12 
4 
21 
46 
46 
30 
53 
37 
5 
26 
26 
5 
1 
0 
15 
1 
10 
3 
21 
1 
16 
0 
2 
11 
10 
15 
33 
42 
59 
59 
90 
65 
64 
31 
14 
1 
5 
10 
10 
26 
26 
5 
17 
48 
31 
29 
27 
1 
32 
26 
51 
52 
68 
68 
36 
20 
4 
4 
20 
4 
11 
11 
42 
65 
63 
29 
11 
0 
17 
19 
