27 
11 
10 
10 
17 
33 
32 
31 
15 
14 
5 
5 
3 
11 
4 
5 
17 
1 
0 
15 
63 
62 
53 
44 
11 
30 
96 
129 
74 
58 
74 
30 
79 
113 
106 
83 
52 
36 
4 
27 
35 
20 
11 
27 
27 
43 
43 
26 
26 
17 
16 
16 
1 
10 
12 
20 
17 
1 
15 
16 
15 
47 
63 
47 
14 
1 
37 
21 
12 
27 
26 
49 
31 
42 
67 
21 
46 
63 
63 
63 
65 
74 
83 
36 
5 
14 
47 
32 
33 
10 
10 
10 
26 
42 
58 
49 
16 
17 
18 
52 
30 
0 
16 
0 
17 
17 
17 
30 
62 
63 
63 
32 
0 
0 
0 
1 
1 
1 
17 
49 
96 
96 
62 
2 
20 
46 
80 
106 
107 
59 
11 
36 
37 
21 
30 
47 
80 
81 
81 
74 
58 
33 
15 
63 
32 
65 
17 
46 
30 
37 
53 
76 
27 
17 
15 
17 
19 
36 
78 
63 
64 
16 
16 
1 
26 
51 
52 
94 
111 
96 
64 
47 
62 
18 
52 
78 
64 
49 
42 
59 
75 
59 
5 
46 
79 
144 
161 
81 
16 
16 
33 
42 
75 
75 
11 
52 
53 
53 
46 
46 
30 
30 
5 
58 
59 
59 
27 
11 
4 
20 
53 
69 
69 
62 
30 
53 
53 
44 
43 
17 
0 
18 
36 
46 
31 
62 
60 
26 
48 
54 
91 
96 
29 
62 
146 
149 
160 
138 
107 
43 
117 
126 
127 
79 
0 
31 
63 
46 
13 
4 
30 
32 
58 
67 
117 
94 
94 
85 
44 
69 
111 
129 
123 
91 
43 
52 
133 
165 
133 
92 
27 
1 
48 
82 
68 
37 
1 
1 
0 
80 
32 
32 
16 
31 
48 
32 
32 
15 
64 
96 
112 
80 
31 
14 
35 
68 
69 
46 
14 
97 
113 
80 
31 
30 
12 
4 
14 
31 
110 
93 
4 
63 
97 
131 
116 
53 
21 
26 
115 
100 
68 
36 
5 
42 
58 
49 
16 
32 
81 
74 
91 
75 
59 
27 
26 
33 
80 
95 
76 
5 
24 
52 
79 
66 
53 
16 
62 
60 
10 
15 
26 
28 
154 
96 
65 
163 
149 
78 
46 
74 
90 
35 
4 
26 
49 
0 
1 
12 
21 
46 
128 
209 
90 
1 
79 
111 
96 
48 
0 
48 
64 
0 
16 
16 
32 
32 
16 
16 
15 
15 
15 
14 
1 
1 
17 
33 
32 
47 
48 
49 
26 
11 
3 
4 
4 
5 
21 
21 
1 
1 
5 
21 
21 
21 
28 
43 
58 
49 
48 
46 
60 
10 
0 
3 
10 
0 
18 
20 
30 
16 
17 
19 
11 
10 
32 
207 
173 
74 
25 
52 
15 
35 
31 
66 
69 
63 
33 
26 
19 
20 
20 
12 
27 
4 
37 
47 
64 
80 
97 
97 
97 
80 
177 
115 
84 
53 
1 
17 
16 
16 
48 
48 
32 
15 
31 
31 
15 
0 
15 
46 
46 
46 
85 
44 
43 
65 
79 
108 
129 
125 
23 
37 
51 
73 
70 
52 
73 
46 
178 
149 
143 
128 
112 
102 
91 
71 
57 
66 
34 
9 
104 
250 
220 
76 
83 
99 
36 
35 
28 
77 
93 
61 
29 
13 
29 
36 
35 
41 
39 
5 
28 
39 
49 
44 
23 
33 
12 
8 
9 
27 
22 
23 
21 
19 
25 
22 
4 
22 
8 
11 
9 
1 
12 
7 
43 
54 
74 
93 
87 
114 
123 
124 
19 
43 
44 
45 
54 
70 
71 
71 
71 
38 
13 
11 
28 
38 
24 
26 
28 
22 
9 
11 
6 
1 
3 
8 
10 
45 
24 
27 
22 
17 
28 
7 
25 
27 
29 
8 
9 
59 
76 
61 
38 
23 
39 
24 
8 
40 
8 
23 
23 
23 
6 
22 
22 
22 
7 
8 
24 
23 
22 
6 
18 
43 
60 
93 
86 
86 
102 
102 
100 
98 
88 
315 
278 
248 
201 
168 
133 
130 
101 
49 
64 
64 
48 
32 
32 
1 
21 
12 
37 
30 
31 
49 
106 
90 
58 
65 
32 
14 
12 
1 
9 
11 
7 
43 
38 
74 
205 
216 
181 
146 
149 
96 
97 
90 
49 
31 
57 
84 
79 
114 
36 
0 
9 
4 
47 
49 
19 
46 
95 
64 
1 
110 
78 
69 
76 
59 
65 
46 
44 
48 
28 
8 
4 
9 
22 
20 
25 
23 
21 
18 
120 
85 
82 
63 
67 
62 
81 
51 
21 
1 
0 
32 
31 
30 
30 
37 
44 
58 
49 
46 
44 
31 
50 
46 
73 
37 
40 
20 
15 
3 
30 
41 
37 
32 
35 
69 
95 
97 
90 
75 
59 
43 
42 
49 
48 
33 
19 
21 
15 
16 
5 
12 
10 
33 
15 
14 
21 
28 
26 
33 
48 
31 
37 
44 
42 
128 
86 
91 
71 
91 
86 
89 
43 
12 
35 
66 
82 
89 
87 
69 
2 
7 
11 
8 
27 
48 
60 
49 
38 
27 
16 
28 
17 
6 
26 
63 
76 
72 
75 
86 
25 
10 
19 
45 
54 
9 
41 
34 
29 
93 
93 
76 
36 
83 
105 
8 
89 
114 
139 
84 
19 
29 
39 
41 
43 
45 
8 
9 
43 
61 
70 
71 
56 
40 
39 
22 
117 
115 
88 
10 
86 
138 
109 
40 
10 
12 
18 
40 
135 
150 
68 
13 
23 
7 
5 
3 
25 
56 
53 
19 
8 
21 
34 
16 
92 
55 
10 
34 
103 
68 
57 
30 
13 
62 
115 
94 
34 
43 
96 
77 
65 
45 
33 
12 
56 
101 
114 
78 
18 
21 
41 
27 
0 
2 
42 
47 
92 
16 
19 
87 
36 
40 
20 
40 
53 
57 
20 
16 
35 
1 
25 
52 
111 
65 
19 
91 
113 
63 
2 
5 
31 
76 
32 
3 
56 
53 
51 
56 
37 
66 
78 
82 
94 
57 
20 
30 
15 
30 
53 
44 
43 
21 
46 
48 
33 
37 
12 
85 
94 
64 
30 
37 
67 
69 
62 
14 
32 
48 
47 
15 
30 
13 
4 
5 
15 
17 
12 
1 
15 
12 
14 
41 
11 
31 
146 
164 
126 
15 
16 
80 
112 
48 
95 
96 
64 
63 
46 
69 
28 
52 
133 
142 
126 
53 
51 
69 
47 
2 
11 
0 
2 
21 
48 
35 
30 
64 
58 
51 
37 
37 
17 
49 
33 
17 
94 
79 
31 
1 
17 
33 
58 
74 
65 
32 
17 
34 
36 
30 
112 
114 
68 
37 
17 
32 
63 
5 
51 
52 
69 
21 
21 
5 
11 
19 
52 
36 
3 
20 
4 
53 
190 
270 
125 
4 
110 
192 
90 
67 
100 
74 
122 
42 
1 
33 
49 
14 
30 
69 
44 
10 
49 
31 
83 
165 
128 
33 
53 
28 
4 
11 
58 
81 
0 
16 
18 
11 
10 
15 
33 
35 
78 
96 
97 
74 
59 
59 
10 
37 
46 
47 
47 
15 
0 
16 
32 
49 
33 
26 
10 
26 
11 
11 
75 
123 
106 
65 
0 
65 
115 
52 
10 
33 
16 
31 
78 
157 
171 
16 
98 
132 
127 
48 
14 
10 
42 
42 
65 
32 
0 
2 
21 
63 
65 
115 
149 
85 
46 
37 
10 
35 
53 
14 
47 
62 
60 
33 
31 
44 
74 
71 
91 
72 
75 
40 
37 
34 
46 
19 
0 
19 
30 
13 
21 
80 
162 
100 
5 
58 
97 
97 
17 
15 
16 
47 
79 
15 
33 
33 
10 
5 
36 
44 
43 
42 
1 
47 
45 
59 
49 
14 
28 
14 
6 
75 
80 
28 
47 
83 
63 
82 
53 
47 
17 
21 
52 
36 
36 
52 
28 
43 
59 
42 
17 
0 
0 
1 
12 
20 
94 
0 
78 
204 
186 
39 
52 
136 
132 
94 
64 
10 
5 
36 
108 
139 
123 
74 
32 
0 
61 
106 
95 
92 
72 
181 
194 
206 
177 
115 
36 
67 
100 
68 
37 
1 
0 
34 
20 
30 
65 
83 
68 
69 
69 
21 
3 
10 
1 
0 
10 
12 
10 
0 
1 
3 
5 
65 
79 
29 
20 
46 
64 
5 
12 
4 
21 
30 
15 
16 
80 
96 
47 
0 
0 
1 
14 
37 
10 
35 
36 
20 
5 
10 
49 
97 
80 
15 
46 
45 
43 
49 
15 
35 
69 
96 
49 
28 
91 
74 
97 
63 
14 
19 
101 
207 
160 
0 
143 
159 
63 
17 
33 
58 
42 
10 
5 
14 
14 
0 
0 
65 
74 
83 
36 
11 
4 
3 
43 
42 
1 
31 
14 
3 
37 
15 
32 
33 
5 
36 
108 
91 
5 
14 
32 
49 
42 
26 
10 
5 
21 
46 
46 
62 
78 
46 
30 
21 
2 
11 
5 
0 
0 
2 
27 
10 
0 
9 
36 
30 
0 
30 
37 
44 
43 
42 
17 
32 
49 
10 
4 
28 
4 
21 
65 
81 
48 
15 
49 
10 
19 
27 
74 
65 
80 
17 
44 
106 
80 
93 
30 
82 
174 
209 
163 
116 
44 
53 
110 
144 
97 
131 
68 
21 
5 
65 
97 
64 
15 
17 
26 
51 
20 
5 
17 
0 
47 
64 
64 
48 
47 
31 
46 
29 
11 
17 
15 
14 
28 
74 
31 
2 
21 
63 
50 
36 
30 
31 
32 
17 
30 
63 
63 
31 
0 
16 
48 
81 
64 
32 
16 
33 
42 
35 
52 
21 
5 
33 
193 
192 
111 
19 
101 
128 
82 
27 
10 
63 
96 
31 
95 
110 
14 
17 
1 
21 
69 
37 
27 
91 
107 
59 
10 
1 
0 
16 
65 
106 
115 
148 
92 
27 
10 
16 
81 
67 
68 
78 
15 
15 
15 
78 
62 
21 
5 
11 
11 
11 
11 
21 
46 
62 
63 
31 
15 
1 
10 
35 
37 
14 
15 
31 
46 
69 
76 
106 
65 
33 
67 
53 
30 
16 
1 
21 
69 
60 
43 
26 
1 
0 
32 
33 
10 
44 
75 
58 
33 
15 
17 
67 
85 
94 
79 
31 
17 
49 
58 
83 
68 
69 
85 
69 
21 
74 
3 
59 
59 
1 
47 
65 
34 
59 
26 
15 
15 
37 
3 
4 
37 
5 
33 
58 
106 
90 
97 
96 
95 
93 
58 
72 
52 
56 
84 
143 
114 
101 
95 
63 
48 
31 
13 
100 
302 
336 
289 
80 
113 
179 
133 
94 
15 
0 
48 
81 
65 
1 
127 
160 
128 
31 
33 
26 
51 
4 
11 
5 
42 
97 
32 
64 
49 
17 
17 
17 
17 
16 
0 
17 
19 
4 
1 
16 
14 
12 
5 
48 
29 
27 
16 
29 
10 
9 
5 
40 
20 
24 
4 
7 
27 
23 
42 
45 
7 
20 
18 
39 
53 
51 
88 
85 
114 
190 
241 
203 
59 
36 
78 
127 
48 
17 
21 
28 
59 
58 
65 
64 
158 
172 
177 
173 
152 
137 
98 
89 
232 
178 
131 
99 
51 
18 
22 
40 
74 
92 
102 
72 
89 
75 
44 
28 
29 
29 
50 
105 
105 
104 
6 
11 
61 
23 
41 
42 
28 
38 
7 
7 
2 
4 
28 
45 
38 
39 
40 
54 
54 
29 
12 
11 
3 
9 
8 
57 
155 
189 
150 
24 
120 
152 
135 
133 
99 
56 
42 
70 
90 
22 
17 
29 
17 
13 
5 
9 
26 
54 
58 
22 
17 
35 
7 
91 
22 
9 
107 
45 
121 
152 
14 
3 
7 
42 
45 
33 
60 
56 
27 
40 
21 
9 
14 
2 
81 
125 
72 
27 
13 
24 
8 
18 
27 
12 
13 
6 
40 
7 
29 
36 
2 
7 
21 
2 
40 
123 
87 
106 
156 
86 
24 
120 
199 
174 
99 
8 
58 
38 
58 
6 
26 
38 
26 
9 
46 
50 
21 
6 
27 
96 
157 
129 
76 
7 
14 
19 
41 
71 
116 
105 
37 
25 
11 
63 
124 
97 
173 
113 
60 
9 
86 
132 
121 
62 
45 
49 
6 
26 
70 
122 
118 
33 
83 
200 
181 
57 
27 
16 
18 
4 
16 
127 
77 
27 
65 
63 
18 
85 
63 
1 
76 
90 
64 
29 
42 
22 
42 
70 
5 
25 
1 
18 
63 
115 
111 
50 
5 
1 
63 
94 
60 
10 
14 
0 
14 
37 
21 
44 
42 
81 
79 
29 
26 
0 
3 
17 
9 
43 
71 
11 
8 
27 
39 
42 
22 
46 
83 
56 
75 
23 
68 
120 
180 
190 
112 
32 
31 
129 
178 
228 
245 
189 
43 
78 
97 
99 
126 
128 
74 
35 
27 
42 
65 
32 
15 
14 
5 
12 
59 
138 
113 
95 
77 
74 
25 
101 
137 
100 
79 
17 
44 
43 
17 
0 
16 
32 
1 
46 
94 
94 
62 
12 
4 
97 
31 
66 
20 
81 
30 
19 
94 
96 
45 
75 
10 
47 
81 
74 
43 
12 
75 
155 
139 
138 
97 
30 
92 
16 
2 
14 
57 
37 
48 
19 
1 
0 
28 
33 
47 
60 
81 
93 
97 
93 
120 
85 
50 
47 
19 
15 
19 
14 
25 
4 
14 
33 
34 
20 
21 
1 
33 
49 
33 
17 
0 
15 
15 
14 
14 
30 
53 
60 
58 
64 
45 
58 
23 
27 
22 
22 
36 
41 
23 
4 
50 
136 
133 
114 
110 
113 
115 
84 
60 
59 
181 
126 
127 
111 
95 
78 
77 
74 
55 
43 
39 
41 
34 
19 
19 
34 
182 
136 
104 
57 
24 
24 
9 
34 
36 
3 
54 
8 
45 
68 
34 
23 
21 
2 
71 
36 
25 
10 
25 
21 
41 
37 
41 
5 
73 
85 
89 
53 
32 
18 
5 
32 
62 
60 
49 
73 
132 
110 
15 
29 
27 
14 
32 
34 
36 
62 
64 
10 
12 
42 
49 
79 
109 
122 
70 
5 
50 
110 
147 
112 
115 
78 
14 
92 
106 
95 
76 
1 
66 
110 
153 
68 
14 
49 
67 
21 
16 
63 
77 
43 
14 
48 
42 
35 
53 
63 
64 
33 
17 
5 
4 
3 
84 
85 
101 
149 
44 
53 
111 
209 
170 
91 
26 
78 
288 
209 
122 
113 
30 
207 
271 
191 
108 
17 
41 
21 
57 
52 
88 
100 
63 
66 
85 
111 
80 
17 
21 
58 
27 
52 
5 
21 
69 
117 
101 
76 
5 
47 
97 
83 
85 
79 
113 
106 
19 
27 
4 
5 
26 
26 
65 
33 
32 
0 
17 
58 
42 
27 
3 
52 
85 
53 
5 
37 
11 
12 
139 
122 
14 
32 
130 
132 
101 
117 
61 
59 
1 
0 
51 
31 
50 
62 
57 
53 
64 
82 
149 
78 
63 
47 
15 
17 
74 
107 
99 
44 
59 
43 
10 
15 
49 
50 
52 
62 
112 
97 
74 
42 
42 
58 
65 
0 
64 
129 
122 
90 
26 
14 
47 
64 
65 
58 
58 
51 
36 
20 
37 
21 
21 
5 
10 
10 
3 
27 
4 
5 
33 
96 
223 
125 
26 
8 
68 
159 
178 
180 
133 
61 
20 
94 
128 
178 
212 
101 
10 
74 
43 
35 
36 
68 
52 
44 
27 
10 
0 
33 
35 
69 
95 
80 
129 
106 
42 
17 
15 
33 
58 
35 
27 
26 
0 
16 
17 
13 
27 
10 
65 
32 
47 
46 
2 
36 
21 
46 
46 
31 
0 
49 
113 
81 
46 
31 
31 
31 
15 
15 
17 
90 
115 
68 
4 
11 
26 
26 
58 
65 
65 
48 
30 
10 
83 
85 
30 
0 
0 
15 
14 
2 
11 
10 
47 
65 
51 
69 
78 
111 
160 
112 
16 
90 
99 
132 
85 
69 
37 
44 
5 
14 
31 
49 
50 
52 
37 
63 
80 
97 
58 
5 
21 
5 
65 
65 
16 
0 
15 
30 
53 
28 
5 
30 
0 
14 
77 
4 
62 
128 
113 
106 
97 
48 
1 
51 
174 
145 
115 
84 
62 
46 
159 
78 
13 
36 
126 
160 
81 
74 
107 
75 
69 
261 
133 
5 
115 
164 
92 
27 
30 
64 
82 
52 
46 
32 
28 
26 
32 
34 
69 
63 
48 
49 
42 
58 
42 
17 
32 
47 
13 
21 
31 
65 
67 
36 
37 
10 
65 
65 
49 
33 
65 
33 
0 
80 
111 
46 
66 
116 
110 
94 
47 
1 
17 
65 
106 
74 
26 
5 
90 
138 
74 
16 
32 
18 
4 
46 
95 
96 
113 
81 
0 
64 
65 
163 
244 
197 
117 
3 
85 
159 
161 
155 
107 
59 
11 
10 
46 
64 
81 
99 
84 
62 
79 
80 
64 
32 
0 
32 
64 
64 
49 
0 
31 
95 
110 
46 
21 
12 
37 
78 
63 
16 
30 
53 
21 
3 
36 
52 
11 
43 
35 
4 
4 
5 
5 
14 
15 
16 
33 
33 
10 
58 
139 
155 
106 
16 
65 
83 
69 
47 
33 
51 
27 
193 
192 
13 
85 
112 
97 
106 
107 
122 
80 
9 
52 
111 
99 
101 
80 
26 
35 
69 
62 
62 
30 
17 
21 
60 
43 
17 
9 
52 
79 
33 
19 
37 
47 
63 
0 
0 
0 
1 
19 
69 
79 
66 
52 
85 
63 
32 
0 
15 
15 
31 
47 
48 
32 
0 
16 
16 
32 
65 
65 
48 
32 
16 
15 
15 
126 
117 
92 
81 
6 
36 
88 
116 
142 
129 
74 
11 
5 
37 
62 
63 
97 
26 
19 
69 
133 
142 
69 
19 
37 
46 
81 
147 
132 
53 
58 
65 
129 
96 
15 
17 
58 
43 
20 
36 
52 
4 
27 
42 
10 
1 
33 
64 
15 
65 
99 
100 
53 
37 
37 
37 
36 
3 
4 
26 
42 
49 
79 
30 
12 
10 
32 
66 
20 
17 
0 
2 
4 
14 
80 
110 
44 
5 
32 
82 
68 
53 
14 
1 
33 
33 
33 
58 
74 
43 
10 
37 
69 
37 
11 
19 
20 
37 
37 
21 
21 
21 
10 
26 
21 
37 
37 
5 
10 
10 
21 
36 
28 
59 
74 
81 
31 
18 
37 
0 
14 
12 
10 
15 
17 
13 
4 
69 
62 
1 
49 
49 
17 
42 
42 
42 
10 
36 
12 
52 
84 
44 
11 
21 
14 
15 
0 
14 
37 
76 
59 
17 
15 
33 
5 
28 
20 
62 
63 
16 
48 
79 
79 
94 
2 
36 
101 
94 
63 
0 
33 
58 
106 
155 
155 
138 
112 
25 
100 
175 
202 
179 
116 
44 
20 
69 
95 
113 
74 
35 
53 
30 
47 
32 
81 
113 
65 
0 
48 
58 
12 
21 
17 
31 
29 
11 
14 
64 
74 
35 
27 
27 
59 
123 
91 
42 
5 
30 
30 
14 
17 
26 
10 
10 
42 
122 
113 
48 
30 
76 
90 
9 
84 
144 
163 
126 
95 
48 
16 
47 
207 
176 
128 
96 
63 
46 
21 
12 
5 
1 
0 
2 
21 
15 
6 
27 
15 
66 
21 
15 
18 
27 
16 
1 
2 
11 
5 
15 
16 
16 
32 
32 
32 
31 
14 
12 
5 
63 
49 
51 
36 
37 
14 
31 
32 
16 
1 
1 
1 
1 
1 
1 
5 
10 
4 
12 
11 
5 
30 
47 
64 
97 
106 
58 
58 
33 
63 
112 
17 
21 
10 
12 
107 
74 
32 
31 
13 
11 
17 
16 
1 
2 
11 
26 
17 
0 
0 
17 
10 
19 
11 
10 
1 
0 
16 
33 
26 
42 
43 
132 
108 
107 
90 
64 
46 
28 
17 
169 
116 
94 
79 
80 
63 
63 
29 
27 
0 
3 
23 
20 
40 
21 
162 
158 
98 
26 
80 
94 
60 
17 
31 
13 
43 
32 
34 
101 
153 
116 
79 
90 
131 
116 
101 
92 
11 
110 
193 
226 
212 
172 
75 
223 
177 
163 
133 
62 
46 
47 
31 
32 
49 
33 
17 
17 
32 
32 
32 
47 
46 
45 
59 
64 
265 
164 
143 
96 
10 
5 
3 
43 
123 
90 
64 
30 
28 
17 
9 
4 
96 
125 
113 
109 
87 
89 
66 
50 
73 
104 
101 
105 
100 
110 
79 
47 
1 
3 
30 
73 
101 
192 
211 
196 
165 
124 
122 
134 
25 
116 
194 
168 
102 
68 
89 
37 
29 
65 
29 
17 
13 
17 
45 
33 
45 
49 
61 
74 
38 
58 
54 
26 
25 
37 
25 
4 
16 
3 
0 
146 
117 
112 
98 
84 
84 
76 
75 
65 
54 
74 
93 
72 
41 
34 
41 
24 
22 
11 
45 
40 
52 
41 
47 
35 
40 
36 
64 
51 
62 
65 
83 
69 
69 
62 
85 
76 
26 
47 
98 
133 
319 
257 
129 
96 
22 
85 
184 
196 
175 
97 
20 
268 
522 
343 
66 
244 
211 
169 
111 
83 
47 
13 
122 
191 
204 
145 
124 
87 
26 
3 
22 
103 
8 
24 
7 
22 
9 
29 
36 
35 
82 
72 
71 
37 
12 
54 
73 
4 
82 
168 
149 
169 
37 
79 
108 
65 
2 
94 
194 
174 
73 
11 
81 
0 
131 
90 
64 
30 
12 
37 
47 
49 
19 
5 
17 
47 
61 
43 
33 
31 
44 
32 
28 
32 
28 
6 
6 
299 
268 
244 
210 
190 
160 
144 
102 
59 
7 
9 
3 
12 
3 
2 
9 
8 
361 
274 
242 
216 
164 
143 
144 
143 
354 
293 
255 
208 
160 
143 
125 
74 
105 
133 
130 
151 
116 
88 
36 
0 
28 
0 
18 
14 
57 
164 
207 
225 
113 
161 
143 
93 
1 
98 
159 
147 
95 
66 
20 
32 
62 
108 
106 
144 
173 
154 
157 
73 
43 
28 
6 
8 
8 
7 
7 
8 
88 
199 
182 
100 
25 
42 
22 
53 
105 
100 
79 
144 
314 
266 
287 
225 
186 
138 
96 
78 
76 
24 
84 
104 
62 
35 
40 
30 
51 
105 
78 
50 
62 
130 
142 
144 
161 
81 
96 
310 
251 
13 
258 
393 
312 
181 
137 
68 
30 
16 
79 
176 
241 
241 
449 
304 
76 
40 
102 
164 
210 
264 
180 
64 
60 
58 
127 
141 
458 
374 
232 
6 
215 
232 
73 
87 
23 
88 
103 
249 
514 
329 
49 
406 
474 
380 
212 
146 
94 
29 
155 
240 
246 
219 
112 
77 
65 
124 
135 
152 
136 
87 
10 
45 
30 
121 
68 
94 
304 
207 
156 
104 
75 
77 
73 
137 
8 
8 
23 
8 
89 
137 
50 
9 
41 
56 
23 
9 
59 
45 
120 
350 
274 
68 
122 
282 
321 
230 
154 
2 
41 
120 
215 
438 
340 
449 
147 
155 
363 
474 
353 
34 
7 
139 
285 
214 
85 
76 
167 
171 
167 
202 
221 
166 
70 
38 
52 
57 
30 
50 
62 
65 
67 
4 
69 
165 
253 
299 
168 
212 
514 
447 
385 
241 
167 
139 
29 
121 
249 
258 
235 
236 
212 
99 
34 
7 
11 
15 
83 
101 
17 
128 
176 
192 
176 
142 
60 
119 
180 
344 
468 
350 
10 
179 
325 
334 
285 
202 
86 
9 
164 
290 
456 
436 
559 
335 
259 
688 
763 
587 
200 
173 
244 
227 
34 
7 
86 
365 
308 
153 
26 
111 
124 
129 
102 
43 
8 
21 
25 
42 
2 
62 
178 
431 
346 
74 
165 
302 
239 
17 
218 
442 
193 
88 
180 
238 
176 
112 
47 
22 
20 
46 
41 
11 
111 
194 
261 
255 
159 
16 
106 
19 
36 
101 
158 
143 
15 
16 
31 
80 
47 
46 
45 
90 
137 
117 
89 
212 
127 
26 
3 
10 
63 
80 
31 
47 
96 
32 
208 
321 
400 
173 
183 
245 
210 
62 
194 
261 
112 
78 
154 
139 
154 
161 
102 
122 
118 
72 
134 
125 
84 
99 
50 
25 
7 
29 
36 
18 
24 
106 
77 
24 
42 
86 
113 
108 
71 
57 
35 
11 
19 
141 
102 
9 
146 
274 
233 
103 
146 
11 
98 
136 
78 
115 
112 
268 
144 
28 
88 
164 
128 
45 
331 
176 
29 
0 
188 
86 
232 
343 
420 
352 
161 
142 
463 
480 
191 
19 
206 
337 
234 
106 
5 
142 
223 
174 
173 
123 
48 
18 
37 
16 
3 
32 
77 
209 
156 
55 
70 
133 
50 
104 
94 
67 
63 
35 
48 
93 
106 
406 
426 
372 
51 
198 
360 
418 
370 
312 
132 
33 
160 
144 
95 
142 
117 
108 
59 
33 
1 
83 
62 
95 
61 
90 
89 
180 
96 
146 
116 
101 
77 
75 
30 
201 
388 
318 
318 
253 
177 
114 
200 
294 
340 
272 
99 
42 
49 
48 
48 
0 
15 
128 
170 
179 
132 
132 
108 
251 
241 
125 
39 
133 
179 
98 
200 
222 
195 
126 
33 
67 
43 
115 
196 
228 
196 
204 
123 
81 
150 
234 
173 
38 
105 
274 
419 
467 
361 
309 
126 
65 
227 
222 
272 
243 
165 
110 
47 
80 
97 
49 
49 
49 
30 
95 
143 
270 
221 
97 
13 
136 
222 
355 
431 
353 
49 
32 
275 
542 
383 
239 
77 
85 
256 
290 
292 
293 
252 
14 
66 
151 
260 
242 
238 
274 
164 
116 
92 
26 
31 
44 
8 
101 
114 
136 
149 
162 
222 
225 
106 
33 
63 
130 
165 
208 
195 
165 
79 
32 
15 
31 
31 
31 
47 
126 
93 
59 
32 
77 
21 
105 
53 
120 
196 
111 
33 
37 
116 
140 
155 
187 
74 
47 
129 
194 
68 
36 
20 
52 
131 
164 
92 
27 
52 
85 
37 
78 
101 
117 
19 
133 
143 
128 
33 
65 
26 
170 
225 
208 
157 
177 
188 
13 
281 
473 
648 
868 
652 
183 
88 
458 
508 
438 
407 
350 
227 
111 
90 
75 
27 
1 
32 
99 
95 
146 
213 
239 
113 
26 
5 
37 
110 
160 
161 
99 
36 
20 
37 
69 
100 
220 
171 
129 
6 
69 
210 
200 
165 
137 
5 
208 
125 
74 
192 
275 
316 
235 
248 
75 
19 
227 
307 
402 
344 
165 
65 
3 
58 
65 
80 
16 
110 
157 
107 
96 
2 
78 
115 
175 
162 
36 
49 
15 
16 
79 
15 
15 
128 
191 
93 
37 
7 
20 
88 
68 
88 
52 
24 
11 
23 
42 
38 
42 
29 
7 
11 
22 
25 
27 
61 
71 
23 
54 
77 
116 
131 
121 
30 
29 
113 
156 
183 
117 
83 
89 
87 
52 
56 
37 
25 
26 
54 
74 
77 
200 
219 
188 
164 
130 
110 
17 
28 
43 
58 
58 
123 
147 
156 
20 
20 
21 
0 
31 
29 
43 
48 
61 
65 
61 
56 
75 
93 
86 
87 
119 
119 
110 
99 
88 
27 
16 
2 
5 
15 
34 
20 
30 
16 
18 
4 
17 
15 
28 
17 
6 
4 
40 
20 
24 
4 
8 
21 
34 
62 
67 
79 
67 
79 
82 
68 
78 
80 
96 
176 
143 
109 
106 
86 
89 
91 
77 
13 
57 
105 
201 
296 
398 
242 
36 
42 
97 
145 
160 
158 
204 
170 
95 
28 
126 
210 
75 
49 
15 
13 
36 
46 
15 
1 
26 
43 
43 
27 
43 
42 
49 
32 
30 
44 
33 
9 
4 
0 
2 
14 
34 
21 
25 
68 
80 
82 
85 
94 
95 
96 
79 
62 
60 
65 
54 
74 
92 
55 
57 
50 
59 
44 
44 
45 
60 
60 
36 
19 
3 
13 
22 
71 
40 
72 
71 
55 
54 
36 
83 
134 
88 
90 
76 
54 
40 
74 
76 
70 
55 
40 
40 
56 
55 
70 
68 
2 
23 
4 
25 
1 
2 
49 
45 
32 
28 
7 
26 
45 
39 
57 
51 
67 
67 
50 
41 
39 
20 
40 
58 
103 
91 
48 
28 
16 
3 
7 
11 
24 
4 
8 
10 
6 
10 
22 
17 
28 
7 
4 
9 
1 
29 
7 
58 
109 
87 
73 
59 
76 
61 
29 
29 
2 
34 
98 
89 
57 
40 
39 
45 
4 
51 
105 
231 
180 
95 
14 
117 
174 
143 
111 
80 
48 
1 
14 
30 
53 
69 
52 
28 
27 
26 
33 
32 
15 
14 
2 
4 
21 
14 
16 
49 
35 
36 
14 
31 
16 
17 
10 
5 
12 
4 
21 
21 
30 
30 
46 
31 
14 
14 
21 
12 
27 
10 
17 
47 
49 
65 
81 
65 
64 
62 
76 
46 
73 
69 
89 
116 
95 
81 
35 
69 
78 
126 
109 
59 
1 
32 
67 
142 
192 
193 
161 
32 
17 
28 
85 
176 
147 
133 
78 
31 
0 
1 
37 
28 
43 
65 
128 
253 
218 
157 
7 
119 
230 
229 
179 
143 
83 
31 
6 
75 
64 
13 
5 
32 
19 
30 
41 
20 
0 
17 
35 
68 
68 
52 
44 
27 
5 
1 
15 
0 
0 
15 
30 
30 
46 
62 
46 
14 
37 
37 
4 
28 
20 
46 
47 
31 
0 
16 
15 
31 
47 
63 
63 
31 
17 
81 
10 
5 
5 
5 
21 
37 
37 
5 
21 
43 
35 
59 
43 
43 
42 
10 
17 
1 
31 
15 
32 
48 
15 
31 
95 
95 
63 
46 
12 
68 
94 
191 
96 
80 
161 
138 
106 
91 
90 
58 
17 
96 
113 
35 
4 
37 
79 
96 
16 
16 
17 
42 
83 
68 
53 
37 
10 
5 
85 
108 
75 
5 
46 
48 
5 
19 
20 
37 
65 
112 
47 
66 
132 
69 
10 
42 
26 
26 
106 
106 
26 
17 
17 
0 
0 
81 
42 
12 
59 
75 
74 
32 
16 
50 
132 
37 
58 
81 
97 
48 
47 
62 
13 
68 
78 
95 
64 
65 
46 
17 
1 
0 
0 
17 
51 
117 
159 
160 
49 
47 
175 
191 
174 
92 
42 
0 
51 
46 
0 
60 
74 
57 
149 
168 
148 
94 
32 
5 
51 
36 
37 
17 
1 
46 
62 
46 
14 
49 
154 
241 
145 
79 
2 
21 
32 
115 
127 
115 
78 
49 
51 
62 
31 
17 
26 
43 
91 
91 
74 
97 
63 
50 
165 
240 
177 
193 
129 
79 
60 
7 
196 
265 
206 
146 
85 
79 
49 
5 
12 
75 
139 
74 
33 
15 
64 
65 
97 
90 
58 
5 
27 
59 
107 
74 
14 
64 
129 
26 
4 
91 
171 
219 
129 
105 
212 
176 
114 
69 
63 
32 
26 
3 
11 
5 
1 
16 
0 
0 
1 
5 
21 
12 
4 
37 
30 
14 
15 
31 
31 
15 
15 
0 
16 
32 
17 
14 
5 
35 
36 
36 
28 
27 
43 
74 
74 
5 
30 
0 
111 
46 
18 
116 
206 
16 
128 
80 
15 
47 
16 
96 
17 
30 
33 
49 
65 
97 
96 
111 
93 
58 
96 
195 
190 
176 
145 
48 
15 
30 
60 
53 
137 
164 
158 
129 
106 
43 
27 
43 
27 
10 
30 
79 
97 
10 
11 
12 
91 
75 
21 
117 
62 
1 
74 
90 
26 
21 
1 
49 
42 
26 
26 
43 
11 
4 
11 
27 
27 
43 
26 
5 
78 
31 
0 
15 
47 
63 
62 
46 
53 
44 
4 
69 
62 
47 
95 
79 
15 
65 
99 
52 
36 
5 
1 
47 
64 
16 
14 
17 
33 
17 
1 
15 
0 
0 
1 
1 
33 
58 
74 
106 
42 
14 
15 
0 
1 
26 
20 
92 
75 
74 
64 
33 
67 
126 
127 
32 
0 
63 
96 
128 
112 
80 
16 
1 
69 
44 
53 
191 
160 
129 
1 
63 
80 
65 
58 
59 
12 
27 
5 
46 
47 
47 
16 
15 
15 
31 
15 
15 
17 
26 
26 
27 
43 
35 
20 
20 
4 
11 
4 
20 
20 
4 
4 
20 
20 
20 
3 
59 
75 
59 
58 
30 
175 
128 
33 
30 
62 
78 
62 
79 
63 
15 
32 
17 
14 
49 
14 
62 
110 
78 
77 
11 
30 
112 
289 
234 
49 
128 
129 
35 
20 
62 
95 
112 
81 
17 
37 
37 
21 
27 
43 
43 
43 
11 
21 
46 
110 
16 
80 
80 
96 
80 
48 
47 
49 
74 
59 
43 
11 
20 
21 
37 
53 
85 
21 
5 
12 
11 
10 
17 
14 
15 
0 
17 
17 
10 
58 
106 
53 
46 
31 
112 
81 
42 
5 
17 
17 
17 
32 
31 
15 
1 
14 
21 
5 
11 
19 
36 
5 
5 
10 
10 
10 
26 
59 
43 
4 
43 
59 
75 
75 
26 
17 
0 
49 
83 
165 
101 
10 
5 
19 
101 
110 
127 
63 
32 
64 
16 
47 
31 
16 
32 
31 
31 
14 
10 
19 
36 
4 
21 
69 
62 
78 
46 
14 
1 
1 
17 
81 
65 
14 
31 
31 
16 
0 
31 
0 
32 
32 
16 
1 
1 
33 
42 
42 
58 
42 
5 
53 
62 
14 
33 
42 
42 
26 
4 
35 
36 
11 
27 
26 
5 
46 
62 
62 
1 
1 
49 
122 
74 
17 
111 
96 
49 
42 
26 
4 
12 
36 
37 
69 
53 
5 
83 
20 
43 
42 
58 
46 
95 
47 
32 
80 
32 
14 
14 
42 
74 
58 
42 
5 
10 
10 
33 
1 
1 
15 
0 
16 
32 
0 
0 
0 
15 
31 
31 
15 
30 
1 
58 
42 
10 
5 
53 
53 
37 
53 
28 
43 
43 
26 
33 
0 
15 
17 
51 
68 
53 
5 
49 
17 
16 
0 
16 
15 
15 
15 
47 
80 
80 
80 
79 
94 
45 
11 
31 
57 
132 
94 
96 
65 
74 
17 
79 
96 
113 
33 
5 
27 
19 
11 
20 
5 
37 
36 
12 
20 
11 
58 
74 
26 
5 
5 
65 
81 
64 
15 
50 
100 
69 
46 
15 
32 
47 
47 
63 
47 
14 
30 
21 
10 
19 
11 
26 
10 
17 
0 
0 
14 
10 
5 
19 
11 
43 
26 
42 
49 
32 
30 
37 
28 
21 
63 
48 
10 
21 
12 
27 
27 
58 
17 
16 
0 
0 
1 
10 
10 
36 
60 
27 
1 
0 
33 
18 
27 
26 
49 
48 
0 
81 
106 
10 
21 
69 
21 
10 
21 
21 
21 
4 
20 
28 
59 
59 
33 
64 
15 
10 
51 
69 
17 
48 
15 
33 
74 
11 
68 
60 
43 
27 
58 
81 
80 
62 
35 
190 
144 
17 
46 
101 
101 
108 
58 
1 
32 
74 
35 
4 
10 
30 
79 
16 
47 
63 
63 
31 
31 
46 
46 
5 
20 
28 
27 
5 
14 
47 
49 
49 
21 
20 
20 
28 
43 
43 
43 
26 
10 
17 
1 
1 
0 
0 
15 
30 
37 
12 
11 
21 
14 
15 
0 
15 
30 
46 
53 
76 
59 
1 
48 
145 
75 
28 
43 
27 
5 
58 
106 
90 
30 
95 
111 
95 
15 
49 
90 
83 
68 
68 
68 
36 
3 
52 
37 
5 
26 
33 
16 
16 
15 
17 
58 
42 
27 
11 
36 
52 
68 
68 
44 
11 
4 
5 
14 
1 
15 
0 
32 
31 
47 
33 
49 
21 
21 
21 
20 
28 
4 
10 
1 
17 
17 
16 
32 
15 
15 
46 
85 
12 
20 
21 
0 
31 
14 
5 
12 
43 
26 
16 
0 
74 
67 
68 
85 
30 
49 
58 
90 
75 
91 
107 
91 
43 
10 
48 
0 
29 
10 
175 
242 
100 
36 
59 
27 
12 
11 
42 
78 
144 
106 
83 
36 
11 
26 
21 
37 
53 
20 
12 
11 
5 
14 
15 
15 
14 
10 
35 
4 
4 
5 
26 
26 
33 
17 
0 
15 
15 
16 
32 
32 
31 
15 
14 
14 
1 
26 
26 
10 
1 
1 
0 
0 
1 
2 
11 
10 
15 
16 
34 
20 
37 
31 
48 
33 
37 
28 
43 
42 
49 
64 
54 
75 
80 
76 
56 
42 
28 
50 
73 
25 
24 
72 
71 
6 
4 
2 
24 
46 
67 
23 
4 
7 
10 
38 
1 
19 
56 
20 
41 
62 
50 
1 
12 
47 
83 
63 
50 
1 
15 
44 
129 
109 
33 
34 
79 
83 
63 
19 
31 
34 
21 
32 
35 
14 
6 
43 
14 
57 
36 
0 
45 
10 
16 
51 
78 
81 
19 
42 
32 
9 
4 
30 
33 
3 
14 
16 
19 
37 
47 
33 
18 
36 
37 
26 
97 
64 
38 
4 
62 
121 
84 
78 
80 
42 
4 
60 
59 
10 
15 
64 
49 
42 
28 
123 
74 
15 
97 
67 
53 
30 
32 
49 
26 
4 
76 
59 
26 
15 
80 
74 
67 
20 
21 
1 
16 
47 
30 
2 
27 
10 
0 
17 
51 
69 
62 
31 
48 
49 
10 
5 
28 
11 
10 
1 
15 
16 
17 
10 
3 
36 
53 
1 
1 
32 
0 
0 
16 
1 
5 
28 
11 
14 
80 
97 
51 
20 
53 
14 
17 
65 
65 
64 
47 
14 
35 
84 
110 
79 
32 
31 
62 
5 
12 
52 
69 
14 
0 
16 
17 
42 
27 
3 
11 
11 
10 
21 
14 
62 
62 
30 
17 
65 
17 
1 
14 
46 
31 
15 
15 
32 
15 
15 
31 
16 
32 
80 
96 
47 
1 
53 
3 
68 
126 
207 
159 
94 
19 
101 
160 
130 
116 
78 
79 
16 
15 
63 
31 
0 
33 
48 
64 
0 
0 
31 
31 
1 
1 
42 
74 
42 
37 
53 
46 
37 
21 
4 
3 
11 
11 
11 
11 
3 
11 
27 
11 
20 
20 
20 
20 
3 
27 
27 
11 
26 
26 
17 
17 
0 
0 
15 
14 
62 
53 
28 
11 
14 
0 
33 
90 
83 
84 
19 
68 
84 
85 
30 
14 
15 
32 
33 
33 
33 
1 
95 
63 
0 
15 
0 
16 
31 
47 
47 
31 
31 
30 
30 
14 
1 
21 
53 
101 
92 
26 
95 
177 
74 
27 
20 
21 
53 
69 
94 
117 
85 
28 
68 
142 
15 
31 
47 
62 
53 
28 
11 
5 
1 
16 
17 
10 
27 
19 
36 
20 
20 
28 
27 
10 
17 
15 
14 
28 
17 
15 
28 
17 
9 
5 
25 
21 
25 
5 
25 
5 
2 
1 
2 
0 
3 
15 
3 
15 
19 
31 
13 
5 
16 
3 
14 
9 
4 
15 
3 
1 
13 
10 
6 
26 
45 
40 
27 
29 
23 
8 
2 
11 
3 
2 
50 
57 
56 
55 
45 
36 
18 
40 
53 
34 
39 
20 
40 
20 
31 
35 
30 
57 
36 
30 
33 
19 
90 
80 
61 
42 
22 
10 
13 
1 
83 
88 
69 
50 
46 
50 
30 
57 
4 
15 
25 
4 
1 
16 
34 
20 
30 
32 
33 
19 
20 
14 
15 
32 
113 
106 
91 
75 
58 
65 
48 
30 
3 
1 
17 
19 
30 
57 
52 
46 
80 
81 
74 
74 
58 
49 
31 
28 
17 
2 
14 
51 
56 
37 
9 
1 
12 
7 
11 
23 
26 
2 
39 
68 
73 
37 
34 
30 
34 
21 
6 
11 
15 
44 
33 
13 
30 
89 
85 
64 
35 
21 
32 
18 
11 
17 
31 
12 
37 
48 
66 
20 
1 
0 
5 
3 
58 
65 
1 
19 
46 
89 
52 
30 
16 
3 
10 
15 
9 
11 
14 
48 
66 
36 
21 
1 
15 
15 
62 
12 
11 
5 
16 
1 
19 
69 
63 
66 
4 
14 
32 
33 
35 
11 
26 
49 
16 
33 
13 
59 
17 
64 
83 
85 
95 
64 
17 
37 
3 
4 
5 
17 
0 
32 
65 
49 
26 
10 
11 
12 
27 
42 
49 
48 
30 
60 
90 
40 
36 
47 
51 
46 
89 
68 
63 
17 
3 
10 
33 
64 
62 
124 
106 
55 
52 
136 
116 
96 
51 
31 
18 
5 
0 
13 
5 
15 
34 
20 
30 
16 
13 
11 
31 
33 
67 
101 
62 
16 
47 
62 
133 
108 
42 
31 
34 
117 
145 
99 
78 
33 
28 
42 
47 
29 
37 
95 
58 
35 
37 
14 
16 
17 
21 
28 
43 
10 
14 
32 
10 
19 
21 
31 
49 
26 
3 
4 
5 
1 
15 
32 
17 
10 
19 
20 
21 
1 
0 
16 
5 
12 
27 
26 
1 
46 
31 
48 
80 
113 
58 
58 
42 
5 
94 
126 
94 
85 
35 
68 
53 
14 
32 
63 
17 
3 
62 
80 
66 
36 
5 
0 
49 
26 
44 
59 
58 
17 
48 
58 
51 
20 
1 
31 
32 
32 
33 
10 
21 
4 
19 
68 
53 
37 
21 
53 
5 
43 
59 
43 
11 
11 
10 
5 
30 
63 
0 
17 
10 
21 
19 
4 
5 
30 
30 
47 
32 
17 
10 
5 
11 
3 
4 
4 
21 
21 
5 
5 
10 
5 
5 
14 
30 
30 
31 
31 
15 
15 
15 
17 
65 
49 
1 
14 
78 
79 
31 
1 
14 
30 
46 
30 
5 
3 
27 
10 
1 
15 
0 
14 
49 
58 
138 
90 
53 
127 
160 
144 
80 
0 
112 
113 
113 
129 
48 
0 
19 
133 
143 
144 
97 
10 
100 
60 
11 
5 
37 
30 
47 
79 
79 
15 
97 
129 
26 
14 
46 
15 
16 
16 
33 
10 
3 
4 
5 
14 
15 
0 
17 
33 
49 
26 
26 
42 
33 
14 
62 
63 
95 
30 
10 
35 
37 
15 
33 
50 
68 
62 
47 
16 
0 
31 
0 
33 
33 
26 
21 
5 
27 
59 
35 
27 
75 
59 
116 
101 
85 
28 
4 
37 
37 
30 
14 
14 
26 
26 
26 
11 
36 
19 
20 
36 
37 
37 
21 
21 
5 
26 
5 
4 
4 
11 
27 
5 
21 
37 
21 
21 
5 
21 
20 
36 
44 
59 
58 
33 
0 
65 
194 
132 
44 
36 
101 
133 
78 
46 
14 
17 
5 
37 
37 
35 
36 
36 
5 
42 
58 
81 
65 
31 
17 
42 
19 
59 
90 
64 
15 
2 
37 
47 
113 
106 
5 
21 
69 
21 
37 
69 
69 
69 
3 
52 
149 
14 
49 
97 
81 
33 
0 
16 
17 
1 
10 
4 
28 
27 
26 
49 
33 
48 
47 
5 
12 
10 
14 
64 
74 
75 
35 
27 
43 
59 
59 
75 
75 
42 
42 
49 
33 
16 
1 
2 
11 
21 
127 
128 
49 
14 
79 
111 
79 
14 
17 
5 
21 
20 
12 
11 
4 
26 
10 
21 
1 
17 
65 
96 
63 
18 
52 
5 
79 
80 
0 
14 
62 
62 
62 
53 
21 
3 
36 
4 
27 
42 
42 
17 
0 
32 
17 
1 
10 
4 
12 
27 
43 
42 
33 
32 
15 
1 
10 
28 
58 
97 
48 
1 
51 
117 
47 
0 
1 
5 
43 
4 
36 
52 
52 
68 
44 
11 
37 
21 
33 
33 
0 
15 
1 
26 
28 
59 
33 
0 
0 
1 
28 
27 
1 
15 
32 
14 
53 
36 
28 
4 
5 
17 
16 
17 
26 
11 
19 
27 
42 
26 
17 
17 
16 
16 
0 
0 
1 
14 
37 
53 
28 
4 
37 
14 
31 
0 
31 
31 
30 
14 
30 
21 
5 
4 
19 
4 
11 
11 
10 
10 
33 
32 
0 
16 
1 
14 
21 
21 
36 
28 
43 
26 
33 
16 
33 
26 
3 
27 
26 
1 
15 
15 
16 
30 
46 
30 
21 
20 
28 
11 
5 
17 
49 
48 
47 
1 
3 
11 
5 
31 
32 
26 
3 
4 
37 
46 
1 
49 
1 
78 
26 
43 
51 
84 
68 
20 
44 
43 
4 
21 
17 
32 
16 
15 
14 
53 
60 
10 
46 
48 
42 
35 
43 
26 
17 
48 
63 
30 
13 
11 
37 
111 
112 
17 
1 
17 
30 
63 
96 
80 
33 
49 
49 
17 
17 
16 
15 
30 
3 
20 
1 
16 
30 
37 
28 
26 
17 
32 
14 
2 
11 
10 
0 
0 
1 
3 
4 
21 
31 
48 
64 
65 
48 
16 
0 
1 
3 
11 
17 
14 
28 
17 
9 
11 
8 
11 
8 
11 
8 
5 
25 
1 
2 
1 
3 
7 
4 
8 
5 
9 
1 
12 
7 
4 
25 
30 
34 
47 
35 
47 
50 
53 
56 
20 
15 
2 
5 
0 
12 
17 
6 
11 
0 
12 
0 
12 
16 
19 
31 
19 
39 
20 
24 
20 
24 
36 
31 
35 
30 
41 
20 
31 
33 
35 
37 
31 
32 
33 
27 
19 
20 
37 
37 
37 
28 
43 
42 
49 
47 
13 
11 
0 
17 
3 
53 
62 
80 
64 
48 
32 
32 
97 
115 
52 
5 
17 
16 
0 
5 
28 
42 
1 
32 
42 
35 
36 
37 
30 
47 
15 
15 
0 
15 
14 
14 
14 
14 
37 
21 
37 
28 
27 
10 
33 
32 
46 
18 
52 
78 
16 
30 
37 
21 
28 
27 
10 
49 
80 
48 
30 
61 
27 
30 
32 
18 
36 
46 
80 
177 
122 
21 
158 
206 
175 
110 
69 
12 
69 
94 
144 
65 
17 
46 
62 
53 
53 
11 
51 
11 
59 
75 
59 
42 
1 
15 
33 
42 
26 
27 
12 
27 
43 
43 
27 
11 
26 
10 
1 
16 
16 
31 
14 
14 
21 
12 
11 
10 
14 
31 
31 
46 
53 
28 
4 
14 
0 
16 
1 
53 
44 
11 
10 
17 
15 
16 
17 
5 
5 
11 
3 
11 
27 
26 
58 
10 
10 
17 
33 
0 
31 
30 
53 
3 
53 
46 
16 
14 
21 
28 
43 
58 
49 
48 
0 
49 
10 
19 
36 
21 
10 
65 
81 
81 
64 
63 
2 
84 
126 
159 
79 
15 
48 
81 
58 
42 
59 
83 
52 
68 
28 
59 
58 
30 
128 
49 
10 
5 
5 
4 
20 
44 
59 
43 
26 
17 
0 
15 
16 
17 
21 
21 
20 
12 
4 
26 
26 
17 
17 
16 
15 
14 
21 
5 
3 
4 
10 
33 
17 
16 
15 
15 
17 
1 
14 
21 
21 
28 
11 
10 
17 
32 
0 
17 
10 
10 
4 
20 
20 
20 
3 
11 
27 
42 
26 
17 
16 
15 
0 
14 
21 
12 
4 
5 
5 
1 
16 
15 
0 
1 
5 
21 
5 
4 
3 
11 
11 
11 
10 
10 
10 
10 
26 
33 
33 
16 
15 
0 
14 
14 
21 
21 
3 
27 
10 
10 
17 
16 
0 
17 
17 
14 
14 
1 
21 
21 
4 
4 
3 
4 
4 
20 
36 
3 
11 
27 
10 
1 
16 
79 
45 
100 
78 
80 
58 
35 
20 
37 
46 
31 
31 
16 
16 
32 
16 
31 
46 
37 
19 
68 
78 
79 
31 
63 
15 
1 
66 
100 
110 
47 
48 
49 
33 
17 
5 
5 
1 
17 
1 
1 
16 
16 
0 
15 
0 
15 
31 
31 
31 
14 
10 
42 
11 
20 
28 
43 
27 
27 
11 
26 
26 
10 
17 
1 
31 
32 
32 
14 
30 
14 
14 
30 
14 
14 
0 
15 
15 
0 
0 
0 
15 
15 
15 
30 
30 
21 
28 
26 
47 
49 
35 
37 
15 
17 
3 
5 
0 
17 
18 
20 
5 
15 
0 
10 
3 
21 
14 
0 
16 
1 
19 
4 
21 
15 
16 
26 
35 
20 
5 
14 
15 
32 
26 
26 
19 
4 
5 
5 
1 
14 
15 
16 
16 
16 
33 
26 
26 
27 
3 
4 
4 
5 
5 
1 
1 
0 
16 
16 
17 
10 
10 
35 
20 
20 
20 
37 
37 
5 
21 
21 
11 
11 
19 
12 
4 
20 
52 
36 
4 
20 
4 
19 
4 
19 
52 
36 
36 
12 
4 
52 
20 
3 
20 
4 
4 
20 
21 
37 
21 
1 
14 
62 
46 
46 
21 
5 
12 
116 
165 
133 
28 
20 
30 
16 
82 
100 
78 
48 
50 
20 
37 
30 
15 
0 
17 
1 
17 
1 
17 
17 
17 
16 
16 
32 
15 
15 
14 
14 
37 
12 
43 
26 
14 
31 
48 
32 
14 
14 
37 
37 
37 
21 
20 
20 
12 
11 
11 
10 
1 
1 
0 
16 
15 
0 
1 
21 
21 
12 
11 
4 
10 
10 
17 
16 
32 
15 
1 
21 
28 
20 
10 
33 
32 
16 
0 
16 
1 
1 
1 
10 
10 
11 
36 
28 
27 
27 
10 
33 
32 
15 
14 
21 
12 
5 
26 
17 
0 
31 
30 
21 
12 
27 
33 
16 
17 
26 
3 
5 
17 
16 
15 
14 
21 
12 
4 
21 
1 
0 
0 
14 
37 
37 
44 
43 
10 
30 
32 
16 
1 
14 
5 
37 
52 
44 
11 
5 
14 
0 
15 
17 
5 
12 
43 
43 
26 
1 
0 
17 
21 
28 
43 
42 
17 
0 
1 
5 
12 
53 
30 
16 
48 
0 
17 
26 
43 
4 
28 
75 
75 
59 
42 
33 
17 
16 
16 
33 
5 
28 
11 
21 
15 
0 
15 
17 
26 
26 
36 
52 
44 
27 
11 
10 
10 
17 
17 
17 
32 
31 
14 
5 
12 
11 
10 
17 
15 
14 
3 
20 
5 
17 
16 
31 
53 
60 
43 
33 
0 
34 
117 
78 
0 
15 
14 
14 
30 
78 
69 
53 
12 
36 
21 
30 
17 
32 
31 
17 
26 
10 
20 
28 
27 
11 
27 
26 
33 
17 
0 
0 
0 
1 
5 
36 
28 
27 
26 
17 
16 
30 
5 
3 
5 
17 
15 
33 
58 
5 
20 
52 
60 
59 
75 
58 
32 
0 
49 
83 
116 
100 
53 
28 
27 
5 
62 
96 
90 
83 
52 
37 
14 
14 
0 
32 
16 
15 
31 
31 
31 
15 
16 
1 
1 
21 
10 
10 
5 
5 
4 
36 
53 
36 
36 
28 
27 
27 
74 
64 
47 
13 
11 
31 
81 
99 
133 
94 
46 
33 
74 
99 
84 
85 
69 
46 
37 
5 
11 
3 
4 
5 
5 
17 
32 
32 
15 
21 
44 
42 
16 
33 
19 
21 
15 
17 
18 
4 
26 
49 
32 
0 
0 
17 
17 
14 
30 
14 
1 
14 
14 
1 
17 
1 
1 
14 
14 
14 
1 
1 
1 
21 
21 
21 
20 
28 
11 
11 
5 
10 
33 
33 
17 
0 
15 
0 
17 
5 
21 
36 
60 
75 
65 
16 
49 
67 
68 
53 
14 
17 
0 
31 
15 
33 
58 
59 
139 
139 
107 
