18 
18 
25 
9 
8 
8 
23 
7 
6 
13 
29 
20 
19 
34 
41 
55 
54 
36 
19 
40 
22 
20 
2 
24 
9 
11 
45 
7 
5 
19 
56 
1 
3 
24 
37 
34 
39 
36 
40 
21 
2 
39 
36 
72 
37 
25 
10 
7 
4 
16 
3 
31 
18 
14 
9 
37 
56 
52 
47 
18 
10 
31 
44 
17 
45 
49 
45 
8 
11 
38 
40 
10 
3 
41 
88 
102 
100 
105 
78 
50 
14 
22 
27 
16 
13 
10 
15 
29 
10 
40 
36 
47 
34 
46 
41 
36 
47 
34 
37 
31 
1 
3 
10 
0 
0 
18 
4 
14 
15 
33 
19 
4 
1 
15 
17 
3 
4 
1 
16 
18 
5 
0 
1 
12 
10 
31 
29 
5 
0 
19 
14 
34 
21 
32 
35 
53 
47 
42 
35 
21 
30 
15 
32 
17 
17 
10 
19 
4 
5 
1 
0 
15 
16 
17 
10 
10 
19 
4 
26 
33 
32 
15 
13 
27 
33 
6 
52 
47 
50 
37 
31 
18 
20 
15 
81 
35 
36 
14 
15 
16 
17 
5 
53 
92 
91 
49 
1 
35 
46 
57 
36 
30 
33 
67 
53 
15 
32 
33 
26 
11 
19 
36 
21 
21 
5 
5 
21 
10 
5 
26 
10 
10 
26 
17 
14 
31 
47 
16 
16 
1 
10 
27 
35 
36 
37 
21 
53 
68 
140 
106 
48 
41 
148 
223 
224 
257 
176 
22 
85 
210 
206 
194 
149 
95 
65 
35 
4 
26 
26 
26 
10 
1 
14 
30 
78 
69 
60 
58 
31 
18 
37 
48 
66 
68 
30 
47 
31 
16 
32 
65 
50 
36 
37 
30 
31 
17 
26 
26 
11 
11 
11 
11 
11 
4 
20 
11 
27 
26 
26 
26 
26 
49 
32 
0 
0 
17 
42 
27 
28 
43 
91 
139 
91 
74 
49 
0 
33 
83 
85 
94 
111 
80 
16 
16 
49 
74 
83 
84 
69 
37 
5 
5 
5 
21 
21 
5 
4 
12 
11 
11 
5 
33 
32 
31 
21 
28 
27 
17 
0 
0 
5 
92 
106 
48 
18 
68 
95 
97 
83 
68 
11 
75 
91 
90 
42 
5 
49 
17 
1 
65 
80 
32 
0 
26 
19 
27 
74 
80 
30 
92 
33 
50 
133 
176 
186 
139 
59 
10 
15 
32 
67 
101 
111 
97 
99 
5 
17 
0 
0 
1 
5 
12 
27 
10 
0 
0 
33 
42 
35 
37 
37 
30 
47 
63 
160 
112 
96 
79 
45 
59 
64 
44 
39 
36 
41 
14 
3 
9 
23 
5 
35 
25 
39 
21 
3 
9 
23 
4 
25 
30 
35 
31 
35 
111 
130 
132 
142 
142 
109 
75 
49 
9 
21 
57 
37 
57 
37 
25 
11 
15 
17 
19 
4 
10 
17 
17 
17 
17 
10 
5 
19 
20 
53 
53 
46 
14 
14 
1 
1 
5 
3 
27 
26 
0 
1 
2 
11 
17 
31 
14 
28 
42 
48 
46 
60 
49 
38 
58 
38 
42 
22 
33 
45 
24 
27 
22 
41 
75 
77 
55 
57 
50 
51 
51 
51 
77 
70 
55 
56 
57 
73 
73 
57 
55 
53 
51 
63 
66 
69 
63 
63 
47 
30 
12 
14 
41 
84 
80 
19 
33 
6 
42 
31 
44 
33 
13 
10 
25 
53 
89 
68 
63 
73 
52 
46 
47 
64 
65 
49 
17 
16 
15 
21 
60 
58 
47 
45 
5 
25 
20 
31 
34 
21 
32 
93 
155 
176 
124 
112 
108 
71 
89 
66 
59 
36 
156 
124 
108 
84 
67 
50 
72 
46 
3 
8 
11 
0 
12 
0 
2 
4 
48 
46 
60 
42 
32 
13 
11 
0 
34 
36 
47 
57 
36 
30 
32 
49 
90 
75 
59 
59 
49 
32 
18 
101 
111 
114 
68 
30 
16 
1 
21 
60 
59 
33 
0 
14 
2 
20 
14 
32 
34 
52 
47 
65 
51 
69 
126 
127 
63 
1 
26 
35 
37 
96 
142 
156 
120 
11 
137 
238 
243 
197 
127 
47 
1 
67 
101 
111 
130 
100 
110 
63 
16 
14 
17 
113 
80 
15 
10 
35 
53 
63 
33 
13 
59 
10 
47 
81 
74 
21 
68 
92 
123 
267 
250 
15 
35 
33 
29 
79 
211 
239 
179 
101 
30 
33 
42 
19 
20 
21 
79 
145 
51 
5 
1 
0 
1 
3 
27 
46 
63 
144 
33 
30 
47 
32 
17 
1 
69 
101 
172 
187 
129 
109 
30 
130 
175 
130 
101 
80 
65 
10 
68 
52 
52 
20 
27 
42 
26 
1 
80 
113 
42 
5 
20 
20 
20 
4 
35 
20 
36 
36 
52 
21 
37 
21 
53 
85 
108 
203 
177 
18 
167 
180 
168 
100 
95 
65 
26 
3 
51 
52 
68 
37 
117 
142 
46 
94 
117 
28 
53 
79 
96 
74 
19 
59 
42 
49 
47 
30 
21 
28 
10 
16 
14 
28 
42 
47 
45 
33 
22 
26 
22 
42 
41 
14 
3 
8 
4 
9 
5 
9 
10 
6 
11 
15 
2 
21 
15 
17 
3 
10 
17 
0 
1 
10 
163 
132 
92 
59 
49 
23 
43 
24 
116 
120 
84 
95 
67 
69 
48 
42 
3 
20 
37 
53 
53 
53 
60 
59 
33 
31 
28 
26 
31 
28 
33 
45 
10 
9 
10 
9 
26 
23 
43 
39 
42 
38 
26 
29 
0 
3 
24 
4 
41 
21 
25 
21 
24 
84 
79 
65 
51 
37 
46 
30 
30 
14 
50 
36 
37 
31 
17 
12 
52 
94 
143 
176 
272 
310 
235 
141 
6 
114 
210 
307 
355 
345 
293 
191 
80 
9 
52 
104 
116 
89 
118 
196 
185 
149 
89 
20 
16 
46 
60 
26 
32 
1 
5 
3 
20 
37 
21 
21 
12 
43 
58 
49 
31 
44 
42 
32 
13 
10 
16 
13 
27 
16 
30 
28 
10 
15 
1 
2 
27 
26 
32 
16 
10 
12 
26 
65 
31 
45 
59 
48 
13 
26 
8 
20 
16 
19 
64 
60 
64 
60 
56 
43 
38 
73 
4 
18 
55 
53 
51 
120 
133 
153 
84 
14 
15 
0 
15 
32 
32 
49 
74 
51 
36 
37 
53 
1 
1 
17 
30 
62 
110 
61 
36 
94 
112 
90 
35 
4 
26 
90 
106 
65 
144 
176 
158 
44 
94 
178 
164 
95 
64 
1 
37 
53 
44 
43 
11 
10 
21 
26 
42 
26 
33 
17 
33 
32 
15 
1 
10 
19 
4 
10 
17 
16 
31 
14 
5 
12 
27 
58 
16 
17 
3 
26 
1 
32 
74 
51 
75 
154 
186 
16 
97 
66 
11 
10 
17 
48 
65 
42 
67 
36 
20 
28 
20 
37 
78 
126 
143 
127 
62 
13 
27 
14 
16 
51 
94 
96 
19 
42 
1 
0 
14 
37 
52 
60 
75 
75 
42 
49 
15 
34 
68 
110 
96 
58 
42 
4 
36 
52 
52 
84 
92 
123 
107 
193 
159 
12 
152 
228 
240 
147 
101 
30 
48 
65 
97 
177 
193 
113 
15 
81 
122 
99 
52 
3 
20 
52 
53 
37 
21 
21 
44 
59 
42 
16 
0 
10 
19 
21 
15 
0 
69 
76 
42 
15 
18 
27 
17 
0 
34 
20 
21 
1 
16 
0 
95 
127 
110 
44 
46 
80 
67 
53 
31 
49 
51 
4 
85 
37 
74 
131 
52 
43 
59 
21 
78 
63 
64 
96 
32 
0 
30 
58 
83 
68 
4 
43 
26 
42 
129 
128 
225 
171 
155 
155 
129 
103 
107 
86 
167 
149 
131 
82 
72 
62 
35 
9 
17 
12 
8 
5 
2 
14 
2 
1 
9 
20 
32 
29 
5 
16 
19 
30 
33 
3 
14 
32 
3 
10 
16 
35 
46 
57 
84 
62 
32 
50 
52 
53 
1 
64 
47 
14 
10 
35 
52 
5 
1 
64 
127 
109 
58 
176 
227 
165 
15 
79 
111 
109 
59 
17 
6 
5 
24 
36 
72 
100 
95 
66 
10 
48 
29 
11 
14 
49 
19 
53 
95 
113 
74 
10 
37 
94 
46 
5 
3 
20 
26 
30 
80 
97 
58 
3 
43 
26 
46 
46 
0 
16 
0 
15 
31 
14 
10 
3 
5 
14 
64 
97 
90 
75 
43 
27 
74 
49 
16 
81 
195 
148 
3 
4 
90 
129 
15 
147 
174 
112 
60 
42 
31 
13 
26 
55 
27 
47 
67 
47 
34 
46 
17 
3 
30 
96 
122 
107 
27 
36 
68 
53 
53 
37 
20 
12 
5 
14 
0 
33 
35 
52 
30 
32 
10 
3 
20 
21 
30 
31 
16 
17 
5 
5 
19 
20 
20 
5 
10 
33 
1 
63 
32 
49 
81 
65 
113 
81 
15 
48 
14 
77 
59 
30 
48 
34 
37 
95 
128 
113 
58 
17 
0 
6 
11 
63 
19 
1 
50 
95 
82 
30 
14 
28 
1 
48 
58 
51 
36 
21 
5 
10 
42 
5 
21 
30 
46 
30 
37 
5 
5 
4 
20 
36 
44 
27 
10 
26 
17 
0 
32 
31 
30 
5 
35 
52 
37 
5 
10 
5 
26 
74 
58 
42 
10 
30 
46 
46 
53 
28 
20 
53 
62 
31 
48 
81 
113 
113 
80 
15 
98 
116 
78 
30 
0 
112 
143 
95 
2 
132 
197 
174 
78 
51 
101 
127 
161 
122 
27 
28 
43 
27 
26 
14 
30 
14 
1 
33 
33 
48 
15 
14 
51 
84 
101 
69 
30 
33 
33 
16 
16 
48 
128 
160 
111 
13 
52 
142 
160 
106 
59 
43 
36 
117 
142 
126 
46 
10 
90 
75 
11 
5 
10 
17 
17 
16 
16 
74 
35 
4 
10 
15 
15 
14 
42 
83 
68 
4 
58 
42 
10 
14 
47 
63 
48 
112 
80 
47 
14 
3 
219 
160 
50 
206 
274 
213 
94 
14 
26 
35 
53 
63 
81 
35 
42 
48 
2 
37 
64 
147 
181 
126 
94 
61 
27 
30 
89 
116 
143 
129 
106 
11 
21 
85 
126 
142 
110 
5 
51 
68 
116 
84 
3 
36 
69 
46 
31 
16 
16 
33 
42 
59 
43 
11 
43 
42 
65 
32 
16 
58 
67 
68 
5 
10 
5 
37 
19 
84 
133 
69 
37 
28 
43 
5 
62 
143 
80 
16 
63 
144 
176 
128 
65 
82 
52 
53 
78 
127 
127 
46 
51 
101 
127 
113 
83 
101 
62 
30 
15 
31 
31 
17 
50 
36 
37 
32 
47 
29 
4 
30 
16 
10 
35 
4 
75 
106 
97 
96 
62 
44 
10 
31 
97 
115 
21 
33 
64 
31 
97 
65 
30 
47 
0 
0 
1 
17 
42 
59 
35 
28 
4 
11 
11 
5 
5 
17 
17 
10 
74 
138 
113 
48 
17 
19 
53 
78 
112 
65 
49 
1 
30 
15 
63 
96 
96 
48 
31 
47 
1 
81 
81 
33 
31 
63 
80 
64 
15 
17 
42 
59 
83 
116 
76 
20 
11 
90 
97 
31 
82 
20 
14 
0 
1 
12 
5 
1 
48 
97 
81 
17 
47 
64 
80 
113 
129 
48 
31 
14 
2 
4 
37 
30 
32 
97 
58 
42 
33 
49 
48 
46 
44 
65 
38 
26 
38 
33 
28 
38 
8 
141 
116 
105 
95 
83 
79 
51 
53 
15 
1 
12 
27 
10 
16 
63 
45 
59 
65 
38 
58 
54 
57 
4 
19 
25 
56 
71 
70 
61 
52 
82 
72 
38 
36 
25 
1 
12 
7 
27 
7 
11 
8 
4 
25 
10 
25 
69 
105 
68 
47 
50 
21 
48 
110 
44 
15 
34 
37 
16 
28 
14 
66 
85 
80 
35 
53 
0 
18 
52 
14 
31 
61 
75 
16 
9 
4 
0 
2 
37 
24 
36 
79 
82 
69 
16 
13 
10 
15 
18 
68 
101 
62 
32 
64 
15 
15 
1 
10 
12 
11 
49 
80 
13 
10 
16 
51 
46 
73 
52 
95 
66 
4 
1 
32 
26 
19 
11 
21 
46 
126 
79 
78 
14 
67 
116 
53 
65 
48 
32 
177 
241 
176 
61 
94 
146 
110 
98 
126 
97 
83 
62 
47 
15 
14 
5 
4 
12 
43 
75 
42 
49 
47 
29 
27 
31 
73 
68 
78 
128 
138 
99 
60 
27 
36 
101 
142 
110 
14 
19 
36 
78 
79 
64 
33 
5 
44 
11 
37 
46 
63 
48 
32 
1 
30 
85 
53 
44 
27 
30 
63 
80 
81 
42 
43 
43 
75 
75 
74 
17 
47 
80 
58 
27 
3 
11 
11 
26 
21 
30 
49 
49 
0 
47 
79 
94 
45 
52 
175 
257 
218 
74 
78 
160 
129 
129 
97 
80 
1 
35 
69 
79 
49 
35 
69 
143 
160 
97 
65 
31 
81 
42 
35 
53 
110 
94 
47 
15 
65 
74 
83 
69 
30 
31 
48 
65 
74 
42 
10 
1 
15 
31 
16 
1 
37 
60 
59 
10 
30 
64 
80 
64 
16 
47 
80 
161 
225 
113 
15 
35 
37 
48 
51 
53 
95 
80 
49 
26 
10 
14 
47 
176 
176 
64 
31 
80 
96 
64 
32 
15 
0 
33 
58 
59 
107 
75 
43 
27 
37 
62 
46 
46 
14 
26 
59 
123 
107 
43 
4 
37 
1 
0 
15 
46 
117 
92 
75 
49 
15 
2 
5 
15 
49 
67 
69 
47 
48 
49 
49 
65 
80 
65 
66 
68 
69 
46 
47 
32 
16 
62 
62 
69 
44 
43 
37 
63 
97 
83 
37 
14 
63 
64 
65 
97 
58 
33 
17 
0 
16 
17 
26 
27 
19 
20 
5 
17 
17 
16 
0 
0 
0 
0 
15 
0 
14 
21 
12 
11 
53 
95 
97 
58 
42 
42 
75 
58 
10 
14 
64 
49 
10 
44 
27 
10 
0 
32 
1 
37 
92 
91 
65 
0 
18 
36 
30 
15 
49 
5 
20 
28 
20 
85 
53 
10 
35 
52 
52 
69 
101 
181 
156 
42 
47 
105 
68 
46 
32 
50 
4 
33 
16 
66 
36 
5 
97 
192 
143 
29 
36 
95 
64 
49 
42 
26 
10 
53 
53 
36 
4 
35 
68 
44 
43 
5 
30 
47 
32 
81 
97 
58 
5 
69 
69 
5 
59 
67 
68 
36 
84 
76 
42 
1 
48 
65 
67 
36 
4 
42 
129 
112 
79 
28 
21 
32 
50 
36 
1 
32 
14 
10 
12 
10 
65 
128 
127 
77 
11 
63 
115 
85 
0 
1 
35 
37 
46 
47 
32 
15 
32 
65 
97 
42 
5 
37 
26 
106 
106 
42 
16 
16 
65 
51 
36 
26 
42 
97 
81 
31 
94 
108 
65 
9 
116 
192 
210 
132 
53 
4 
35 
101 
110 
79 
48 
1 
30 
13 
4 
21 
46 
63 
48 
32 
32 
16 
0 
15 
1 
21 
12 
27 
26 
33 
80 
62 
28 
14 
32 
34 
42 
64 
46 
28 
33 
15 
19 
30 
64 
114 
84 
37 
1 
33 
33 
97 
113 
97 
48 
0 
32 
33 
42 
26 
21 
85 
124 
91 
5 
16 
34 
20 
30 
64 
34 
75 
97 
63 
50 
52 
17 
31 
21 
19 
53 
30 
16 
63 
46 
14 
10 
27 
3 
43 
43 
27 
11 
5 
21 
26 
49 
32 
31 
14 
12 
26 
64 
70 
43 
16 
34 
37 
47 
49 
35 
21 
1 
48 
79 
110 
93 
43 
0 
17 
12 
17 
0 
18 
20 
1 
16 
10 
3 
5 
1 
0 
14 
13 
27 
33 
32 
6 
11 
17 
31 
29 
42 
48 
29 
43 
48 
61 
1 
9 
21 
25 
20 
32 
19 
46 
65 
35 
36 
21 
65 
113 
97 
80 
14 
2 
20 
5 
0 
31 
30 
44 
5 
48 
14 
35 
53 
79 
97 
5 
76 
123 
161 
63 
18 
52 
63 
65 
34 
36 
10 
138 
241 
143 
13 
85 
144 
146 
116 
85 
10 
81 
81 
112 
128 
30 
50 
36 
69 
53 
5 
5 
10 
58 
90 
90 
74 
49 
0 
2 
4 
5 
15 
1 
18 
27 
42 
48 
1 
18 
4 
37 
46 
47 
32 
0 
30 
78 
174 
126 
44 
21 
79 
81 
42 
19 
5 
14 
14 
0 
15 
31 
47 
111 
78 
5 
51 
68 
37 
5 
26 
90 
97 
81 
0 
48 
49 
5 
76 
75 
65 
16 
34 
84 
94 
95 
79 
0 
81 
106 
106 
90 
97 
64 
14 
35 
69 
79 
81 
10 
28 
91 
106 
58 
33 
0 
46 
93 
59 
14 
48 
19 
21 
15 
65 
98 
43 
138 
81 
32 
106 
115 
68 
27 
59 
75 
75 
59 
59 
139 
122 
65 
80 
67 
69 
63 
33 
67 
84 
68 
36 
3 
20 
69 
79 
80 
65 
58 
51 
36 
5 
21 
21 
12 
4 
10 
33 
47 
102 
187 
96 
3 
168 
164 
112 
99 
85 
46 
31 
1 
26 
19 
165 
190 
128 
65 
1 
14 
80 
64 
33 
99 
117 
63 
65 
90 
91 
74 
17 
31 
82 
132 
206 
224 
129 
42 
30 
62 
95 
112 
96 
32 
15 
31 
47 
95 
79 
30 
21 
12 
43 
74 
49 
16 
49 
51 
36 
42 
49 
17 
15 
15 
94 
37 
12 
4 
5 
49 
79 
30 
12 
21 
47 
49 
106 
19 
11 
27 
58 
74 
65 
97 
80 
47 
2 
36 
46 
15 
17 
26 
19 
11 
26 
17 
31 
64 
111 
150 
59 
63 
130 
117 
96 
90 
52 
36 
36 
36 
4 
4 
21 
1 
16 
31 
21 
12 
5 
1 
0 
18 
4 
0 
33 
99 
10 
17 
0 
0 
17 
10 
12 
11 
4 
37 
62 
79 
224 
128 
16 
1 
26 
83 
100 
5 
10 
53 
78 
110 
117 
60 
1 
24 
11 
56 
133 
169 
101 
105 
52 
79 
81 
21 
69 
53 
171 
122 
15 
130 
181 
174 
95 
224 
177 
161 
145 
144 
111 
77 
59 
32 
13 
1 
29 
17 
18 
39 
4 
70 
57 
11 
82 
153 
174 
188 
144 
108 
71 
58 
61 
55 
21 
35 
73 
17 
44 
71 
74 
76 
38 
56 
34 
20 
51 
162 
201 
119 
53 
6 
33 
45 
177 
141 
56 
59 
38 
1 
35 
40 
36 
56 
11 
103 
106 
54 
55 
68 
57 
46 
19 
32 
28 
0 
44 
80 
45 
33 
45 
49 
12 
7 
4 
41 
53 
41 
53 
9 
74 
23 
20 
15 
29 
27 
15 
73 
36 
33 
63 
60 
42 
31 
60 
49 
29 
30 
57 
4 
64 
173 
241 
221 
151 
72 
87 
200 
264 
215 
101 
83 
79 
35 
49 
95 
85 
60 
11 
5 
1 
15 
48 
32 
32 
32 
144 
127 
93 
75 
48 
44 
33 
12 
280 
229 
192 
147 
101 
78 
31 
31 
65 
81 
74 
91 
3 
91 
26 
33 
32 
97 
131 
132 
68 
44 
52 
110 
127 
113 
115 
101 
14 
32 
46 
28 
27 
17 
48 
97 
106 
186 
129 
48 
131 
174 
176 
81 
42 
21 
62 
111 
112 
80 
113 
65 
10 
37 
316 
283 
231 
203 
156 
132 
99 
72 
58 
39 
43 
31 
12 
14 
50 
37 
32 
2 
10 
16 
13 
27 
16 
6 
27 
49 
38 
43 
32 
28 
17 
29 
49 
61 
56 
58 
61 
39 
24 
41 
34 
51 
51 
35 
50 
57 
8 
9 
27 
44 
61 
61 
54 
61 
68 
67 
88 
85 
105 
100 
95 
80 
64 
32 
15 
13 
11 
47 
34 
21 
24 
11 
0 
2 
14 
25 
5 
9 
10 
25 
5 
41 
37 
73 
52 
79 
82 
84 
101 
78 
62 
53 
83 
1 
47 
92 
129 
124 
103 
105 
107 
76 
28 
4 
172 
140 
116 
82 
72 
37 
50 
53 
16 
5 
12 
11 
59 
411 
299 
225 
141 
56 
93 
116 
194 
344 
357 
273 
155 
91 
10 
0 
34 
53 
168 
116 
95 
66 
53 
48 
50 
20 
62 
80 
97 
113 
144 
143 
140 
119 
82 
75 
68 
67 
66 
73 
86 
68 
56 
516 
351 
271 
173 
58 
2 
72 
134 
468 
489 
436 
397 
442 
397 
325 
273 
202 
168 
123 
52 
2 
16 
29 
58 
177 
96 
62 
44 
10 
0 
25 
4 
129 
70 
74 
70 
41 
43 
60 
60 
52 
35 
34 
71 
52 
72 
68 
79 
82 
68 
85 
94 
127 
126 
93 
107 
96 
77 
33 
12 
8 
6 
4 
9 
7 
10 
29 
39 
42 
44 
39 
42 
61 
39 
74 
93 
39 
8 
22 
61 
84 
114 
137 
110 
83 
31 
2 
26 
287 
269 
257 
236 
230 
183 
158 
115 
48 
19 
5 
32 
62 
74 
106 
330 
128 
258 
462 
222 
173 
187 
161 
95 
92 
129 
109 
33 
3 
23 
114 
147 
115 
82 
71 
212 
271 
208 
95 
369 
330 
218 
113 
77 
89 
43 
115 
147 
179 
163 
147 
99 
77 
125 
102 
518 
389 
321 
235 
155 
106 
70 
42 
163 
153 
120 
70 
52 
18 
8 
9 
4 
2 
23 
36 
73 
85 
105 
68 
95 
96 
97 
90 
74 
81 
48 
14 
3 
30 
25 
36 
0 
44 
49 
38 
90 
205 
168 
98 
50 
146 
137 
7 
74 
188 
198 
183 
167 
117 
35 
0 
13 
26 
96 
159 
205 
155 
177 
198 
122 
2 
105 
136 
88 
89 
89 
56 
72 
86 
84 
57 
97 
92 
72 
75 
70 
40 
26 
28 
54 
39 
23 
8 
8 
7 
8 
25 
43 
44 
38 
23 
25 
26 
44 
61 
102 
55 
24 
7 
22 
38 
38 
38 
61 
77 
68 
66 
104 
110 
66 
46 
17 
44 
42 
48 
30 
45 
75 
65 
15 
19 
21 
15 
13 
27 
48 
38 
91 
192 
226 
158 
128 
58 
20 
68 
76 
91 
59 
49 
32 
14 
29 
10 
15 
18 
11 
16 
13 
5 
16 
2 
37 
63 
65 
92 
91 
97 
79 
124 
113 
86 
65 
28 
7 
9 
11 
6 
7 
9 
11 
2 
25 
55 
46 
67 
89 
78 
66 
46 
73 
68 
69 
78 
79 
62 
44 
14 
82 
133 
169 
148 
159 
129 
90 
58 
33 
16 
6 
11 
111 
82 
85 
48 
18 
4 
17 
32 
31 
46 
53 
53 
44 
59 
74 
96 
118 
171 
88 
43 
93 
23 
22 
61 
84 
83 
57 
54 
36 
25 
1 
3 
8 
10 
70 
74 
70 
81 
93 
97 
44 
7 
1 
19 
8 
73 
43 
12 
66 
57 
87 
102 
100 
153 
69 
0 
3 
10 
33 
79 
142 
109 
91 
49 
6 
11 
0 
51 
31 
34 
53 
96 
82 
85 
33 
63 
94 
109 
91 
81 
70 
107 
55 
27 
7 
10 
13 
8 
21 
3 
24 
21 
18 
31 
35 
31 
3 
17 
1 
12 
1 
16 
10 
3 
5 
33 
47 
45 
75 
65 
54 
59 
23 
43 
7 
5 
41 
53 
73 
85 
105 
180 
143 
112 
97 
64 
0 
35 
53 
16 
28 
1 
45 
17 
3 
167 
212 
208 
92 
113 
70 
58 
54 
106 
125 
72 
117 
98 
104 
101 
82 
62 
34 
53 
64 
35 
21 
1 
0 
32 
47 
30 
1 
2 
11 
5 
15 
25 
11 
0 
18 
5 
0 
3 
0 
2 
5 
25 
20 
31 
50 
53 
63 
122 
83 
53 
30 
1 
33 
49 
80 
79 
78 
76 
81 
22 
5 
2 
24 
37 
67 
88 
85 
114 
62 
18 
26 
63 
77 
90 
39 
100 
95 
82 
20 
1 
14 
44 
65 
22 
53 
168 
196 
190 
208 
144 
191 
81 
51 
69 
47 
48 
42 
51 
36 
36 
21 
20 
4 
35 
52 
52 
44 
75 
75 
58 
64 
70 
91 
87 
91 
86 
88 
73 
66 
2 
34 
9 
24 
23 
22 
4 
19 
18 
40 
55 
6 
13 
11 
44 
12 
12 
27 
172 
124 
52 
51 
82 
7 
121 
219 
269 
214 
117 
51 
120 
84 
80 
5 
92 
139 
122 
129 
160 
134 
107 
32 
29 
158 
146 
133 
128 
131 
133 
127 
127 
95 
109 
122 
150 
41 
50 
34 
25 
40 
37 
50 
69 
0 
18 
75 
129 
263 
171 
77 
39 
54 
166 
230 
181 
147 
89 
90 
109 
72 
75 
102 
113 
108 
86 
104 
82 
83 
35 
3 
3 
29 
23 
56 
21 
51 
105 
175 
67 
23 
123 
151 
186 
172 
322 
290 
312 
261 
217 
164 
165 
133 
51 
53 
48 
19 
30 
41 
20 
16 
131 
126 
113 
99 
84 
68 
44 
10 
16 
29 
58 
61 
40 
58 
76 
84 
83 
66 
39 
36 
56 
20 
0 
22 
123 
129 
102 
107 
103 
121 
59 
76 
28 
20 
29 
54 
40 
74 
76 
70 
55 
55 
103 
151 
135 
135 
102 
27 
77 
70 
88 
114 
123 
68 
19 
60 
61 
103 
104 
121 
98 
82 
82 
121 
88 
75 
77 
40 
10 
3 
9 
39 
85 
67 
50 
24 
22 
21 
3 
6 
23 
21 
19 
6 
22 
4 
9 
23 
20 
137 
133 
294 
250 
252 
212 
163 
169 
180 
190 
174 
157 
170 
173 
118 
86 
52 
57 
30 
9 
11 
1 
63 
29 
27 
81 
143 
124 
97 
61 
24 
11 
13 
8 
6 
13 
19 
35 
34 
41 
56 
38 
36 
50 
72 
53 
34 
55 
36 
89 
101 
50 
14 
13 
17 
61 
49 
29 
97 
12 
63 
50 
78 
65 
3 
49 
25 
53 
89 
101 
112 
147 
142 
111 
80 
31 
17 
29 
59 
5 
31 
66 
148 
190 
160 
128 
32 
15 
34 
85 
96 
130 
149 
143 
113 
113 
113 
80 
38 
100 
94 
89 
68 
62 
48 
33 
26 
140 
203 
347 
193 
6 
132 
239 
346 
395 
298 
112 
60 
55 
132 
210 
279 
260 
239 
138 
51 
68 
76 
74 
80 
44 
8 
4 
72 
85 
41 
33 
45 
24 
43 
22 
33 
28 
7 
10 
61 
97 
124 
135 
72 
105 
121 
38 
120 
194 
275 
243 
153 
63 
108 
225 
262 
235 
119 
74 
18 
87 
101 
82 
31 
44 
87 
90 
60 
86 
136 
121 
25 
70 
55 
88 
73 
34 
115 
51 
50 
6 
88 
123 
157 
135 
88 
25 
6 
61 
29 
12 
27 
44 
28 
2 
2 
29 
13 
34 
34 
29 
118 
215 
183 
110 
204 
151 
137 
98 
50 
57 
87 
100 
73 
36 
0 
125 
203 
160 
92 
56 
75 
70 
7 
61 
68 
178 
104 
9 
123 
157 
103 
88 
73 
73 
72 
55 
22 
36 
35 
55 
169 
130 
20 
51 
51 
18 
2 
18 
18 
2 
2 
51 
59 
60 
28 
34 
45 
125 
61 
11 
45 
38 
25 
27 
18 
71 
69 
19 
25 
39 
4 
13 
71 
11 
29 
24 
5 
19 
50 
120 
165 
98 
62 
13 
113 
93 
56 
139 
118 
54 
164 
169 
117 
96 
108 
65 
45 
49 
44 
23 
10 
12 
2 
8 
7 
9 
41 
34 
29 
77 
125 
125 
100 
50 
24 
85 
98 
94 
73 
20 
33 
63 
14 
5 
28 
26 
17 
0 
25 
68 
62 
48 
3 
10 
0 
3 
14 
57 
20 
0 
29 
42 
38 
42 
22 
5 
13 
17 
12 
8 
21 
34 
23 
36 
25 
62 
66 
111 
97 
19 
42 
0 
33 
67 
133 
101 
69 
37 
26 
27 
26 
26 
49 
63 
93 
107 
87 
75 
39 
42 
12 
6 
7 
5 
19 
41 
71 
84 
6 
1 
3 
24 
14 
18 
39 
36 
56 
37 
25 
1 
29 
17 
12 
8 
4 
25 
21 
2 
15 
19 
39 
36 
48 
51 
47 
50 
53 
64 
99 
101 
94 
95 
79 
63 
62 
76 
90 
80 
92 
88 
91 
70 
40 
9 
118 
141 
132 
147 
184 
133 
112 
58 
107 
59 
10 
0 
50 
158 
114 
85 
40 
36 
79 
113 
99 
68 
52 
28 
43 
65 
6 
27 
32 
28 
24 
43 
22 
49 
28 
22 
9 
11 
29 
24 
26 
28 
25 
39 
21 
19 
24 
4 
9 
17 
13 
16 
12 
23 
4 
16 
3 
1 
22 
42 
22 
26 
22 
17 
45 
33 
29 
17 
13 
5 
9 
11 
15 
2 
14 
98 
126 
129 
67 
4 
106 
113 
63 
37 
76 
74 
79 
93 
5 
121 
20 
31 
38 
107 
81 
13 
10 
72 
180 
239 
138 
91 
68 
116 
148 
76 
91 
43 
90 
106 
96 
31 
12 
5 
25 
52 
95 
179 
94 
32 
62 
76 
107 
145 
128 
118 
75 
17 
25 
69 
176 
131 
17 
15 
26 
44 
26 
32 
46 
60 
42 
48 
45 
27 
15 
33 
35 
4 
26 
65 
31 
17 
67 
52 
63 
33 
3 
27 
75 
113 
134 
138 
93 
15 
35 
31 
60 
64 
44 
33 
61 
17 
83 
175 
179 
175 
97 
27 
28 
75 
107 
155 
138 
113 
80 
15 
26 
51 
94 
128 
42 
76 
58 
81 
95 
92 
90 
71 
11 
128 
227 
126 
48 
5 
76 
107 
145 
191 
141 
26 
40 
116 
95 
130 
133 
95 
32 
142 
78 
37 
53 
68 
124 
58 
14 
0 
18 
11 
30 
112 
58 
76 
91 
81 
79 
141 
97 
50 
158 
226 
85 
1 
15 
63 
62 
78 
101 
21 
27 
4 
20 
28 
4 
30 
16 
46 
53 
76 
74 
97 
70 
11 
32 
51 
143 
34 
11 
94 
47 
48 
47 
112 
112 
80 
47 
45 
53 
47 
14 
77 
75 
49 
0 
34 
4 
32 
45 
30 
105 
36 
14 
15 
37 
28 
90 
65 
64 
26 
35 
11 
20 
53 
53 
27 
131 
108 
91 
74 
33 
32 
98 
116 
53 
1 
48 
96 
79 
46 
21 
35 
52 
37 
17 
48 
95 
77 
43 
33 
41 
36 
14 
63 
45 
59 
48 
25 
100 
46 
15 
21 
3 
53 
95 
1 
37 
68 
60 
43 
11 
5 
1 
17 
48 
95 
62 
12 
26 
15 
50 
52 
62 
0 
37 
60 
75 
42 
33 
79 
77 
4 
47 
162 
132 
62 
0 
30 
42 
26 
94 
142 
110 
1 
65 
42 
85 
117 
124 
27 
47 
98 
36 
14 
15 
34 
84 
5 
49 
33 
49 
64 
112 
159 
158 
76 
46 
137 
52 
16 
66 
206 
256 
74 
10 
62 
127 
129 
171 
155 
59 
27 
26 
10 
14 
16 
33 
19 
37 
15 
49 
10 
76 
75 
33 
0 
17 
37 
28 
26 
33 
31 
46 
44 
26 
32 
14 
35 
53 
47 
33 
3 
27 
26 
1 
15 
15 
15 
1 
10 
60 
123 
97 
15 
114 
148 
46 
32 
64 
63 
15 
1 
49 
90 
33 
48 
32 
81 
97 
74 
42 
49 
33 
16 
31 
32 
15 
30 
30 
69 
93 
43 
37 
80 
18 
11 
17 
0 
17 
21 
28 
20 
5 
33 
49 
96 
79 
2 
27 
26 
16 
1 
28 
26 
32 
29 
58 
71 
75 
7 
11 
56 
68 
88 
4 
32 
77 
42 
38 
43 
23 
43 
23 
26 
41 
14 
2 
1 
13 
17 
29 
33 
2 
37 
73 
69 
64 
34 
53 
30 
80 
63 
46 
28 
26 
16 
14 
28 
10 
16 
18 
20 
37 
31 
31 
48 
32 
48 
31 
37 
44 
33 
15 
12 
1 
34 
37 
47 
58 
83 
101 
117 
101 
108 
74 
48 
14 
44 
58 
32 
18 
52 
79 
50 
27 
48 
25 
52 
158 
63 
0 
14 
30 
62 
126 
117 
93 
107 
58 
47 
34 
142 
96 
19 
5 
15 
15 
37 
44 
59 
21 
159 
15 
31 
47 
15 
14 
53 
53 
28 
27 
4 
10 
26 
17 
16 
15 
13 
27 
10 
32 
62 
92 
74 
31 
12 
1 
89 
148 
191 
81 
46 
46 
10 
5 
53 
85 
85 
37 
4 
27 
12 
59 
27 
36 
21 
26 
42 
17 
16 
15 
0 
30 
28 
27 
17 
16 
14 
3 
4 
1 
16 
14 
5 
19 
4 
5 
17 
64 
111 
101 
3 
46 
144 
90 
44 
27 
5 
1 
16 
16 
0 
16 
33 
33 
0 
32 
65 
81 
74 
42 
26 
33 
33 
48 
15 
14 
3 
20 
46 
80 
113 
58 
68 
84 
76 
27 
26 
42 
65 
33 
1 
15 
16 
16 
1 
14 
14 
21 
3 
52 
37 
26 
65 
32 
15 
15 
30 
37 
28 
43 
10 
31 
64 
17 
37 
69 
3 
4 
5 
5 
14 
32 
16 
16 
15 
15 
31 
47 
14 
65 
138 
90 
26 
5 
62 
46 
63 
96 
96 
33 
33 
33 
17 
1 
33 
16 
0 
49 
58 
4 
27 
11 
20 
44 
59 
43 
20 
37 
14 
17 
64 
64 
48 
63 
30 
10 
51 
4 
10 
30 
15 
0 
33 
17 
5 
17 
46 
79 
63 
63 
31 
79 
78 
13 
68 
110 
111 
16 
0 
17 
14 
30 
46 
63 
79 
63 
31 
0 
1 
1 
1 
5 
27 
19 
20 
5 
26 
49 
65 
64 
79 
78 
3 
37 
95 
96 
113 
58 
21 
46 
78 
79 
80 
0 
30 
1 
17 
42 
90 
58 
58 
58 
65 
0 
129 
211 
100 
4 
91 
107 
75 
4 
27 
75 
59 
27 
10 
21 
30 
33 
48 
32 
0 
33 
5 
20 
12 
27 
11 
21 
21 
10 
1 
17 
49 
64 
63 
46 
13 
52 
85 
31 
15 
31 
46 
53 
53 
28 
4 
42 
17 
111 
95 
31 
32 
80 
112 
80 
31 
14 
5 
3 
36 
37 
33 
32 
0 
129 
33 
62 
94 
62 
14 
10 
37 
101 
44 
20 
78 
63 
0 
30 
26 
122 
75 
37 
85 
110 
94 
78 
62 
37 
28 
20 
62 
79 
16 
16 
14 
62 
30 
37 
5 
4 
11 
19 
20 
12 
4 
20 
28 
27 
43 
43 
11 
10 
1 
17 
32 
32 
15 
1 
5 
19 
20 
20 
4 
11 
43 
75 
58 
49 
32 
47 
62 
28 
21 
47 
48 
10 
35 
11 
10 
14 
17 
0 
32 
32 
64 
63 
78 
45 
4 
21 
159 
97 
42 
26 
53 
94 
94 
62 
17 
113 
81 
33 
63 
80 
65 
49 
33 
49 
32 
15 
15 
21 
19 
27 
5 
1 
15 
64 
32 
1 
46 
78 
78 
53 
67 
4 
26 
33 
17 
16 
15 
0 
14 
21 
21 
5 
11 
11 
3 
27 
27 
11 
10 
33 
49 
48 
1 
18 
36 
37 
15 
15 
16 
47 
31 
15 
47 
47 
14 
33 
49 
21 
37 
21 
21 
4 
3 
11 
27 
27 
10 
33 
33 
0 
16 
1 
30 
21 
5 
52 
60 
43 
58 
16 
32 
81 
51 
4 
10 
1 
15 
0 
15 
46 
14 
30 
14 
30 
30 
37 
21 
36 
44 
27 
5 
30 
32 
15 
30 
45 
43 
5 
31 
144 
106 
10 
101 
117 
46 
21 
10 
37 
21 
5 
26 
42 
42 
42 
49 
48 
31 
45 
58 
31 
12 
1 
25 
20 
32 
35 
31 
2 
1 
13 
1 
13 
0 
51 
31 
19 
15 
18 
21 
32 
19 
90 
48 
45 
26 
7 
11 
8 
4 
40 
36 
57 
37 
34 
30 
18 
30 
18 
14 
29 
33 
45 
33 
2 
63 
51 
24 
36 
79 
67 
46 
25 
11 
65 
86 
27 
0 
13 
30 
73 
53 
16 
35 
46 
41 
52 
14 
1 
19 
21 
15 
50 
11 
17 
15 
2 
11 
1 
17 
19 
1 
0 
3 
30 
48 
42 
35 
20 
14 
15 
32 
49 
42 
12 
43 
33 
15 
33 
50 
11 
5 
1 
0 
17 
3 
4 
1 
32 
49 
34 
20 
21 
21 
14 
15 
0 
0 
1 
5 
10 
19 
20 
21 
14 
30 
31 
31 
31 
47 
78 
62 
45 
43 
26 
16 
6 
11 
1 
1 
12 
1 
1 
3 
17 
1 
3 
1 
16 
34 
20 
5 
0 
48 
0 
47 
63 
112 
96 
80 
31 
14 
19 
20 
62 
80 
49 
18 
11 
10 
30 
15 
0 
15 
63 
63 
63 
46 
30 
5 
12 
11 
26 
17 
15 
1 
45 
75 
65 
47 
13 
42 
47 
76 
48 
44 
24 
20 
57 
37 
25 
37 
121 
116 
62 
15 
30 
37 
37 
20 
28 
43 
59 
58 
26 
17 
32 
14 
13 
11 
17 
0 
2 
27 
1 
0 
3 
10 
15 
44 
49 
23 
43 
32 
45 
33 
29 
42 
22 
5 
25 
5 
16 
3 
15 
18 
20 
15 
25 
11 
17 
15 
60 
5 
112 
122 
67 
20 
58 
113 
112 
95 
61 
43 
42 
16 
34 
20 
1 
0 
12 
10 
16 
29 
43 
17 
1 
19 
21 
0 
1 
19 
10 
64 
70 
43 
32 
114 
132 
31 
47 
53 
44 
59 
33 
0 
14 
28 
36 
14 
47 
30 
12 
21 
31 
33 
5 
12 
11 
26 
33 
48 
47 
5 
12 
11 
1 
0 
17 
2 
43 
42 
48 
14 
18 
4 
14 
15 
14 
29 
27 
17 
31 
9 
4 
1 
0 
1 
28 
43 
42 
49 
31 
14 
12 
53 
144 
122 
35 
59 
122 
97 
48 
47 
69 
28 
37 
30 
0 
14 
5 
12 
5 
33 
47 
33 
90 
67 
4 
4 
27 
10 
10 
49 
64 
48 
15 
14 
21 
3 
20 
4 
10 
10 
33 
33 
0 
15 
14 
10 
4 
28 
43 
42 
49 
0 
1 
19 
4 
1 
15 
16 
1 
10 
76 
91 
74 
48 
14 
12 
53 
95 
145 
145 
14 
94 
111 
80 
31 
31 
47 
46 
30 
10 
27 
51 
36 
4 
42 
90 
74 
49 
31 
14 
28 
4 
30 
96 
1 
53 
44 
43 
17 
0 
1 
10 
51 
36 
36 
11 
42 
90 
90 
49 
48 
15 
1 
29 
11 
10 
15 
1 
60 
43 
17 
33 
35 
53 
63 
64 
65 
74 
26 
30 
95 
113 
97 
58 
21 
85 
85 
77 
91 
74 
64 
45 
42 
22 
26 
28 
23 
9 
2 
4 
3 
19 
3 
3 
3 
3 
3 
116 
83 
83 
66 
120 
101 
82 
78 
17 
12 
26 
33 
31 
14 
5 
11 
3 
4 
5 
5 
17 
81 
49 
32 
15 
14 
5 
12 
10 
0 
0 
5 
12 
10 
17 
16 
1 
5 
19 
20 
4 
5 
5 
5 
17 
17 
17 
17 
16 
31 
14 
13 
43 
49 
31 
29 
27 
16 
1 
12 
10 
0 
46 
44 
42 
32 
29 
27 
32 
29 
17 
6 
11 
15 
12 
14 
18 
21 
32 
19 
21 
15 
29 
43 
80 
77 
74 
23 
20 
104 
52 
16 
44 
64 
61 
58 
38 
74 
54 
58 
61 
24 
10 
12 
41 
55 
5 
3 
39 
41 
43 
45 
24 
10 
12 
6 
7 
37 
35 
56 
37 
18 
0 
12 
15 
44 
15 
12 
87 
107 
38 
49 
28 
8 
10 
12 
8 
17 
12 
7 
10 
12 
8 
10 
12 
8 
10 
28 
7 
17 
12 
6 
7 
4 
13 
7 
17 
12 
22 
9 
27 
22 
8 
27 
29 
7 
25 
43 
29 
22 
24 
25 
18 
11 
12 
13 
22 
70 
71 
55 
23 
8 
24 
24 
39 
40 
56 
56 
56 
56 
103 
86 
20 
61 
120 
146 
75 
12 
67 
50 
50 
2 
9 
25 
56 
24 
39 
54 
54 
69 
67 
25 
39 
21 
34 
7 
43 
134 
138 
3 
89 
87 
53 
35 
25 
54 
36 
41 
22 
20 
41 
14 
18 
0 
60 
7 
36 
73 
37 
6 
33 
13 
14 
13 
0 
19 
104 
53 
57 
5 
23 
11 
8 
27 
71 
58 
13 
55 
100 
73 
30 
19 
15 
35 
72 
52 
31 
34 
21 
0 
2 
20 
0 
22 
4 
15 
9 
20 
15 
29 
5 
48 
19 
1 
41 
21 
32 
2 
5 
16 
13 
20 
63 
65 
51 
21 
31 
34 
11 
17 
31 
13 
20 
14 
16 
51 
69 
63 
16 
14 
61 
91 
81 
0 
19 
30 
65 
99 
110 
64 
34 
20 
33 
64 
94 
76 
74 
15 
82 
101 
111 
97 
51 
36 
49 
64 
14 
2 
20 
14 
0 
26 
67 
53 
30 
48 
47 
1 
35 
52 
1 
16 
15 
17 
3 
43 
81 
0 
98 
68 
30 
32 
50 
36 
30 
63 
65 
49 
42 
10 
37 
68 
116 
124 
59 
30 
96 
114 
100 
69 
14 
15 
0 
14 
5 
10 
3 
20 
53 
53 
21 
42 
42 
33 
14 
31 
48 
32 
15 
17 
33 
33 
1 
17 
1 
17 
5 
11 
51 
20 
11 
43 
27 
20 
37 
53 
30 
14 
46 
46 
30 
17 
74 
10 
37 
21 
21 
11 
43 
10 
5 
30 
47 
32 
32 
1 
49 
33 
33 
0 
16 
32 
49 
49 
30 
79 
79 
63 
15 
0 
1 
1 
30 
21 
10 
90 
58 
21 
110 
78 
37 
51 
100 
4 
27 
59 
35 
4 
36 
36 
10 
10 
21 
21 
10 
5 
21 
12 
27 
11 
5 
21 
1 
33 
48 
96 
95 
78 
44 
10 
15 
49 
67 
101 
79 
16 
63 
47 
63 
31 
1 
65 
42 
5 
21 
68 
52 
3 
4 
27 
42 
65 
17 
32 
16 
65 
17 
21 
37 
12 
27 
42 
16 
0 
17 
5 
28 
11 
10 
17 
0 
15 
14 
21 
3 
27 
26 
10 
17 
15 
17 
42 
3 
27 
26 
5 
46 
30 
15 
16 
49 
49 
49 
64 
47 
15 
30 
10 
3 
4 
37 
37 
14 
17 
33 
65 
48 
32 
16 
113 
49 
37 
69 
69 
60 
59 
42 
33 
15 
33 
26 
12 
27 
42 
33 
48 
65 
42 
51 
4 
27 
58 
74 
81 
48 
0 
32 
1 
17 
26 
10 
5 
36 
52 
44 
11 
21 
30 
16 
15 
46 
53 
28 
26 
17 
0 
32 
49 
42 
42 
26 
33 
1 
16 
49 
35 
21 
1 
0 
16 
47 
47 
14 
21 
12 
10 
16 
6 
11 
16 
28 
0 
3 
23 
4 
40 
36 
41 
37 
41 
37 
41 
5 
24 
20 
15 
2 
10 
0 
12 
1 
9 
11 
16 
12 
17 
13 
17 
13 
8 
11 
8 
10 
13 
7 
4 
25 
30 
35 
40 
37 
34 
30 
19 
15 
3 
0 
28 
32 
44 
40 
36 
57 
53 
57 
53 
57 
52 
31 
2 
10 
47 
44 
65 
41 
69 
56 
20 
15 
2 
26 
32 
67 
53 
0 
29 
5 
47 
57 
36 
1 
15 
13 
4 
30 
17 
3 
37 
16 
34 
20 
30 
32 
33 
35 
36 
46 
47 
47 
16 
0 
17 
17 
30 
62 
110 
94 
67 
52 
69 
95 
80 
65 
42 
20 
44 
11 
26 
21 
14 
46 
14 
14 
15 
0 
15 
31 
30 
37 
28 
68 
46 
0 
48 
0 
42 
51 
53 
47 
0 
10 
3 
5 
1 
0 
1 
5 
12 
11 
1 
15 
29 
43 
48 
22 
58 
71 
59 
54 
41 
27 
98 
104 
86 
68 
57 
46 
35 
39 
4 
8 
11 
23 
11 
55 
43 
9 
21 
50 
47 
19 
40 
84 
72 
36 
8 
27 
15 
19 
15 
19 
16 
28 
16 
12 
31 
18 
30 
2 
1 
73 
69 
80 
67 
37 
0 
18 
43 
49 
14 
12 
1 
33 
35 
14 
17 
35 
30 
17 
19 
14 
16 
2 
5 
0 
1 
12 
5 
15 
1 
3 
10 
0 
9 
4 
14 
57 
52 
78 
64 
66 
36 
1 
48 
47 
29 
59 
17 
32 
34 
69 
31 
15 
29 
36 
69 
63 
65 
58 
67 
20 
43 
106 
42 
32 
32 
14 
35 
21 
1 
48 
34 
11 
14 
17 
28 
21 
63 
65 
33 
10 
10 
11 
35 
52 
53 
53 
53 
21 
74 
58 
106 
42 
37 
78 
63 
15 
48 
64 
17 
1 
14 
30 
37 
37 
44 
27 
17 
0 
2 
11 
17 
14 
28 
33 
61 
65 
77 
57 
75 
57 
40 
38 
20 
18 
9 
23 
9 
26 
12 
13 
9 
8 
23 
38 
21 
3 
2 
8 
6 
37 
35 
41 
55 
37 
2 
23 
21 
45 
24 
27 
29 
8 
10 
44 
38 
8 
23 
38 
45 
36 
51 
34 
25 
39 
38 
20 
19 
9 
55 
37 
19 
56 
53 
34 
30 
18 
30 
34 
53 
64 
67 
53 
63 
49 
51 
20 
36 
21 
5 
65 
46 
31 
32 
32 
32 
0 
63 
32 
0 
32 
112 
47 
48 
74 
99 
84 
37 
14 
63 
80 
32 
16 
16 
0 
0 
15 
1 
5 
3 
5 
1 
1 
16 
48 
46 
37 
44 
26 
1 
0 
14 
19 
4 
5 
1 
16 
15 
30 
30 
2 
36 
53 
5 
1 
1 
14 
31 
16 
48 
64 
48 
0 
16 
0 
0 
15 
47 
47 
46 
46 
21 
3 
5 
1 
0 
0 
17 
10 
10 
11 
27 
11 
11 
11 
10 
10 
17 
0 
0 
5 
3 
21 
15 
16 
33 
35 
20 
21 
21 
17 
0 
0 
15 
21 
12 
10 
1 
64 
66 
36 
30 
31 
17 
10 
19 
20 
20 
37 
37 
37 
37 
20 
28 
27 
26 
33 
16 
31 
37 
12 
37 
14 
111 
81 
49 
17 
14 
15 
15 
48 
49 
74 
74 
67 
36 
4 
11 
4 
11 
4 
19 
4 
11 
11 
11 
4 
4 
26 
42 
65 
81 
48 
17 
51 
52 
21 
33 
64 
47 
46 
37 
44 
43 
33 
0 
1 
19 
11 
1 
15 
5 
12 
10 
0 
1 
19 
4 
1 
0 
30 
37 
28 
26 
14 
16 
5 
28 
5 
14 
31 
14 
21 
3 
11 
10 
10 
1 
15 
15 
15 
15 
30 
14 
21 
12 
4 
21 
14 
30 
47 
47 
47 
46 
30 
14 
5 
5 
20 
4 
4 
4 
3 
11 
11 
20 
4 
26 
42 
42 
49 
48 
47 
1 
5 
12 
4 
1 
0 
0 
17 
17 
5 
4 
12 
4 
4 
4 
5 
11 
4 
12 
11 
10 
17 
16 
15 
1 
35 
37 
30 
47 
32 
33 
49 
33 
46 
30 
30 
14 
14 
21 
12 
11 
10 
15 
25 
4 
14 
17 
3 
1 
9 
52 
47 
49 
35 
37 
31 
49 
26 
35 
4 
4 
21 
21 
21 
20 
4 
4 
3 
4 
20 
68 
92 
75 
10 
16 
25 
52 
95 
97 
99 
69 
1 
0 
1 
5 
12 
5 
1 
15 
1 
12 
10 
17 
15 
13 
10 
0 
9 
4 
1 
0 
3 
5 
0 
25 
20 
30 
32 
35 
37 
47 
49 
50 
52 
53 
46 
47 
31 
31 
30 
14 
21 
131 
100 
101 
101 
92 
107 
112 
109 
33 
28 
22 
8 
23 
23 
23 
8 
24 
41 
82 
91 
76 
52 
35 
18 
9 
39 
4 
13 
7 
11 
6 
6 
11 
9 
9 
27 
22 
8 
10 
12 
13 
7 
7 
8 
9 
9 
25 
9 
38 
38 
39 
23 
23 
23 
23 
23 
7 
8 
8 
8 
24 
23 
23 
7 
39 
38 
22 
45 
20 
19 
18 
25 
23 
6 
4 
19 
18 
40 
38 
37 
19 
9 
23 
21 
3 
9 
23 
20 
2 
24 
14 
19 
25 
39 
36 
41 
30 
35 
39 
20 
24 
20 
24 
20 
7 
11 
0 
3 
0 
3 
15 
3 
15 
19 
15 
2 
1 
13 
1 
2 
14 
18 
14 
19 
15 
19 
15 
3 
14 
18 
30 
41 
20 
31 
18 
5 
16 
19 
1 
15 
3 
30 
0 
3 
53 
16 
19 
53 
16 
29 
26 
16 
45 
17 
73 
52 
79 
82 
36 
37 
16 
14 
18 
36 
30 
0 
17 
18 
4 
65 
80 
6 
11 
46 
89 
68 
46 
64 
65 
3 
75 
49 
48 
14 
12 
1 
0 
19 
62 
81 
35 
21 
31 
49 
19 
5 
17 
15 
1 
3 
4 
14 
16 
17 
3 
20 
30 
47 
64 
49 
5 
26 
11 
20 
60 
91 
58 
16 
65 
83 
53 
31 
33 
51 
20 
10 
17 
31 
48 
33 
33 
10 
5 
11 
3 
11 
10 
21 
14 
17 
16 
0 
33 
58 
43 
3 
11 
5 
1 
0 
16 
17 
26 
27 
19 
20 
36 
5 
10 
10 
1 
1 
0 
31 
32 
32 
17 
17 
17 
10 
10 
10 
10 
11 
27 
11 
27 
11 
27 
19 
4 
11 
4 
4 
4 
5 
5 
1 
14 
15 
15 
16 
16 
17 
49 
42 
33 
17 
17 
15 
15 
0 
16 
16 
0 
32 
32 
32 
32 
16 
16 
0 
16 
48 
16 
31 
30 
5 
19 
20 
21 
69 
78 
1 
81 
49 
49 
10 
42 
42 
5 
21 
5 
11 
4 
3 
20 
20 
21 
21 
42 
17 
1 
17 
15 
16 
32 
49 
49 
10 
5 
26 
10 
26 
43 
27 
11 
11 
10 
26 
10 
1 
1 
17 
17 
17 
0 
0 
16 
16 
31 
47 
31 
46 
37 
12 
20 
30 
95 
48 
32 
0 
16 
48 
65 
42 
26 
27 
19 
4 
4 
11 
10 
5 
37 
37 
37 
37 
21 
3 
20 
11 
10 
5 
30 
1 
17 
17 
80 
48 
32 
15 
15 
14 
37 
12 
59 
90 
64 
14 
35 
30 
96 
146 
180 
85 
5 
99 
84 
37 
14 
0 
1 
34 
52 
53 
46 
31 
48 
32 
64 
48 
32 
1 
10 
3 
37 
78 
63 
16 
0 
17 
14 
47 
31 
31 
64 
65 
49 
33 
1 
0 
0 
0 
0 
17 
42 
