58 
65 
31 
44 
49 
30 
12 
14 
48 
81 
122 
145 
134 
123 
80 
60 
49 
15 
18 
36 
69 
53 
53 
53 
53 
28 
27 
10 
33 
31 
13 
11 
1 
15 
48 
65 
49 
49 
49 
26 
10 
10 
26 
35 
20 
4 
5 
1 
1 
0 
15 
0 
17 
5 
12 
4 
21 
14 
15 
31 
16 
5 
28 
26 
32 
30 
3 
5 
30 
32 
65 
74 
75 
67 
36 
36 
20 
4 
5 
26 
33 
16 
0 
0 
14 
5 
3 
5 
14 
16 
15 
18 
4 
14 
0 
17 
35 
20 
21 
30 
30 
47 
48 
48 
16 
0 
16 
0 
30 
37 
3 
4 
5 
14 
0 
15 
31 
48 
32 
16 
16 
16 
16 
1 
1 
10 
26 
27 
3 
4 
11 
5 
5 
5 
17 
17 
16 
14 
13 
27 
1 
33 
19 
21 
14 
16 
2 
27 
17 
14 
3 
37 
30 
48 
64 
81 
97 
97 
64 
47 
14 
14 
5 
3 
4 
10 
5 
5 
1 
14 
14 
14 
14 
21 
5 
4 
12 
4 
5 
1 
0 
17 
5 
3 
10 
0 
16 
26 
19 
20 
37 
30 
15 
0 
17 
5 
12 
10 
1 
0 
2 
4 
1 
16 
26 
51 
36 
20 
21 
1 
15 
32 
49 
26 
10 
3 
20 
21 
21 
1 
1 
32 
47 
14 
5 
43 
35 
11 
42 
48 
13 
21 
47 
80 
96 
95 
93 
91 
65 
46 
60 
58 
31 
2 
4 
1 
15 
5 
19 
37 
62 
78 
94 
78 
53 
44 
26 
1 
16 
18 
20 
14 
32 
49 
42 
59 
75 
59 
59 
43 
27 
43 
26 
10 
1 
17 
1 
1 
14 
14 
17 
17 
10 
10 
10 
10 
11 
11 
42 
58 
65 
64 
31 
29 
43 
49 
47 
28 
10 
15 
17 
3 
21 
15 
16 
10 
19 
20 
21 
37 
37 
44 
43 
33 
31 
13 
27 
17 
6 
27 
47 
80 
90 
90 
106 
113 
111 
93 
75 
49 
15 
2 
4 
37 
69 
94 
69 
53 
44 
43 
11 
5 
1 
1 
31 
15 
16 
33 
33 
10 
5 
60 
42 
31 
29 
10 
16 
34 
20 
78 
127 
159 
157 
155 
167 
170 
156 
109 
45 
8 
37 
89 
100 
63 
65 
51 
14 
9 
42 
54 
65 
76 
39 
26 
3 
23 
36 
63 
66 
68 
62 
63 
63 
32 
1 
30 
45 
75 
42 
64 
30 
28 
5 
0 
14 
28 
10 
16 
15 
10 
28 
5 
17 
0 
1 
12 
4 
17 
16 
14 
28 
10 
1 
15 
16 
33 
33 
33 
17 
49 
32 
46 
60 
81 
61 
33 
13 
1 
57 
68 
94 
95 
95 
78 
94 
92 
75 
49 
16 
0 
16 
48 
47 
61 
75 
96 
140 
120 
106 
92 
93 
77 
77 
52 
51 
41 
24 
6 
4 
12 
134 
197 
242 
276 
332 
305 
316 
326 
325 
291 
239 
202 
179 
132 
108 
107 
113 
79 
44 
10 
48 
51 
62 
48 
50 
36 
53 
30 
47 
32 
33 
33 
17 
1 
1 
17 
16 
0 
15 
14 
13 
11 
5 
16 
14 
12 
10 
16 
13 
11 
0 
12 
8 
43 
38 
41 
43 
44 
61 
54 
22 
6 
9 
9 
40 
55 
85 
99 
120 
101 
104 
84 
79 
81 
67 
53 
63 
48 
1 
13 
43 
32 
22 
43 
48 
29 
42 
23 
27 
7 
20 
40 
20 
0 
28 
40 
59 
22 
23 
36 
41 
53 
50 
30 
2 
14 
34 
14 
2 
31 
3 
39 
11 
7 
10 
45 
40 
50 
59 
76 
109 
77 
36 
19 
19 
13 
6 
7 
22 
52 
19 
7 
41 
59 
77 
118 
118 
102 
84 
67 
57 
40 
9 
41 
57 
57 
25 
9 
9 
9 
7 
8 
39 
21 
19 
25 
23 
11 
13 
24 
25 
42 
12 
9 
15 
12 
7 
11 
6 
17 
2 
7 
11 
6 
1 
19 
31 
19 
14 
34 
21 
39 
75 
71 
74 
93 
71 
72 
73 
66 
66 
66 
66 
57 
71 
53 
51 
24 
41 
27 
28 
45 
38 
23 
8 
8 
9 
6 
29 
29 
4 
19 
3 
13 
13 
6 
6 
22 
22 
52 
66 
88 
84 
111 
50 
37 
0 
12 
48 
60 
55 
74 
108 
102 
72 
73 
89 
73 
73 
56 
55 
54 
29 
11 
12 
2 
13 
6 
7 
8 
7 
6 
6 
6 
13 
13 
18 
25 
25 
56 
54 
20 
25 
23 
5 
12 
22 
8 
10 
28 
6 
8 
11 
6 
14 
3 
24 
52 
80 
67 
69 
31 
17 
12 
49 
54 
106 
118 
120 
114 
107 
92 
61 
22 
39 
37 
35 
56 
36 
57 
37 
25 
21 
25 
14 
13 
17 
13 
5 
41 
20 
0 
9 
11 
15 
34 
4 
30 
32 
10 
44 
74 
79 
92 
96 
76 
55 
58 
22 
1 
18 
14 
34 
37 
48 
35 
46 
48 
34 
20 
5 
0 
17 
10 
3 
27 
42 
49 
31 
14 
28 
26 
32 
38 
43 
49 
38 
43 
48 
28 
16 
13 
1 
41 
52 
62 
64 
65 
49 
33 
10 
10 
5 
21 
20 
4 
12 
27 
27 
26 
42 
65 
80 
79 
45 
27 
17 
15 
2 
20 
1 
31 
77 
90 
109 
64 
28 
0 
3 
0 
2 
21 
32 
34 
37 
31 
32 
10 
5 
12 
4 
21 
1 
0 
32 
0 
14 
37 
12 
4 
21 
5 
5 
10 
26 
26 
49 
33 
16 
31 
62 
45 
59 
49 
15 
29 
43 
32 
22 
43 
48 
77 
65 
45 
8 
4 
9 
1 
2 
15 
3 
14 
34 
36 
15 
18 
5 
0 
2 
5 
0 
13 
10 
0 
18 
27 
32 
30 
28 
1 
31 
29 
10 
16 
25 
11 
17 
0 
10 
3 
5 
0 
1 
18 
4 
1 
16 
14 
2 
11 
10 
49 
15 
5 
12 
10 
17 
15 
1 
3 
4 
17 
16 
15 
14 
2 
27 
26 
17 
0 
1 
12 
4 
21 
14 
15 
16 
16 
0 
0 
0 
0 
15 
30 
30 
37 
53 
60 
42 
33 
31 
29 
11 
5 
15 
0 
14 
21 
28 
10 
16 
15 
13 
11 
1 
0 
1 
19 
20 
53 
37 
5 
5 
21 
37 
28 
21 
14 
30 
47 
46 
30 
14 
21 
21 
37 
12 
11 
11 
11 
4 
11 
27 
43 
27 
26 
33 
16 
16 
16 
33 
49 
64 
62 
44 
11 
30 
47 
64 
65 
65 
80 
64 
31 
1 
17 
33 
64 
62 
44 
10 
0 
33 
58 
58 
58 
65 
81 
63 
46 
29 
27 
10 
1 
16 
32 
17 
17 
17 
32 
32 
31 
30 
13 
4 
5 
31 
32 
10 
3 
20 
37 
30 
15 
15 
16 
32 
33 
33 
17 
33 
49 
33 
16 
15 
15 
0 
0 
0 
1 
17 
33 
33 
17 
17 
17 
32 
32 
16 
16 
16 
31 
15 
14 
5 
12 
27 
10 
1 
14 
0 
0 
0 
0 
0 
14 
30 
14 
5 
5 
19 
11 
4 
12 
11 
5 
37 
53 
36 
28 
27 
26 
32 
15 
1 
5 
4 
3 
4 
21 
5 
5 
1 
1 
5 
5 
5 
5 
11 
35 
4 
20 
20 
21 
5 
5 
21 
14 
1 
1 
14 
30 
31 
31 
0 
0 
15 
48 
16 
15 
16 
32 
33 
17 
10 
10 
26 
27 
11 
11 
11 
27 
27 
11 
11 
10 
10 
10 
10 
5 
5 
10 
10 
10 
11 
27 
35 
20 
4 
11 
4 
5 
5 
1 
1 
1 
0 
0 
0 
0 
17 
10 
19 
4 
5 
21 
46 
46 
30 
30 
37 
37 
20 
3 
11 
11 
11 
4 
4 
4 
4 
11 
11 
3 
11 
11 
4 
5 
1 
17 
1 
15 
16 
16 
17 
5 
19 
4 
5 
1 
32 
33 
33 
10 
10 
11 
35 
36 
36 
20 
20 
5 
5 
10 
17 
1 
15 
32 
32 
48 
63 
46 
44 
26 
33 
16 
14 
5 
27 
35 
52 
20 
12 
11 
4 
21 
5 
5 
1 
1 
1 
47 
47 
31 
15 
15 
15 
14 
14 
5 
37 
28 
11 
5 
21 
21 
5 
10 
11 
11 
27 
11 
11 
27 
4 
27 
27 
27 
11 
20 
12 
4 
5 
5 
1 
15 
0 
16 
17 
17 
33 
33 
17 
17 
33 
33 
33 
17 
16 
32 
31 
47 
30 
5 
27 
3 
20 
4 
5 
5 
5 
33 
16 
16 
33 
26 
33 
32 
14 
3 
4 
46 
79 
64 
47 
14 
30 
30 
30 
21 
21 
21 
4 
3 
11 
11 
5 
10 
1 
1 
17 
1 
0 
16 
0 
0 
15 
0 
16 
31 
0 
16 
17 
1 
10 
5 
3 
11 
10 
17 
15 
26 
19 
5 
1 
15 
32 
17 
10 
3 
20 
37 
30 
30 
15 
15 
16 
16 
1 
5 
5 
19 
4 
11 
10 
5 
30 
15 
16 
17 
17 
26 
27 
19 
4 
10 
42 
33 
0 
16 
17 
19 
4 
5 
15 
17 
19 
11 
17 
15 
1 
3 
21 
47 
32 
82 
68 
69 
62 
62 
62 
62 
45 
59 
26 
15 
29 
10 
15 
28 
1 
25 
4 
0 
17 
3 
21 
15 
17 
10 
19 
20 
20 
10 
5 
1 
33 
32 
32 
31 
31 
30 
21 
21 
28 
27 
26 
16 
31 
21 
28 
10 
0 
1 
3 
4 
17 
0 
14 
12 
10 
1 
0 
14 
21 
3 
4 
5 
1 
16 
0 
1 
17 
5 
5 
5 
4 
11 
11 
4 
20 
4 
4 
27 
27 
42 
49 
31 
13 
20 
30 
78 
94 
93 
107 
113 
70 
27 
1 
47 
62 
37 
21 
21 
5 
5 
17 
17 
32 
31 
31 
46 
37 
3 
4 
4 
5 
1 
0 
32 
16 
16 
16 
15 
47 
37 
12 
21 
14 
15 
32 
49 
42 
43 
35 
52 
44 
27 
4 
20 
28 
4 
21 
14 
15 
15 
16 
16 
16 
15 
31 
46 
37 
4 
3 
20 
20 
21 
5 
11 
3 
4 
10 
10 
17 
16 
1 
2 
11 
33 
15 
29 
10 
0 
19 
53 
47 
65 
42 
35 
21 
14 
31 
48 
65 
49 
33 
33 
33 
33 
33 
32 
31 
30 
28 
27 
17 
15 
29 
27 
16 
1 
3 
5 
0 
1 
19 
1 
15 
28 
26 
23 
59 
64 
60 
39 
43 
7 
11 
8 
11 
7 
5 
6 
10 
29 
8 
27 
24 
20 
16 
19 
30 
48 
58 
107 
91 
59 
42 
33 
17 
16 
0 
49 
26 
19 
20 
53 
62 
62 
62 
69 
60 
58 
48 
38 
43 
33 
30 
3 
21 
31 
33 
42 
43 
19 
4 
20 
21 
37 
21 
21 
12 
4 
4 
37 
53 
53 
37 
21 
37 
52 
60 
43 
10 
17 
32 
0 
17 
26 
27 
27 
26 
26 
5 
17 
17 
32 
63 
77 
74 
54 
58 
61 
8 
20 
64 
99 
126 
95 
81 
66 
20 
0 
9 
4 
32 
45 
26 
15 
12 
16 
29 
17 
29 
40 
43 
22 
14 
3 
56 
52 
56 
36 
31 
35 
31 
2 
1 
2 
16 
28 
7 
10 
13 
23 
20 
40 
21 
2 
30 
19 
15 
3 
0 
3 
15 
3 
7 
4 
8 
4 
24 
20 
24 
4 
24 
5 
6 
1 
18 
15 
19 
0 
28 
8 
20 
24 
20 
41 
10 
13 
7 
5 
18 
47 
67 
62 
81 
67 
52 
62 
31 
1 
12 
1 
31 
60 
42 
31 
12 
37 
63 
81 
67 
52 
69 
53 
14 
0 
16 
1 
13 
27 
26 
31 
2 
11 
16 
9 
11 
0 
9 
11 
0 
2 
20 
31 
34 
21 
16 
18 
21 
16 
18 
21 
31 
41 
4 
1 
0 
3 
5 
15 
25 
4 
30 
32 
3 
21 
0 
9 
11 
17 
14 
12 
14 
1 
28 
16 
13 
1 
18 
37 
49 
51 
78 
95 
96 
80 
63 
63 
46 
14 
10 
5 
11 
27 
43 
43 
26 
17 
16 
31 
30 
28 
26 
16 
13 
11 
0 
9 
4 
15 
25 
4 
31 
34 
46 
80 
74 
83 
68 
76 
43 
11 
11 
12 
11 
11 
5 
5 
5 
21 
21 
21 
21 
21 
20 
12 
11 
4 
5 
5 
42 
42 
42 
65 
48 
30 
60 
58 
63 
44 
33 
29 
26 
6 
26 
7 
11 
7 
11 
0 
3 
31 
3 
1 
13 
17 
9 
10 
0 
3 
1 
9 
4 
1 
0 
3 
21 
14 
0 
1 
12 
10 
16 
31 
29 
11 
32 
14 
28 
17 
15 
13 
27 
16 
14 
28 
10 
15 
29 
26 
16 
29 
10 
0 
12 
21 
0 
2 
4 
1 
17 
12 
10 
16 
1 
3 
5 
17 
16 
49 
65 
49 
17 
0 
31 
47 
47 
62 
76 
58 
64 
46 
60 
26 
16 
13 
4 
1 
15 
2 
4 
14 
32 
26 
19 
21 
37 
30 
30 
14 
21 
21 
11 
3 
11 
5 
21 
14 
0 
0 
17 
10 
28 
10 
14 
15 
33 
26 
19 
20 
21 
30 
47 
47 
63 
46 
46 
76 
75 
48 
46 
44 
33 
14 
12 
1 
0 
2 
4 
1 
16 
18 
4 
5 
0 
17 
26 
3 
5 
1 
16 
0 
1 
1 
5 
4 
19 
4 
11 
27 
10 
10 
26 
1 
1 
1 
1 
16 
16 
0 
15 
0 
0 
16 
17 
1 
1 
17 
21 
12 
11 
5 
0 
0 
17 
26 
27 
67 
60 
43 
59 
27 
42 
26 
10 
10 
26 
26 
17 
1 
30 
15 
31 
30 
21 
21 
12 
11 
17 
16 
1 
19 
69 
62 
62 
62 
69 
60 
75 
42 
17 
16 
49 
65 
65 
65 
16 
15 
32 
16 
17 
17 
26 
10 
10 
11 
11 
35 
20 
11 
26 
1 
15 
16 
33 
17 
10 
11 
19 
11 
10 
1 
15 
0 
1 
5 
3 
4 
14 
15 
16 
33 
42 
59 
35 
4 
11 
5 
1 
16 
15 
1 
5 
12 
10 
1 
31 
48 
49 
42 
26 
27 
19 
20 
21 
1 
1 
0 
0 
0 
14 
14 
5 
12 
5 
1 
16 
33 
26 
19 
4 
21 
30 
31 
15 
32 
17 
33 
26 
26 
10 
11 
19 
11 
11 
26 
17 
0 
16 
16 
17 
17 
33 
65 
49 
33 
49 
17 
1 
16 
16 
0 
0 
0 
16 
16 
16 
16 
15 
15 
14 
21 
28 
43 
26 
33 
15 
14 
12 
4 
1 
0 
1 
10 
3 
11 
5 
14 
15 
0 
15 
15 
15 
0 
1 
21 
3 
4 
5 
1 
16 
1 
12 
5 
17 
0 
2 
4 
1 
16 
18 
20 
14 
16 
18 
11 
14 
16 
2 
11 
16 
6 
11 
0 
12 
1 
34 
37 
16 
3 
21 
16 
50 
37 
30 
32 
26 
51 
36 
37 
30 
31 
16 
1 
5 
28 
10 
33 
15 
2 
11 
1 
0 
12 
17 
6 
27 
0 
2 
1 
25 
11 
15 
3 
30 
57 
36 
30 
49 
19 
37 
30 
64 
58 
35 
36 
21 
14 
0 
0 
16 
32 
33 
33 
17 
17 
33 
32 
32 
31 
14 
37 
12 
43 
26 
16 
14 
28 
5 
1 
0 
2 
11 
1 
0 
1 
34 
4 
4 
21 
5 
5 
5 
5 
10 
10 
26 
26 
42 
49 
33 
32 
31 
30 
37 
12 
27 
10 
17 
0 
0 
1 
10 
3 
11 
11 
26 
49 
47 
61 
58 
47 
76 
80 
92 
55 
58 
60 
70 
56 
41 
34 
18 
35 
35 
19 
19 
2 
2 
3 
3 
12 
27 
12 
3 
12 
13 
13 
13 
13 
22 
6 
6 
6 
7 
7 
8 
8 
7 
6 
6 
2 
2 
3 
4 
12 
29 
22 
8 
7 
6 
4 
3 
9 
40 
22 
4 
13 
7 
10 
12 
9 
1 
3 
8 
10 
13 
0 
12 
7 
10 
13 
17 
12 
8 
10 
9 
17 
3 
15 
12 
0 
3 
15 
18 
5 
0 
28 
49 
45 
33 
29 
32 
28 
0 
3 
1 
2 
21 
32 
19 
14 
6 
27 
32 
45 
33 
61 
33 
28 
32 
12 
33 
13 
10 
6 
11 
23 
11 
16 
35 
15 
57 
20 
14 
48 
34 
4 
1 
0 
1 
29 
43 
42 
32 
29 
43 
33 
31 
13 
11 
33 
15 
12 
5 
16 
12 
5 
0 
2 
4 
1 
0 
1 
12 
5 
1 
15 
1 
19 
20 
5 
1 
0 
0 
14 
21 
20 
12 
11 
5 
10 
33 
16 
15 
1 
5 
28 
11 
10 
1 
16 
15 
1 
5 
5 
19 
11 
11 
10 
17 
17 
0 
15 
31 
15 
0 
32 
16 
16 
16 
15 
47 
31 
30 
21 
12 
43 
26 
17 
0 
14 
5 
12 
11 
5 
5 
1 
1 
0 
15 
15 
15 
0 
0 
0 
17 
1 
1 
1 
1 
17 
33 
26 
26 
26 
27 
27 
19 
20 
20 
20 
20 
21 
20 
28 
43 
42 
33 
47 
45 
59 
64 
61 
49 
29 
33 
29 
16 
28 
8 
11 
8 
4 
16 
19 
31 
19 
1 
9 
4 
0 
2 
4 
0 
9 
11 
1 
1 
12 
26 
32 
6 
27 
17 
15 
44 
33 
6 
11 
14 
17 
3 
21 
16 
34 
4 
17 
31 
13 
11 
33 
31 
1 
19 
4 
5 
0 
0 
1 
26 
3 
27 
26 
49 
15 
60 
42 
48 
45 
27 
32 
13 
10 
0 
34 
4 
14 
16 
17 
51 
20 
37 
21 
1 
1 
17 
32 
16 
0 
15 
1 
5 
4 
28 
11 
26 
26 
33 
33 
32 
47 
30 
12 
11 
21 
14 
0 
0 
1 
5 
10 
3 
11 
4 
5 
10 
26 
17 
17 
0 
15 
31 
14 
21 
10 
19 
11 
4 
20 
5 
10 
27 
4 
3 
4 
4 
21 
21 
21 
14 
14 
30 
14 
14 
16 
0 
0 
0 
0 
1 
2 
4 
21 
37 
30 
30 
53 
69 
76 
58 
79 
109 
81 
61 
33 
9 
4 
0 
13 
21 
15 
28 
33 
61 
49 
60 
55 
58 
45 
23 
25 
27 
29 
7 
25 
26 
28 
13 
7 
7 
6 
4 
28 
38 
39 
40 
41 
41 
73 
88 
86 
84 
105 
85 
105 
85 
63 
82 
68 
85 
14 
14 
15 
15 
32 
16 
17 
33 
26 
10 
3 
11 
11 
5 
1 
0 
0 
1 
3 
4 
21 
14 
31 
31 
31 
15 
15 
15 
15 
29 
27 
49 
22 
43 
31 
28 
48 
44 
40 
11 
6 
5 
13 
23 
4 
9 
39 
20 
41 
1 
3 
7 
6 
11 
9 
23 
5 
12 
6 
7 
9 
13 
4 
12 
29 
6 
22 
7 
7 
39 
7 
7 
8 
6 
9 
9 
18 
2 
4 
3 
2 
9 
8 
7 
37 
35 
25 
14 
12 
8 
26 
29 
7 
26 
28 
38 
55 
56 
57 
10 
12 
29 
22 
7 
6 
4 
2 
9 
23 
21 
12 
7 
9 
20 
57 
46 
34 
30 
41 
21 
9 
26 
38 
65 
61 
72 
59 
70 
56 
43 
45 
7 
10 
28 
24 
1 
19 
56 
52 
56 
36 
31 
19 
14 
17 
3 
21 
31 
17 
18 
4 
10 
16 
31 
29 
59 
65 
62 
60 
49 
29 
26 
6 
11 
48 
19 
1 
16 
19 
37 
14 
0 
14 
28 
26 
47 
45 
42 
47 
44 
49 
38 
11 
15 
13 
10 
0 
12 
17 
9 
4 
0 
2 
4 
15 
17 
12 
5 
0 
17 
19 
5 
0 
0 
17 
5 
28 
27 
10 
17 
0 
1 
10 
10 
5 
4 
28 
11 
10 
33 
32 
47 
46 
21 
3 
36 
60 
59 
81 
79 
76 
65 
77 
56 
59 
61 
24 
25 
4 
18 
55 
100 
128 
130 
52 
21 
15 
18 
17 
61 
56 
59 
61 
54 
24 
9 
20 
19 
25 
39 
52 
73 
46 
18 
46 
34 
46 
50 
30 
29 
49 
45 
56 
73 
50 
50 
11 
12 
2 
9 
55 
69 
83 
104 
68 
80 
99 
78 
65 
51 
69 
79 
49 
3 
27 
49 
47 
44 
65 
93 
105 
107 
124 
141 
116 
67 
25 
8 
72 
151 
181 
162 
149 
127 
98 
68 
32 
3 
0 
12 
7 
43 
23 
26 
13 
8 
27 
45 
24 
42 
29 
7 
5 
18 
56 
53 
34 
30 
19 
40 
20 
56 
52 
64 
67 
78 
96 
113 
113 
113 
128 
126 
140 
128 
108 
55 
58 
61 
24 
5 
18 
47 
83 
94 
89 
52 
31 
2 
5 
9 
11 
0 
18 
5 
0 
0 
5 
19 
5 
1 
31 
45 
26 
16 
33 
42 
21 
62 
124 
138 
118 
113 
124 
134 
134 
103 
87 
70 
22 
13 
50 
50 
89 
95 
115 
190 
145 
99 
85 
47 
34 
4 
33 
102 
123 
128 
109 
97 
76 
71 
74 
108 
109 
86 
55 
39 
23 
23 
23 
8 
73 
120 
148 
191 
224 
208 
189 
218 
188 
134 
88 
73 
50 
19 
4 
35 
34 
34 
41 
73 
87 
118 
116 
121 
117 
121 
116 
78 
32 
19 
21 
32 
51 
69 
62 
63 
30 
1 
10 
27 
19 
28 
59 
106 
127 
108 
103 
106 
76 
29 
23 
9 
13 
36 
34 
104 
164 
175 
161 
154 
186 
192 
150 
154 
166 
122 
45 
31 
82 
85 
111 
129 
145 
129 
95 
5 
42 
96 
118 
122 
150 
136 
153 
105 
50 
18 
11 
18 
63 
66 
117 
238 
149 
101 
53 
1 
32 
31 
53 
92 
90 
80 
38 
59 
49 
15 
28 
5 
0 
17 
26 
35 
36 
36 
52 
36 
44 
11 
5 
5 
21 
37 
53 
69 
60 
75 
42 
33 
16 
1 
21 
3 
10 
17 
16 
0 
17 
26 
74 
74 
96 
63 
44 
5 
0 
26 
35 
36 
37 
53 
46 
63 
33 
18 
11 
21 
31 
49 
26 
58 
65 
64 
47 
76 
81 
38 
42 
38 
43 
23 
43 
22 
42 
45 
16 
3 
16 
2 
133 
206 
205 
138 
63 
14 
42 
122 
49 
32 
63 
79 
46 
61 
91 
113 
102 
121 
147 
195 
178 
200 
180 
192 
114 
69 
47 
50 
4 
15 
12 
39 
59 
93 
88 
114 
155 
108 
84 
51 
51 
82 
57 
24 
7 
5 
12 
22 
40 
59 
29 
24 
5 
13 
7 
26 
13 
7 
5 
13 
8 
21 
12 
32 
44 
64 
19 
111 
112 
64 
1 
60 
119 
153 
114 
67 
83 
99 
83 
11 
51 
72 
132 
111 
115 
46 
1 
12 
88 
139 
148 
131 
105 
103 
93 
60 
19 
50 
9 
39 
77 
52 
29 
38 
23 
23 
8 
24 
9 
21 
51 
57 
63 
83 
143 
144 
48 
17 
28 
97 
157 
120 
105 
98 
98 
59 
29 
8 
42 
45 
23 
9 
50 
66 
18 
6 
22 
53 
99 
136 
100 
79 
34 
41 
91 
93 
86 
40 
58 
76 
118 
119 
119 
119 
6 
73 
72 
71 
84 
127 
162 
148 
133 
126 
94 
14 
17 
32 
79 
125 
122 
141 
167 
151 
152 
121 
74 
12 
57 
78 
169 
148 
149 
46 
31 
17 
28 
48 
76 
48 
28 
1 
32 
65 
33 
49 
80 
63 
30 
33 
81 
96 
141 
138 
93 
1 
18 
21 
15 
13 
4 
5 
53 
46 
30 
30 
16 
0 
32 
63 
70 
75 
96 
44 
32 
12 
30 
32 
19 
52 
53 
53 
21 
26 
10 
10 
5 
5 
10 
5 
17 
17 
0 
16 
16 
15 
15 
47 
70 
107 
112 
93 
58 
22 
4 
30 
47 
32 
17 
2 
27 
49 
22 
27 
16 
0 
10 
35 
5 
16 
6 
59 
71 
106 
109 
151 
121 
98 
75 
45 
22 
39 
40 
7 
6 
29 
44 
36 
3 
2 
41 
71 
53 
51 
56 
21 
3 
9 
6 
11 
6 
42 
54 
81 
45 
17 
34 
46 
97 
122 
138 
129 
63 
1 
96 
134 
170 
220 
244 
211 
153 
56 
24 
9 
29 
52 
51 
2 
2 
2 
6 
8 
23 
6 
20 
25 
78 
51 
63 
51 
63 
50 
53 
31 
17 
3 
5 
32 
38 
43 
26 
0 
30 
77 
123 
81 
57 
84 
94 
95 
48 
48 
63 
142 
156 
152 
130 
114 
98 
91 
44 
2 
56 
37 
89 
132 
126 
79 
48 
33 
26 
27 
12 
4 
5 
49 
95 
108 
65 
1 
35 
52 
30 
16 
15 
32 
49 
10 
60 
91 
96 
141 
129 
92 
39 
42 
45 
40 
4 
41 
20 
48 
51 
46 
64 
74 
67 
20 
26 
0 
1 
2 
11 
1 
15 
0 
1 
21 
19 
52 
20 
20 
12 
36 
76 
91 
81 
64 
30 
12 
5 
17 
64 
94 
69 
12 
21 
15 
64 
90 
155 
171 
107 
10 
63 
96 
96 
111 
111 
85 
44 
27 
11 
10 
33 
31 
61 
58 
54 
27 
16 
50 
52 
69 
117 
92 
90 
65 
15 
49 
65 
65 
64 
63 
31 
1 
17 
0 
31 
15 
14 
21 
12 
27 
42 
65 
47 
45 
75 
48 
61 
26 
63 
76 
49 
17 
35 
69 
78 
95 
111 
111 
63 
16 
48 
32 
0 
17 
17 
17 
33 
33 
81 
65 
65 
33 
46 
47 
0 
0 
31 
47 
14 
53 
44 
59 
53 
126 
47 
31 
14 
53 
35 
68 
21 
85 
30 
33 
48 
47 
21 
51 
20 
14 
16 
48 
48 
65 
65 
63 
62 
76 
74 
48 
5 
12 
20 
84 
76 
11 
37 
5 
10 
28 
43 
33 
14 
12 
26 
5 
1 
30 
1 
21 
61 
75 
17 
15 
16 
49 
65 
17 
48 
78 
92 
90 
64 
61 
43 
33 
16 
49 
74 
58 
49 
32 
16 
15 
46 
37 
28 
27 
26 
26 
17 
1 
15 
31 
15 
15 
0 
0 
15 
17 
1 
5 
10 
35 
36 
37 
30 
1 
30 
17 
106 
21 
100 
60 
59 
11 
44 
91 
58 
16 
0 
33 
58 
58 
42 
58 
90 
81 
32 
63 
61 
59 
17 
15 
14 
3 
53 
46 
31 
32 
0 
16 
16 
0 
30 
69 
60 
43 
17 
0 
17 
18 
11 
1 
48 
66 
52 
53 
31 
32 
10 
19 
84 
60 
43 
11 
21 
60 
42 
16 
9 
27 
1 
0 
32 
80 
96 
96 
63 
63 
14 
2 
20 
14 
16 
30 
45 
59 
32 
31 
14 
37 
12 
4 
53 
117 
110 
14 
21 
60 
20 
21 
30 
46 
47 
31 
15 
0 
16 
16 
32 
32 
47 
63 
30 
26 
12 
27 
49 
38 
107 
118 
136 
153 
217 
254 
266 
315 
347 
344 
347 
292 
211 
178 
137 
71 
2 
66 
146 
217 
247 
180 
144 
115 
78 
57 
52 
94 
80 
81 
74 
58 
58 
17 
31 
16 
26 
35 
52 
85 
85 
69 
60 
42 
49 
17 
0 
31 
31 
46 
53 
60 
74 
48 
29 
33 
22 
11 
16 
3 
15 
73 
20 
47 
73 
52 
14 
41 
11 
16 
29 
10 
22 
42 
118 
152 
153 
89 
25 
70 
149 
146 
117 
105 
68 
56 
36 
7 
59 
23 
5 
41 
14 
3 
8 
46 
67 
9 
25 
107 
70 
24 
34 
75 
29 
77 
198 
149 
12 
38 
73 
43 
13 
56 
9 
75 
109 
77 
77 
100 
99 
105 
40 
7 
25 
57 
72 
87 
54 
4 
2 
25 
39 
21 
12 
2 
8 
17 
44 
70 
39 
25 
5 
12 
13 
9 
7 
37 
34 
39 
20 
25 
17 
44 
70 
72 
58 
44 
7 
17 
3 
24 
21 
2 
7 
4 
13 
8 
5 
13 
7 
27 
7 
4 
9 
10 
45 
40 
74 
77 
7 
94 
259 
95 
13 
26 
16 
29 
42 
63 
92 
71 
10 
29 
55 
26 
6 
17 
2 
21 
57 
52 
94 
111 
112 
48 
15 
78 
124 
122 
102 
81 
44 
39 
74 
77 
8 
20 
56 
52 
31 
12 
33 
29 
17 
25 
5 
8 
4 
8 
4 
15 
34 
5 
0 
2 
10 
0 
29 
42 
16 
1 
19 
37 
15 
0 
2 
20 
1 
16 
14 
28 
5 
16 
15 
1 
5 
21 
28 
43 
42 
47 
45 
26 
31 
28 
17 
32 
18 
4 
5 
15 
16 
13 
27 
17 
0 
10 
12 
27 
1 
15 
17 
13 
11 
5 
17 
15 
14 
53 
44 
11 
37 
69 
62 
69 
52 
3 
76 
91 
74 
81 
64 
46 
76 
58 
17 
0 
33 
51 
36 
37 
14 
14 
15 
16 
15 
14 
30 
69 
53 
44 
27 
26 
30 
46 
62 
142 
190 
60 
101 
95 
80 
112 
79 
62 
62 
53 
28 
27 
26 
48 
31 
29 
43 
49 
22 
27 
32 
18 
21 
32 
2 
5 
0 
1 
18 
4 
1 
0 
14 
29 
27 
33 
47 
45 
58 
39 
43 
39 
43 
23 
27 
16 
3 
15 
34 
37 
31 
41 
4 
30 
16 
5 
12 
17 
31 
61 
58 
16 
19 
30 
48 
65 
65 
49 
48 
0 
2 
4 
1 
0 
2 
20 
30 
48 
42 
35 
20 
1 
0 
0 
1 
5 
3 
20 
36 
68 
60 
59 
58 
65 
48 
31 
14 
5 
11 
11 
11 
27 
26 
58 
21 
5 
44 
42 
49 
47 
29 
27 
5 
1 
1 
16 
0 
1 
37 
28 
43 
10 
17 
16 
16 
17 
82 
84 
84 
37 
5 
12 
20 
37 
46 
64 
10 
19 
20 
21 
14 
14 
15 
16 
48 
49 
33 
26 
10 
26 
49 
49 
0 
0 
1 
10 
5 
10 
26 
26 
1 
5 
5 
5 
21 
1 
1 
16 
30 
21 
19 
28 
75 
42 
33 
49 
96 
79 
46 
3 
4 
52 
68 
44 
59 
26 
0 
16 
16 
14 
5 
10 
19 
52 
21 
10 
46 
47 
32 
1 
26 
3 
4 
36 
20 
26 
10 
14 
30 
31 
15 
31 
31 
30 
44 
26 
15 
64 
65 
33 
42 
26 
26 
26 
58 
58 
58 
10 
10 
10 
10 
5 
53 
124 
107 
49 
32 
50 
36 
37 
63 
80 
65 
26 
18 
27 
42 
64 
62 
60 
5 
64 
74 
35 
21 
0 
48 
81 
42 
35 
11 
10 
14 
31 
16 
33 
26 
3 
11 
10 
16 
15 
30 
37 
76 
42 
16 
34 
53 
62 
64 
65 
42 
3 
10 
16 
18 
20 
14 
32 
32 
33 
17 
5 
34 
68 
21 
5 
17 
48 
30 
3 
11 
1 
31 
49 
26 
3 
26 
1 
0 
26 
35 
52 
4 
4 
37 
37 
30 
0 
15 
14 
13 
27 
26 
16 
48 
58 
51 
36 
14 
16 
1 
3 
5 
0 
14 
53 
44 
59 
65 
15 
97 
122 
131 
132 
116 
69 
20 
20 
11 
27 
58 
58 
81 
65 
16 
31 
16 
14 
37 
51 
69 
14 
32 
33 
26 
10 
12 
11 
30 
31 
16 
16 
17 
33 
33 
33 
10 
10 
3 
21 
5 
1 
14 
14 
14 
1 
30 
46 
1 
65 
81 
30 
47 
31 
26 
12 
37 
46 
16 
30 
37 
19 
37 
14 
16 
33 
12 
11 
17 
15 
33 
35 
21 
1 
0 
1 
12 
10 
15 
49 
19 
20 
14 
47 
65 
81 
49 
17 
33 
1 
1 
21 
60 
27 
1 
15 
30 
28 
10 
46 
111 
79 
47 
14 
1 
0 
0 
14 
2 
4 
10 
0 
0 
33 
49 
49 
26 
10 
10 
10 
3 
11 
26 
14 
31 
48 
33 
17 
14 
37 
13 
59 
26 
31 
49 
35 
53 
1 
16 
15 
1 
19 
20 
17 
16 
17 
35 
69 
78 
47 
16 
1 
21 
3 
20 
5 
14 
46 
30 
1 
1 
15 
64 
126 
60 
53 
64 
51 
37 
30 
32 
34 
4 
17 
48 
62 
35 
53 
85 
69 
53 
10 
26 
21 
30 
15 
16 
16 
49 
42 
10 
20 
44 
27 
1 
1 
16 
15 
1 
10 
19 
4 
21 
31 
32 
49 
42 
35 
4 
4 
10 
1 
16 
15 
16 
33 
26 
26 
35 
36 
4 
10 
5 
1 
47 
32 
16 
32 
64 
48 
15 
0 
1 
14 
14 
30 
1 
74 
42 
5 
68 
52 
3 
11 
1 
16 
30 
13 
20 
78 
79 
81 
42 
10 
51 
36 
20 
26 
49 
32 
14 
10 
11 
4 
27 
51 
68 
60 
43 
59 
27 
4 
4 
4 
4 
28 
27 
11 
5 
1 
1 
0 
0 
15 
14 
5 
12 
20 
37 
46 
64 
48 
32 
33 
14 
46 
44 
27 
5 
47 
63 
64 
64 
48 
48 
32 
31 
0 
14 
1 
26 
3 
11 
10 
17 
0 
15 
14 
29 
27 
5 
46 
32 
16 
65 
58 
26 
26 
42 
27 
3 
4 
10 
17 
32 
48 
17 
31 
47 
63 
16 
80 
81 
81 
49 
1 
14 
21 
5 
19 
11 
11 
5 
17 
15 
0 
30 
5 
59 
51 
36 
4 
5 
14 
1 
15 
15 
30 
10 
19 
5 
17 
15 
13 
4 
17 
15 
49 
10 
27 
51 
52 
36 
53 
62 
1 
5 
5 
5 
5 
1 
1 
0 
15 
31 
30 
37 
28 
5 
30 
48 
33 
26 
43 
67 
36 
12 
27 
27 
27 
11 
21 
37 
36 
28 
11 
5 
14 
31 
49 
26 
19 
4 
10 
30 
15 
0 
14 
21 
12 
11 
14 
15 
33 
58 
51 
53 
14 
0 
15 
78 
77 
43 
14 
32 
2 
52 
68 
85 
101 
85 
37 
17 
1 
46 
1 
17 
30 
62 
46 
30 
10 
10 
1 
17 
81 
161 
128 
1 
2 
11 
62 
65 
51 
52 
46 
32 
10 
3 
21 
14 
15 
0 
14 
3 
4 
21 
1 
32 
16 
65 
58 
59 
51 
52 
4 
10 
10 
14 
0 
0 
14 
10 
3 
4 
10 
17 
17 
16 
16 
5 
3 
21 
14 
16 
17 
35 
4 
37 
62 
62 
47 
31 
15 
15 
0 
16 
31 
21 
28 
10 
1 
15 
14 
18 
36 
69 
46 
46 
15 
30 
13 
4 
5 
30 
31 
48 
32 
33 
10 
12 
11 
42 
80 
46 
2 
20 
30 
65 
67 
52 
21 
1 
16 
49 
42 
74 
58 
49 
30 
14 
49 
65 
49 
1 
5 
37 
68 
92 
107 
33 
15 
1 
35 
101 
78 
47 
47 
32 
48 
32 
17 
17 
5 
5 
11 
28 
43 
33 
0 
31 
5 
3 
37 
30 
0 
17 
26 
19 
36 
69 
53 
30 
17 
1 
1 
0 
15 
78 
28 
1 
16 
42 
59 
91 
107 
106 
112 
93 
74 
54 
26 
23 
27 
32 
67 
30 
18 
5 
0 
18 
4 
0 
78 
76 
65 
38 
27 
0 
12 
16 
12 
16 
28 
16 
12 
7 
27 
22 
17 
28 
7 
11 
25 
1 
2 
0 
131 
95 
82 
53 
46 
32 
17 
17 
62 
62 
62 
46 
30 
30 
14 
5 
36 
44 
43 
49 
32 
1 
12 
10 
32 
22 
27 
32 
29 
42 
39 
4 
40 
52 
16 
28 
5 
0 
13 
26 
32 
29 
10 
16 
19 
14 
0 
28 
26 
31 
28 
32 
61 
33 
13 
26 
39 
11 
31 
19 
30 
33 
3 
14 
0 
2 
4 
26 
16 
17 
12 
4 
1 
0 
17 
12 
4 
17 
47 
29 
43 
10 
16 
14 
12 
11 
17 
15 
13 
27 
17 
14 
28 
10 
0 
1 
28 
33 
16 
2 
5 
16 
2 
4 
30 
48 
10 
28 
42 
64 
61 
75 
65 
22 
58 
0 
3 
31 
82 
68 
14 
79 
110 
60 
17 
32 
13 
37 
95 
33 
19 
26 
33 
31 
1 
5 
28 
27 
42 
17 
0 
14 
5 
28 
26 
16 
14 
13 
11 
5 
1 
0 
14 
21 
12 
5 
16 
14 
28 
10 
1 
0 
1 
27 
35 
20 
11 
26 
33 
48 
31 
30 
53 
44 
10 
14 
31 
32 
49 
33 
17 
1 
21 
37 
36 
44 
27 
26 
5 
10 
5 
5 
17 
33 
17 
32 
16 
15 
16 
32 
48 
31 
47 
48 
47 
47 
0 
31 
14 
1 
33 
33 
17 
1 
0 
0 
31 
63 
47 
31 
1 
5 
10 
5 
37 
5 
5 
5 
5 
11 
19 
4 
11 
27 
59 
43 
35 
11 
11 
52 
36 
20 
12 
11 
5 
1 
14 
15 
32 
0 
31 
31 
30 
30 
37 
20 
4 
4 
27 
59 
74 
58 
32 
15 
2 
36 
53 
101 
92 
58 
33 
0 
15 
15 
0 
0 
16 
0 
0 
14 
1 
17 
17 
32 
16 
0 
0 
15 
31 
47 
63 
30 
10 
26 
27 
27 
19 
27 
11 
11 
11 
20 
44 
27 
27 
21 
30 
31 
0 
10 
19 
4 
1 
0 
16 
17 
5 
3 
5 
1 
0 
17 
34 
36 
5 
10 
1 
16 
17 
26 
19 
20 
69 
53 
30 
14 
0 
15 
15 
1 
21 
12 
11 
5 
1 
15 
32 
33 
42 
26 
19 
36 
37 
21 
5 
14 
1 
1 
1 
1 
32 
16 
16 
31 
14 
21 
28 
26 
48 
22 
11 
47 
98 
69 
47 
25 
20 
14 
1 
3 
5 
15 
2 
10 
32 
29 
10 
48 
51 
53 
32 
50 
20 
1 
31 
44 
17 
25 
20 
15 
13 
21 
16 
19 
14 
25 
20 
46 
32 
2 
11 
16 
9 
11 
31 
50 
53 
63 
17 
28 
33 
15 
51 
53 
0 
2 
11 
0 
2 
4 
31 
34 
21 
47 
32 
10 
3 
21 
15 
9 
27 
17 
9 
11 
0 
2 
5 
9 
11 
0 
2 
20 
31 
57 
36 
46 
49 
19 
5 
15 
1 
3 
21 
47 
34 
4 
1 
31 
29 
43 
16 
49 
82 
36 
21 
31 
48 
34 
20 
21 
32 
1 
3 
4 
30 
16 
33 
67 
36 
20 
5 
1 
0 
48 
46 
13 
4 
30 
32 
18 
4 
1 
0 
2 
20 
30 
47 
33 
35 
4 
17 
0 
13 
42 
47 
28 
14 
49 
51 
69 
62 
47 
48 
32 
33 
10 
19 
4 
5 
5 
17 
0 
17 
34 
4 
17 
32 
14 
3 
21 
30 
46 
46 
30 
15 
15 
0 
15 
1 
3 
4 
1 
16 
33 
18 
11 
5 
14 
0 
1 
2 
4 
5 
14 
16 
17 
34 
20 
37 
78 
47 
32 
14 
1 
5 
37 
60 
27 
17 
15 
33 
19 
53 
47 
32 
1 
17 
26 
35 
4 
4 
17 
16 
15 
2 
11 
0 
25 
20 
46 
48 
26 
35 
20 
20 
4 
4 
20 
21 
14 
14 
0 
0 
14 
37 
12 
4 
53 
53 
46 
46 
37 
37 
20 
4 
4 
11 
11 
5 
5 
1 
1 
16 
63 
62 
45 
11 
14 
15 
17 
34 
52 
53 
62 
47 
32 
49 
42 
26 
10 
17 
14 
47 
112 
15 
80 
49 
42 
51 
4 
5 
5 
17 
16 
31 
21 
35 
20 
21 
14 
14 
15 
16 
16 
1 
30 
21 
10 
19 
36 
37 
30 
47 
32 
16 
1 
1 
5 
3 
4 
11 
21 
14 
31 
32 
0 
21 
19 
4 
5 
5 
46 
46 
14 
15 
0 
0 
17 
5 
12 
11 
10 
1 
16 
17 
2 
4 
37 
30 
31 
32 
1 
21 
3 
5 
14 
31 
32 
48 
32 
32 
15 
31 
32 
32 
16 
1 
1 
1 
1 
1 
17 
17 
5 
53 
21 
35 
4 
36 
37 
21 
17 
17 
14 
31 
31 
31 
31 
16 
63 
0 
33 
26 
10 
3 
4 
10 
17 
32 
47 
2 
36 
46 
47 
31 
32 
0 
32 
33 
10 
4 
19 
20 
21 
14 
32 
47 
5 
35 
76 
59 
65 
63 
46 
5 
10 
37 
52 
36 
12 
4 
37 
69 
46 
14 
14 
62 
21 
51 
36 
10 
14 
15 
0 
33 
10 
12 
4 
37 
62 
79 
63 
0 
112 
112 
32 
15 
21 
83 
116 
85 
78 
65 
96 
46 
28 
10 
15 
14 
26 
74 
51 
20 
5 
16 
14 
19 
52 
53 
46 
31 
0 
17 
42 
67 
36 
21 
1 
17 
5 
10 
4 
4 
27 
75 
58 
49 
16 
17 
42 
67 
84 
69 
30 
47 
16 
16 
33 
17 
21 
92 
123 
97 
32 
90 
83 
52 
37 
46 
30 
79 
47 
15 
0 
16 
32 
32 
0 
0 
15 
30 
28 
11 
17 
33 
35 
53 
63 
63 
31 
15 
31 
31 
30 
14 
1 
0 
0 
1 
21 
44 
27 
10 
46 
15 
64 
33 
1 
10 
3 
11 
42 
48 
15 
34 
4 
53 
78 
63 
32 
48 
17 
17 
10 
10 
11 
4 
11 
11 
19 
11 
4 
4 
5 
17 
32 
31 
5 
3 
21 
14 
47 
79 
62 
46 
14 
21 
21 
21 
21 
33 
49 
16 
15 
1 
5 
19 
4 
10 
26 
33 
0 
32 
58 
75 
51 
52 
37 
5 
49 
81 
64 
0 
33 
34 
36 
37 
62 
31 
16 
16 
0 
14 
5 
51 
36 
33 
48 
47 
29 
42 
16 
34 
53 
62 
47 
48 
49 
51 
36 
37 
37 
53 
37 
21 
19 
36 
27 
27 
11 
27 
27 
11 
12 
4 
27 
74 
21 
30 
1 
1 
48 
112 
111 
18 
68 
94 
32 
82 
84 
78 
64 
33 
30 
37 
20 
19 
27 
21 
53 
46 
14 
15 
0 
48 
32 
47 
30 
13 
20 
53 
31 
65 
50 
36 
14 
31 
48 
48 
17 
1 
14 
5 
10 
10 
52 
28 
37 
62 
46 
46 
30 
14 
33 
81 
80 
47 
33 
51 
36 
30 
31 
32 
16 
1 
14 
2 
36 
53 
31 
0 
21 
28 
36 
37 
53 
53 
44 
27 
27 
10 
5 
37 
60 
59 
49 
16 
33 
58 
67 
52 
100 
20 
4 
11 
26 
49 
32 
15 
21 
12 
11 
21 
47 
31 
16 
49 
42 
26 
19 
5 
14 
15 
0 
31 
47 
0 
0 
96 
96 
111 
78 
78 
10 
42 
59 
203 
219 
37 
95 
128 
90 
51 
20 
20 
21 
17 
64 
110 
29 
4 
1 
63 
32 
64 
65 
81 
81 
33 
16 
0 
0 
0 
15 
0 
0 
15 
15 
15 
14 
14 
14 
37 
36 
20 
11 
27 
59 
42 
33 
16 
0 
5 
51 
68 
36 
44 
43 
11 
11 
58 
42 
49 
33 
15 
31 
16 
32 
32 
15 
31 
15 
48 
112 
16 
47 
0 
64 
33 
65 
58 
51 
11 
27 
10 
33 
15 
80 
42 
36 
19 
21 
17 
33 
16 
15 
1 
33 
58 
59 
43 
43 
43 
11 
5 
5 
4 
28 
43 
33 
16 
16 
65 
97 
112 
94 
92 
58 
33 
0 
17 
42 
74 
58 
58 
33 
16 
0 
17 
26 
26 
83 
68 
68 
60 
43 
10 
1 
0 
17 
18 
4 
5 
1 
0 
16 
17 
33 
26 
26 
101 
62 
62 
46 
31 
31 
47 
48 
31 
0 
0 
1 
17 
42 
43 
43 
43 
43 
27 
4 
4 
5 
21 
21 
90 
81 
15 
49 
74 
67 
20 
68 
117 
69 
37 
1 
14 
1 
33 
48 
48 
31 
1 
10 
3 
52 
53 
69 
37 
11 
4 
21 
37 
36 
19 
20 
11 
26 
10 
21 
21 
21 
12 
11 
17 
16 
33 
18 
20 
14 
16 
1 
12 
17 
15 
2 
52 
94 
79 
63 
47 
47 
14 
1 
0 
16 
31 
17 
37 
12 
26 
0 
33 
3 
10 
17 
16 
48 
64 
32 
17 
42 
35 
36 
69 
37 
10 
17 
14 
79 
31 
17 
81 
129 
80 
15 
49 
19 
58 
15 
57 
52 
47 
12 
81 
70 
37 
64 
66 
36 
46 
64 
49 
42 
26 
3 
4 
21 
1 
0 
48 
64 
0 
16 
0 
16 
17 
1 
21 
21 
28 
10 
17 
15 
10 
19 
36 
37 
30 
15 
0 
21 
3 
21 
30 
15 
0 
16 
49 
26 
10 
35 
36 
4 
10 
17 
33 
31 
48 
32 
1 
17 
33 
21 
11 
51 
36 
11 
59 
42 
74 
33 
95 
113 
58 
12 
107 
26 
15 
25 
27 
33 
6 
36 
62 
48 
26 
26 
59 
26 
26 
58 
83 
20 
11 
10 
17 
32 
14 
3 
20 
21 
46 
46 
31 
15 
15 
31 
0 
15 
30 
37 
12 
11 
10 
17 
16 
33 
34 
20 
21 
14 
0 
17 
35 
4 
5 
1 
16 
5 
44 
26 
0 
50 
52 
85 
78 
46 
46 
17 
49 
0 
48 
65 
81 
49 
0 
31 
96 
31 
64 
1 
65 
10 
12 
27 
11 
10 
33 
31 
0 
0 
1 
5 
3 
21 
15 
17 
35 
36 
37 
21 
21 
21 
14 
31 
31 
48 
48 
17 
1 
17 
1 
1 
14 
14 
21 
37 
3 
36 
5 
14 
30 
0 
15 
30 
45 
75 
74 
47 
29 
53 
73 
36 
32 
19 
30 
66 
69 
0 
3 
1 
15 
28 
17 
1 
3 
1 
9 
11 
15 
12 
1 
25 
20 
47 
65 
67 
52 
30 
31 
48 
65 
42 
27 
19 
36 
20 
21 
5 
5 
21 
5 
10 
17 
17 
16 
0 
17 
21 
12 
4 
5 
0 
0 
17 
26 
19 
20 
5 
64 
15 
34 
36 
69 
69 
37 
52 
36 
20 
4 
36 
11 
43 
43 
74 
1 
63 
48 
17 
10 
3 
4 
4 
10 
1 
16 
16 
33 
26 
3 
20 
21 
21 
14 
14 
14 
14 
1 
0 
16 
0 
17 
10 
3 
4 
5 
14 
15 
0 
1 
21 
12 
4 
1 
0 
1 
3 
21 
15 
16 
10 
51 
68 
60 
27 
43 
42 
10 
11 
3 
4 
4 
5 
10 
17 
16 
31 
14 
13 
11 
1 
16 
26 
43 
27 
43 
43 
43 
27 
12 
20 
20 
5 
1 
0 
0 
17 
5 
10 
3 
4 
5 
5 
1 
16 
15 
10 
3 
5 
1 
16 
33 
35 
36 
21 
15 
32 
17 
17 
10 
35 
4 
10 
17 
0 
0 
1 
10 
3 
20 
21 
46 
46 
15 
16 
0 
0 
5 
12 
4 
17 
0 
18 
36 
21 
30 
47 
31 
16 
0 
16 
17 
1 
21 
12 
11 
1 
15 
16 
1 
10 
3 
5 
14 
16 
17 
26 
35 
20 
37 
53 
53 
37 
21 
26 
10 
10 
17 
16 
0 
16 
17 
10 
10 
3 
11 
5 
1 
15 
15 
16 
17 
10 
3 
11 
5 
14 
15 
16 
17 
10 
3 
4 
21 
14 
16 
1 
10 
19 
20 
21 
30 
15 
0 
15 
1 
17 
26 
35 
4 
4 
21 
14 
0 
0 
14 
21 
3 
21 
14 
15 
32 
33 
49 
49 
33 
16 
32 
0 
15 
14 
5 
12 
11 
4 
5 
21 
14 
30 
30 
46 
46 
30 
21 
5 
26 
26 
17 
16 
0 
0 
1 
10 
11 
35 
36 
52 
36 
28 
4 
11 
27 
11 
5 
5 
11 
11 
27 
19 
20 
20 
20 
20 
5 
10 
10 
10 
10 
17 
17 
17 
0 
15 
16 
33 
42 
35 
36 
37 
21 
21 
1 
1 
17 
0 
0 
0 
16 
16 
1 
17 
26 
26 
11 
11 
19 
20 
4 
4 
10 
10 
17 
0 
0 
1 
5 
19 
4 
21 
14 
0 
17 
26 
19 
52 
44 
75 
58 
49 
32 
47 
30 
21 
12 
20 
21 
5 
21 
21 
21 
21 
11 
4 
28 
11 
10 
1 
14 
31 
31 
32 
32 
16 
17 
17 
10 
42 
26 
11 
4 
11 
11 
11 
19 
4 
4 
4 
5 
10 
1 
14 
15 
15 
15 
16 
0 
1 
1 
10 
4 
12 
4 
5 
16 
31 
13 
27 
1 
32 
42 
74 
106 
97 
64 
46 
28 
27 
10 
26 
17 
0 
16 
16 
1 
17 
5 
4 
11 
43 
43 
27 
10 
10 
1 
15 
32 
32 
17 
10 
5 
35 
20 
4 
21 
5 
14 
1 
14 
0 
0 
16 
32 
17 
17 
10 
10 
19 
20 
20 
21 
14 
1 
0 
0 
0 
0 
1 
21 
5 
28 
4 
14 
15 
48 
49 
58 
51 
4 
10 
10 
1 
15 
15 
16 
1 
1 
10 
3 
10 
17 
15 
1 
3 
4 
14 
15 
31 
32 
32 
16 
17 
26 
26 
3 
4 
21 
53 
53 
53 
12 
11 
11 
11 
20 
12 
27 
43 
26 
16 
14 
2 
11 
17 
1 
28 
26 
16 
50 
84 
108 
123 
113 
79 
62 
60 
43 
17 
0 
16 
32 
49 
49 
33 
17 
17 
17 
0 
0 
15 
31 
1 
26 
3 
4 
17 
0 
16 
42 
42 
27 
35 
36 
36 
21 
5 
14 
14 
1 
1 
16 
0 
16 
16 
17 
5 
10 
19 
4 
5 
17 
1 
16 
1 
5 
12 
4 
1 
0 
0 
5 
3 
21 
30 
32 
17 
3 
5 
16 
30 
28 
1 
16 
34 
36 
53 
46 
62 
47 
47 
31 
31 
31 
15 
0 
31 
31 
1 
1 
10 
10 
27 
3 
4 
5 
5 
14 
31 
16 
1 
1 
5 
19 
4 
5 
17 
16 
0 
1 
28 
26 
48 
29 
17 
9 
36 
