10 
20 
20 
28 
43 
27 
26 
10 
17 
1 
0 
15 
31 
14 
14 
21 
28 
27 
5 
14 
31 
0 
17 
26 
42 
5 
53 
69 
37 
37 
20 
44 
59 
26 
33 
32 
14 
2 
20 
62 
31 
1 
5 
3 
5 
33 
48 
0 
49 
1 
14 
30 
30 
30 
30 
1 
1 
14 
26 
5 
52 
92 
90 
81 
15 
29 
10 
0 
17 
19 
14 
16 
2 
4 
5 
0 
16 
1 
5 
12 
27 
26 
17 
16 
0 
1 
5 
12 
11 
10 
49 
47 
1 
3 
4 
14 
16 
10 
12 
26 
33 
16 
17 
33 
42 
58 
65 
48 
46 
44 
49 
61 
65 
77 
56 
74 
76 
77 
61 
29 
20 
3 
150 
120 
105 
89 
73 
56 
55 
53 
35 
40 
37 
57 
37 
41 
20 
31 
34 
20 
30 
32 
34 
36 
21 
31 
32 
32 
49 
26 
58 
26 
74 
186 
97 
80 
138 
147 
180 
156 
139 
33 
50 
101 
105 
53 
41 
21 
41 
69 
89 
101 
112 
114 
68 
37 
26 
81 
65 
49 
0 
0 
0 
17 
26 
58 
19 
11 
5 
37 
30 
47 
47 
48 
32 
31 
62 
37 
12 
4 
21 
33 
16 
0 
1 
14 
69 
76 
75 
65 
63 
77 
90 
71 
42 
38 
9 
11 
6 
7 
21 
19 
104 
62 
3 
40 
37 
18 
53 
22 
43 
49 
102 
123 
48 
3 
30 
50 
37 
15 
140 
160 
77 
8 
4 
89 
14 
67 
184 
196 
191 
145 
5 
110 
159 
177 
154 
90 
26 
17 
0 
0 
5 
12 
10 
31 
13 
59 
64 
29 
1 
9 
21 
40 
36 
0 
28 
32 
61 
42 
6 
43 
31 
28 
17 
13 
10 
15 
12 
1 
13 
26 
39 
59 
39 
43 
70 
81 
35 
105 
183 
149 
153 
68 
0 
158 
236 
273 
141 
23 
52 
25 
30 
115 
175 
179 
126 
32 
30 
62 
94 
111 
95 
31 
62 
46 
61 
11 
10 
31 
49 
19 
5 
16 
14 
2 
11 
1 
128 
262 
251 
23 
181 
258 
206 
145 
67 
20 
90 
170 
321 
223 
93 
17 
121 
181 
208 
99 
10 
65 
64 
79 
37 
12 
10 
17 
48 
1 
19 
20 
1 
0 
0 
14 
28 
43 
58 
64 
110 
108 
17 
121 
181 
143 
49 
5 
36 
76 
107 
90 
65 
0 
66 
68 
69 
62 
14 
17 
33 
49 
81 
81 
65 
32 
63 
78 
45 
11 
31 
73 
11 
81 
6 
20 
15 
66 
85 
79 
65 
42 
74 
43 
5 
62 
79 
97 
97 
90 
106 
106 
49 
15 
49 
35 
4 
17 
47 
93 
4 
14 
41 
36 
110 
48 
1 
29 
203 
250 
47 
163 
303 
273 
78 
47 
32 
10 
3 
21 
63 
65 
19 
10 
1 
0 
1 
10 
19 
20 
5 
1 
15 
16 
32 
48 
64 
64 
48 
31 
0 
1 
10 
3 
4 
5 
14 
14 
31 
31 
15 
0 
49 
65 
74 
59 
35 
52 
124 
123 
58 
33 
49 
67 
94 
96 
17 
10 
35 
52 
5 
170 
106 
37 
62 
95 
78 
14 
50 
84 
62 
63 
32 
17 
59 
35 
68 
148 
140 
74 
0 
83 
158 
146 
100 
94 
47 
0 
32 
65 
81 
74 
59 
83 
36 
4 
37 
21 
5 
68 
60 
21 
94 
111 
80 
17 
1 
31 
31 
32 
80 
97 
113 
129 
80 
143 
157 
106 
41 
254 
306 
229 
127 
64 
0 
49 
58 
67 
85 
46 
16 
2 
37 
95 
96 
74 
42 
11 
21 
37 
37 
21 
10 
42 
58 
58 
33 
48 
47 
21 
3 
10 
81 
143 
125 
5 
40 
11 
128 
19 
143 
163 
175 
33 
124 
203 
122 
0 
98 
148 
142 
158 
141 
74 
336 
563 
316 
69 
192 
243 
149 
69 
85 
60 
91 
49 
16 
35 
79 
66 
85 
208 
186 
123 
122 
49 
32 
49 
115 
158 
79 
81 
106 
106 
106 
49 
49 
67 
62 
121 
132 
142 
96 
42 
51 
53 
17 
65 
33 
1 
14 
37 
53 
44 
11 
33 
15 
2 
4 
5 
0 
17 
10 
60 
27 
113 
176 
118 
27 
31 
34 
53 
80 
146 
165 
126 
62 
33 
58 
83 
68 
101 
78 
78 
46 
46 
30 
14 
53 
28 
27 
97 
86 
20 
143 
162 
116 
49 
48 
0 
30 
5 
67 
108 
139 
106 
16 
66 
85 
112 
115 
101 
64 
33 
19 
4 
69 
53 
53 
61 
4 
30 
48 
34 
139 
112 
102 
106 
71 
74 
61 
40 
26 
28 
54 
39 
56 
73 
73 
56 
55 
38 
20 
173 
103 
89 
34 
2 
12 
12 
29 
29 
38 
24 
9 
11 
2 
24 
30 
3 
23 
5 
2 
15 
19 
40 
20 
24 
4 
63 
60 
48 
60 
32 
28 
8 
4 
25 
14 
3 
40 
37 
35 
39 
20 
24 
4 
0 
13 
5 
15 
17 
12 
27 
33 
32 
31 
13 
27 
10 
16 
46 
45 
43 
32 
1 
19 
14 
16 
13 
10 
16 
29 
26 
15 
19 
32 
77 
74 
6 
11 
39 
75 
71 
91 
86 
8 
117 
83 
88 
69 
57 
37 
57 
36 
145 
102 
107 
71 
75 
55 
58 
45 
23 
21 
66 
87 
36 
41 
5 
6 
42 
70 
74 
70 
65 
3 
25 
7 
11 
22 
39 
84 
73 
30 
13 
74 
70 
59 
24 
53 
56 
20 
0 
9 
27 
0 
38 
107 
80 
12 
1 
2 
1 
25 
21 
9 
27 
23 
27 
32 
92 
64 
28 
8 
5 
25 
46 
34 
15 
13 
33 
77 
81 
76 
24 
101 
121 
37 
22 
27 
16 
19 
17 
15 
28 
5 
0 
29 
43 
17 
49 
51 
37 
0 
15 
46 
76 
139 
208 
134 
26 
2 
95 
147 
208 
195 
126 
0 
110 
141 
155 
138 
96 
2 
52 
79 
81 
26 
12 
27 
42 
64 
111 
45 
11 
0 
9 
27 
15 
51 
110 
137 
52 
10 
33 
16 
31 
95 
78 
78 
61 
43 
17 
0 
2 
20 
30 
16 
3 
10 
80 
95 
156 
177 
70 
30 
130 
191 
163 
62 
32 
10 
28 
43 
74 
97 
80 
111 
17 
67 
37 
97 
192 
109 
37 
112 
51 
14 
81 
131 
117 
78 
31 
17 
26 
67 
229 
206 
126 
78 
19 
69 
79 
65 
51 
53 
46 
31 
0 
14 
14 
17 
16 
15 
64 
64 
65 
97 
97 
272 
191 
92 
120 
261 
265 
180 
126 
47 
0 
49 
90 
115 
148 
133 
110 
62 
10 
51 
20 
10 
1 
16 
15 
21 
3 
36 
33 
192 
86 
11 
31 
18 
62 
49 
35 
46 
32 
1 
21 
4 
3 
11 
35 
4 
4 
68 
133 
117 
141 
91 
69 
128 
114 
100 
53 
46 
15 
32 
64 
80 
95 
95 
62 
92 
11 
1 
47 
44 
17 
89 
148 
110 
80 
65 
58 
26 
21 
62 
95 
97 
90 
67 
100 
100 
76 
75 
17 
0 
28 
33 
57 
132 
143 
122 
51 
59 
58 
74 
113 
80 
15 
1 
29 
75 
58 
47 
33 
108 
106 
31 
162 
212 
142 
62 
30 
5 
67 
196 
302 
174 
28 
11 
15 
65 
3 
53 
79 
33 
42 
67 
11 
107 
58 
1 
0 
33 
5 
11 
4 
11 
27 
4 
5 
5 
30 
79 
64 
16 
16 
32 
0 
33 
65 
58 
42 
10 
14 
30 
31 
47 
96 
128 
112 
47 
1 
35 
20 
33 
0 
33 
58 
3 
27 
17 
16 
15 
5 
60 
43 
17 
16 
1 
12 
4 
1 
16 
62 
21 
44 
59 
49 
32 
17 
66 
68 
37 
30 
15 
0 
79 
63 
21 
12 
4 
81 
0 
49 
58 
19 
11 
10 
42 
90 
97 
32 
16 
33 
10 
11 
60 
75 
42 
30 
79 
96 
81 
49 
49 
16 
80 
193 
225 
112 
16 
98 
52 
53 
30 
15 
0 
47 
63 
46 
14 
10 
26 
10 
4 
20 
60 
59 
58 
49 
32 
15 
2 
4 
5 
0 
1 
5 
44 
58 
48 
1 
3 
33 
22 
75 
175 
154 
163 
164 
156 
138 
119 
122 
12 
29 
22 
29 
4 
13 
24 
26 
29 
40 
107 
285 
198 
70 
138 
188 
198 
151 
87 
71 
23 
57 
98 
91 
108 
93 
77 
45 
2 
18 
29 
109 
132 
83 
57 
7 
59 
70 
65 
12 
57 
62 
51 
72 
53 
57 
46 
18 
1 
34 
14 
6 
26 
22 
5 
57 
53 
73 
37 
16 
12 
48 
45 
33 
18 
46 
18 
30 
73 
53 
56 
11 
64 
93 
65 
29 
14 
3 
7 
20 
137 
213 
169 
84 
46 
15 
47 
142 
197 
188 
129 
22 
69 
146 
159 
163 
95 
50 
10 
71 
75 
64 
76 
32 
12 
39 
52 
88 
68 
95 
130 
101 
143 
64 
14 
62 
94 
133 
109 
75 
33 
32 
51 
69 
64 
50 
37 
16 
29 
11 
0 
2 
37 
48 
83 
62 
32 
42 
35 
21 
14 
16 
63 
47 
14 
19 
20 
10 
0 
33 
66 
84 
110 
95 
31 
0 
64 
96 
112 
79 
1 
2 
4 
14 
64 
66 
84 
30 
15 
14 
12 
43 
33 
30 
19 
94 
96 
51 
10 
1 
0 
29 
11 
17 
16 
19 
5 
15 
50 
20 
17 
0 
2 
36 
62 
80 
97 
90 
43 
27 
43 
43 
74 
113 
16 
18 
68 
111 
129 
131 
100 
76 
11 
62 
128 
146 
68 
21 
64 
63 
18 
11 
32 
1 
19 
62 
64 
67 
100 
78 
62 
14 
21 
21 
60 
90 
64 
41 
68 
143 
177 
154 
75 
53 
110 
63 
64 
17 
58 
115 
20 
58 
14 
15 
15 
63 
94 
21 
3 
5 
15 
17 
19 
46 
80 
81 
35 
36 
21 
1 
15 
15 
16 
0 
0 
16 
15 
16 
16 
14 
30 
21 
37 
36 
44 
27 
17 
15 
16 
1 
1 
5 
5 
5 
5 
21 
21 
5 
5 
5 
21 
5 
5 
5 
14 
14 
21 
5 
28 
107 
90 
64 
38 
11 
47 
89 
84 
53 
31 
0 
31 
30 
126 
190 
93 
27 
94 
192 
177 
138 
106 
49 
15 
2 
36 
79 
82 
85 
80 
98 
100 
78 
63 
31 
15 
17 
42 
35 
4 
21 
30 
46 
31 
0 
48 
64 
1 
14 
49 
81 
81 
49 
49 
16 
0 
1 
21 
60 
27 
1 
48 
65 
58 
35 
4 
4 
11 
51 
100 
164 
108 
27 
21 
62 
63 
48 
33 
5 
20 
140 
203 
177 
102 
53 
153 
245 
240 
161 
58 
1 
31 
65 
50 
36 
46 
49 
67 
110 
80 
10 
19 
20 
10 
33 
48 
47 
14 
17 
26 
74 
90 
58 
10 
33 
16 
15 
14 
3 
4 
10 
81 
64 
15 
18 
4 
5 
15 
16 
53 
12 
11 
10 
1 
0 
1 
5 
12 
11 
10 
10 
17 
16 
15 
0 
1 
10 
10 
27 
19 
4 
11 
52 
28 
27 
10 
10 
16 
15 
13 
27 
17 
31 
28 
32 
29 
17 
13 
17 
3 
7 
11 
6 
6 
4 
9 
6 
4 
41 
23 
4 
6 
9 
11 
6 
6 
68 
50 
23 
20 
18 
39 
20 
41 
53 
61 
49 
13 
31 
19 
87 
52 
16 
28 
56 
20 
72 
21 
54 
97 
45 
39 
36 
25 
17 
12 
24 
30 
19 
25 
87 
100 
89 
30 
18 
1 
2 
21 
73 
84 
62 
80 
65 
10 
53 
100 
140 
106 
48 
34 
37 
56 
36 
40 
52 
48 
35 
63 
51 
46 
33 
3 
42 
48 
29 
43 
16 
41 
100 
94 
81 
18 
27 
1 
31 
17 
12 
10 
31 
17 
19 
11 
33 
0 
2 
4 
30 
49 
51 
53 
14 
0 
49 
74 
75 
75 
52 
36 
36 
36 
12 
59 
59 
49 
32 
6 
27 
23 
4 
8 
10 
13 
23 
85 
114 
119 
36 
24 
20 
15 
3 
42 
95 
93 
75 
64 
28 
15 
35 
71 
84 
105 
62 
66 
110 
66 
37 
32 
2 
59 
17 
16 
5 
28 
5 
15 
33 
35 
37 
15 
1 
3 
21 
31 
48 
42 
3 
27 
26 
64 
63 
2 
5 
47 
18 
69 
128 
83 
37 
17 
79 
78 
76 
58 
0 
35 
62 
80 
35 
21 
95 
129 
155 
27 
68 
68 
60 
75 
106 
97 
47 
2 
53 
80 
83 
69 
48 
18 
11 
17 
1 
3 
21 
31 
129 
139 
75 
20 
68 
68 
20 
19 
20 
36 
5 
1 
33 
16 
15 
1 
18 
36 
37 
62 
96 
97 
49 
10 
5 
37 
37 
5 
10 
27 
43 
27 
27 
11 
4 
11 
59 
58 
10 
49 
16 
16 
58 
107 
107 
100 
100 
84 
76 
59 
42 
49 
31 
1 
12 
10 
32 
30 
28 
1 
16 
34 
36 
30 
48 
42 
51 
20 
4 
5 
5 
10 
26 
26 
43 
75 
59 
59 
43 
26 
33 
32 
47 
62 
60 
42 
32 
13 
27 
32 
44 
14 
2 
5 
25 
5 
16 
19 
30 
41 
20 
1 
16 
10 
3 
5 
1 
0 
0 
0 
0 
1 
14 
14 
30 
62 
53 
37 
12 
11 
5 
1 
0 
32 
33 
26 
27 
43 
75 
43 
42 
48 
62 
44 
1 
73 
69 
80 
67 
46 
64 
67 
69 
46 
15 
0 
14 
1 
49 
26 
81 
113 
112 
110 
124 
49 
34 
62 
67 
63 
35 
94 
114 
116 
85 
46 
5 
19 
36 
30 
32 
12 
37 
63 
18 
20 
31 
41 
36 
53 
63 
65 
58 
58 
42 
26 
17 
16 
1 
18 
36 
30 
63 
49 
26 
19 
4 
5 
5 
5 
28 
27 
10 
16 
1 
12 
1 
6 
84 
80 
67 
46 
48 
35 
53 
62 
15 
14 
21 
12 
27 
26 
33 
32 
14 
2 
11 
0 
9 
11 
0 
2 
62 
73 
68 
79 
105 
100 
101 
110 
177 
144 
112 
95 
61 
42 
47 
44 
39 
36 
41 
1 
3 
8 
9 
11 
29 
7 
8 
9 
2 
27 
28 
28 
13 
13 
13 
12 
4 
3 
12 
29 
38 
39 
24 
40 
25 
41 
57 
41 
24 
23 
22 
20 
34 
88 
69 
51 
55 
20 
24 
10 
9 
5 
25 
62 
98 
53 
48 
2 
21 
16 
30 
44 
33 
32 
51 
30 
9 
27 
7 
43 
23 
43 
22 
17 
19 
41 
9 
4 
13 
8 
38 
53 
50 
72 
62 
67 
72 
52 
56 
36 
31 
41 
59 
113 
127 
124 
16 
3 
24 
36 
73 
69 
50 
30 
18 
15 
12 
23 
20 
56 
52 
57 
36 
8 
11 
15 
18 
5 
32 
35 
30 
0 
2 
11 
32 
17 
35 
37 
31 
17 
51 
14 
0 
29 
27 
62 
65 
83 
84 
46 
63 
112 
0 
111 
159 
94 
45 
11 
1 
9 
52 
78 
57 
20 
15 
41 
52 
46 
64 
58 
27 
44 
91 
74 
65 
0 
18 
21 
15 
18 
27 
1 
33 
83 
78 
47 
49 
122 
155 
107 
26 
46 
112 
97 
17 
5 
10 
10 
42 
26 
17 
0 
33 
66 
36 
53 
95 
96 
65 
14 
53 
53 
12 
43 
42 
17 
0 
1 
10 
51 
37 
14 
31 
48 
33 
26 
42 
43 
35 
36 
36 
44 
75 
11 
21 
31 
32 
15 
14 
10 
4 
12 
20 
84 
68 
3 
68 
53 
1 
15 
48 
48 
33 
14 
17 
33 
10 
5 
26 
26 
42 
10 
21 
5 
58 
43 
4 
5 
5 
42 
42 
17 
17 
17 
0 
0 
1 
17 
26 
43 
27 
75 
75 
58 
48 
38 
43 
23 
4 
57 
62 
83 
56 
53 
105 
53 
57 
5 
48 
93 
107 
96 
29 
1 
34 
126 
114 
142 
80 
50 
27 
97 
127 
109 
74 
6 
37 
57 
78 
66 
46 
34 
37 
41 
84 
112 
83 
58 
48 
45 
43 
32 
38 
43 
0 
2 
5 
9 
10 
41 
69 
57 
37 
73 
52 
16 
12 
16 
13 
37 
96 
51 
53 
14 
32 
78 
109 
5 
64 
83 
85 
64 
5 
76 
90 
95 
77 
17 
41 
37 
57 
69 
121 
101 
72 
11 
15 
50 
132 
126 
31 
96 
159 
159 
93 
59 
78 
137 
84 
31 
1 
12 
46 
80 
19 
10 
16 
18 
68 
78 
48 
14 
85 
156 
106 
32 
34 
53 
48 
83 
78 
129 
83 
37 
48 
111 
61 
59 
49 
14 
35 
78 
121 
84 
95 
97 
51 
11 
42 
33 
31 
32 
17 
14 
21 
5 
20 
19 
20 
20 
52 
117 
69 
11 
51 
4 
123 
123 
5 
94 
159 
112 
48 
0 
2 
20 
46 
48 
34 
36 
30 
33 
19 
37 
95 
96 
129 
81 
32 
79 
45 
10 
8 
84 
175 
194 
164 
101 
61 
27 
78 
176 
131 
69 
15 
2 
36 
31 
73 
116 
85 
1 
49 
90 
81 
33 
32 
32 
31 
17 
42 
51 
36 
37 
30 
63 
64 
80 
79 
62 
21 
51 
84 
69 
21 
5 
10 
59 
27 
3 
36 
68 
37 
26 
4 
36 
60 
123 
123 
177 
103 
116 
240 
259 
213 
126 
62 
61 
27 
31 
98 
110 
82 
94 
82 
46 
66 
85 
160 
90 
11 
36 
68 
69 
85 
53 
49 
46 
15 
31 
31 
15 
62 
61 
20 
79 
201 
196 
213 
126 
14 
1 
74 
106 
123 
123 
74 
65 
63 
77 
58 
22 
21 
73 
78 
82 
95 
99 
78 
73 
36 
1 
16 
17 
10 
27 
108 
91 
65 
47 
44 
33 
29 
14 
13 
8 
27 
22 
41 
75 
93 
86 
39 
23 
6 
9 
26 
44 
45 
55 
104 
105 
82 
82 
89 
152 
126 
131 
127 
97 
28 
123 
122 
81 
31 
33 
163 
116 
21 
5 
53 
36 
11 
43 
43 
11 
20 
37 
30 
31 
32 
33 
33 
17 
65 
65 
32 
16 
31 
14 
21 
60 
123 
81 
31 
28 
17 
18 
21 
89 
116 
127 
42 
76 
26 
49 
64 
46 
29 
11 
37 
78 
159 
143 
78 
19 
110 
208 
210 
148 
84 
44 
203 
161 
118 
90 
50 
248 
359 
308 
175 
85 
220 
154 
151 
123 
63 
124 
64 
12 
15 
12 
39 
75 
118 
136 
114 
99 
67 
50 
72 
46 
67 
95 
99 
46 
31 
125 
107 
65 
29 
1 
13 
6 
11 
25 
38 
52 
73 
85 
98 
126 
153 
84 
62 
47 
31 
31 
15 
17 
33 
154 
139 
154 
209 
151 
75 
38 
23 
86 
166 
285 
213 
179 
169 
133 
22 
219 
369 
374 
297 
147 
3 
156 
237 
173 
76 
19 
83 
19 
13 
70 
103 
168 
88 
71 
110 
12 
70 
49 
156 
166 
120 
57 
57 
41 
23 
10 
13 
64 
124 
151 
74 
44 
45 
55 
7 
22 
22 
13 
13 
3 
11 
12 
3 
13 
13 
13 
2 
13 
93 
22 
9 
41 
73 
104 
102 
100 
184 
164 
149 
117 
124 
113 
93 
56 
157 
100 
67 
57 
23 
4 
9 
14 
28 
16 
3 
1 
25 
20 
31 
49 
19 
21 
31 
32 
42 
51 
68 
101 
30 
14 
16 
15 
15 
14 
28 
27 
126 
111 
112 
112 
112 
95 
93 
58 
38 
10 
25 
14 
18 
71 
52 
104 
116 
111 
17 
229 
220 
129 
9 
84 
95 
2 
11 
97 
118 
75 
72 
196 
304 
314 
235 
177 
38 
37 
114 
168 
181 
194 
191 
211 
191 
208 
225 
191 
28 
120 
150 
164 
233 
206 
210 
228 
142 
30 
34 
68 
63 
66 
69 
121 
180 
191 
138 
275 
444 
347 
104 
197 
163 
25 
8 
71 
182 
285 
260 
210 
206 
193 
138 
74 
32 
45 
7 
36 
82 
73 
56 
136 
184 
264 
263 
148 
64 
44 
74 
97 
79 
63 
33 
81 
112 
110 
76 
145 
205 
232 
194 
163 
162 
56 
170 
349 
391 
438 
276 
207 
128 
15 
67 
110 
98 
55 
21 
66 
104 
94 
99 
79 
19 
31 
18 
11 
1 
16 
0 
15 
46 
30 
65 
113 
48 
0 
49 
245 
460 
241 
19 
265 
318 
242 
133 
30 
47 
48 
97 
19 
59 
16 
137 
42 
48 
77 
81 
38 
74 
86 
113 
355 
281 
197 
144 
82 
107 
314 
424 
235 
77 
38 
215 
294 
196 
22 
187 
241 
246 
219 
183 
186 
124 
77 
125 
116 
18 
65 
77 
42 
15 
49 
35 
27 
90 
97 
79 
28 
94 
242 
213 
96 
51 
21 
16 
47 
61 
42 
31 
2 
37 
64 
29 
27 
32 
22 
20 
63 
34 
5 
80 
157 
193 
173 
71 
183 
294 
196 
121 
26 
22 
10 
50 
30 
18 
17 
249 
628 
397 
21 
376 
564 
494 
358 
267 
87 
278 
373 
386 
175 
29 
97 
109 
113 
83 
184 
101 
25 
58 
24 
116 
127 
66 
11 
117 
149 
237 
27 
111 
257 
252 
138 
118 
122 
38 
24 
27 
13 
103 
117 
82 
63 
51 
47 
34 
53 
0 
0 
17 
3 
59 
26 
33 
16 
32 
81 
97 
81 
15 
48 
74 
83 
85 
85 
78 
117 
44 
43 
33 
15 
12 
14 
48 
35 
62 
48 
34 
20 
21 
30 
46 
62 
1 
18 
36 
62 
95 
97 
74 
59 
267 
187 
160 
125 
56 
2 
68 
275 
594 
494 
400 
207 
12 
104 
173 
212 
162 
200 
198 
164 
57 
97 
125 
88 
43 
9 
7 
11 
57 
53 
194 
126 
33 
92 
90 
0 
99 
110 
48 
90 
107 
107 
4 
149 
190 
206 
141 
123 
64 
51 
136 
245 
169 
117 
48 
3 
33 
47 
12 
1 
25 
52 
111 
97 
51 
276 
309 
332 
33 
211 
360 
421 
400 
321 
112 
66 
158 
233 
245 
240 
178 
244 
181 
17 
170 
267 
283 
251 
81 
34 
110 
185 
181 
352 
257 
17 
111 
112 
112 
128 
160 
96 
95 
13 
52 
143 
73 
84 
1 
62 
44 
30 
97 
259 
293 
126 
13 
100 
206 
159 
128 
80 
80 
47 
18 
36 
62 
176 
178 
148 
110 
0 
96 
143 
158 
45 
26 
63 
273 
282 
138 
17 
64 
130 
196 
101 
186 
170 
21 
95 
80 
160 
95 
9 
123 
176 
28 
88 
101 
194 
215 
244 
176 
34 
27 
10 
37 
69 
76 
90 
32 
105 
148 
142 
143 
80 
95 
128 
32 
0 
0 
30 
30 
34 
20 
85 
174 
287 
495 
317 
40 
133 
291 
441 
462 
401 
282 
224 
61 
136 
246 
325 
387 
377 
373 
271 
112 
70 
52 
232 
389 
481 
403 
348 
138 
38 
22 
132 
306 
345 
360 
277 
177 
99 
52 
20 
19 
52 
94 
80 
2 
27 
1 
17 
19 
37 
96 
113 
122 
59 
27 
21 
31 
105 
116 
94 
81 
35 
21 
14 
63 
144 
113 
32 
48 
81 
26 
44 
58 
49 
32 
34 
85 
111 
96 
129 
30 
159 
257 
273 
129 
15 
97 
82 
36 
149 
78 
16 
16 
15 
46 
1 
33 
80 
79 
70 
11 
64 
13 
62 
114 
174 
153 
36 
1 
0 
33 
58 
91 
75 
11 
37 
94 
159 
144 
127 
62 
179 
206 
176 
106 
59 
59 
43 
11 
52 
5 
33 
48 
15 
21 
3 
37 
94 
95 
64 
32 
47 
16 
97 
194 
148 
84 
4 
43 
43 
59 
59 
59 
10 
1 
15 
32 
33 
74 
91 
107 
139 
123 
58 
32 
54 
91 
32 
114 
142 
73 
68 
78 
96 
81 
90 
69 
69 
62 
30 
15 
16 
33 
13 
107 
193 
54 
117 
217 
164 
127 
177 
234 
298 
160 
19 
183 
228 
296 
372 
318 
255 
13 
165 
233 
229 
224 
195 
132 
85 
17 
74 
42 
5 
21 
21 
28 
59 
74 
81 
47 
60 
16 
19 
136 
100 
111 
106 
115 
116 
60 
116 
190 
223 
240 
176 
111 
22 
148 
126 
161 
67 
100 
142 
126 
17 
58 
19 
4 
94 
128 
106 
83 
85 
62 
46 
17 
33 
17 
5 
19 
4 
138 
160 
118 
58 
57 
133 
233 
372 
255 
207 
54 
100 
168 
180 
248 
212 
175 
113 
75 
43 
27 
10 
14 
64 
26 
67 
69 
78 
47 
16 
32 
15 
0 
80 
15 
112 
144 
113 
129 
129 
80 
15 
74 
115 
101 
62 
33 
31 
64 
79 
95 
63 
32 
47 
79 
46 
58 
67 
4 
84 
21 
53 
10 
107 
91 
74 
58 
65 
113 
48 
65 
50 
20 
1 
47 
97 
170 
266 
225 
57 
196 
304 
275 
180 
69 
69 
37 
35 
37 
46 
16 
17 
51 
21 
79 
16 
16 
49 
17 
85 
85 
101 
101 
85 
53 
28 
11 
53 
16 
15 
3 
37 
159 
193 
154 
26 
69 
127 
128 
97 
90 
106 
91 
42 
5 
1 
16 
1 
28 
42 
16 
14 
35 
53 
94 
144 
96 
63 
64 
64 
64 
48 
32 
63 
47 
14 
21 
28 
43 
5 
14 
0 
47 
64 
32 
0 
15 
63 
191 
142 
156 
122 
55 
11 
73 
270 
290 
293 
254 
78 
19 
94 
105 
277 
240 
195 
181 
126 
69 
35 
309 
271 
96 
31 
111 
13 
100 
159 
161 
99 
52 
37 
101 
78 
53 
12 
36 
142 
160 
113 
1 
63 
80 
64 
32 
48 
32 
32 
32 
48 
32 
0 
1 
5 
12 
11 
10 
33 
65 
47 
62 
28 
4 
30 
64 
106 
115 
11 
59 
75 
74 
26 
30 
17 
65 
33 
64 
80 
94 
34 
84 
94 
96 
32 
14 
30 
30 
17 
14 
110 
111 
94 
1 
34 
27 
5 
1 
0 
63 
62 
37 
60 
133 
303 
241 
81 
0 
98 
132 
142 
176 
209 
129 
62 
191 
208 
16 
80 
33 
33 
33 
49 
58 
58 
35 
11 
27 
11 
36 
69 
76 
91 
26 
31 
81 
82 
11 
58 
64 
31 
5 
3 
26 
1 
64 
74 
67 
4 
59 
107 
75 
42 
10 
5 
17 
14 
0 
48 
48 
31 
14 
10 
51 
58 
65 
0 
17 
35 
68 
30 
0 
48 
64 
63 
62 
46 
12 
53 
94 
32 
15 
30 
85 
44 
27 
78 
79 
32 
49 
14 
33 
30 
95 
128 
128 
81 
33 
0 
31 
0 
17 
34 
4 
10 
0 
1 
12 
11 
49 
15 
69 
124 
161 
79 
60 
15 
34 
78 
18 
14 
89 
180 
175 
177 
49 
31 
48 
145 
147 
196 
133 
21 
74 
27 
44 
75 
26 
46 
95 
16 
46 
21 
11 
19 
20 
42 
74 
49 
16 
16 
1 
12 
43 
42 
64 
46 
28 
21 
15 
1 
12 
1 
32 
33 
44 
139 
129 
95 
76 
14 
163 
302 
289 
202 
74 
47 
121 
116 
175 
209 
163 
100 
68 
3 
20 
37 
47 
49 
3 
27 
17 
31 
18 
52 
94 
15 
47 
63 
94 
94 
101 
76 
42 
47 
61 
53 
169 
68 
17 
31 
2 
68 
126 
48 
63 
0 
177 
81 
63 
64 
17 
49 
90 
83 
84 
37 
21 
14 
30 
30 
5 
21 
12 
4 
21 
15 
32 
33 
49 
42 
42 
42 
65 
48 
1 
3 
21 
16 
3 
14 
166 
155 
118 
89 
66 
67 
83 
73 
104 
107 
109 
104 
82 
75 
76 
77 
36 
35 
34 
56 
37 
34 
30 
18 
90 
38 
27 
7 
4 
8 
4 
25 
69 
50 
46 
34 
30 
18 
30 
9 
21 
41 
21 
89 
84 
48 
3 
74 
79 
19 
30 
1 
60 
33 
9 
4 
32 
67 
79 
98 
52 
47 
33 
18 
11 
5 
46 
16 
62 
21 
3 
37 
46 
16 
30 
61 
27 
46 
32 
50 
37 
32 
9 
4 
30 
80 
67 
4 
30 
15 
63 
10 
35 
36 
21 
17 
48 
64 
97 
42 
69 
85 
28 
27 
62 
79 
1 
13 
52 
94 
112 
49 
14 
14 
21 
5 
21 
4 
3 
27 
58 
97 
32 
105 
52 
26 
16 
130 
132 
142 
143 
112 
15 
113 
227 
276 
92 
37 
78 
80 
42 
35 
69 
95 
80 
26 
12 
43 
5 
53 
46 
0 
0 
15 
32 
32 
32 
15 
14 
21 
3 
4 
69 
69 
21 
5 
26 
53 
44 
68 
110 
111 
49 
21 
21 
3 
36 
21 
10 
10 
1 
33 
14 
47 
95 
79 
0 
48 
112 
31 
48 
81 
42 
58 
90 
10 
53 
21 
5 
58 
58 
10 
110 
110 
110 
5 
35 
117 
126 
64 
62 
85 
35 
117 
79 
48 
63 
79 
63 
17 
58 
58 
11 
60 
43 
14 
63 
144 
122 
106 
107 
42 
46 
112 
49 
26 
19 
4 
4 
5 
10 
33 
17 
49 
49 
33 
33 
33 
32 
32 
15 
14 
5 
28 
11 
10 
16 
15 
14 
13 
11 
10 
17 
15 
10 
3 
5 
0 
16 
10 
3 
4 
5 
1 
16 
0 
0 
0 
0 
15 
32 
64 
64 
48 
48 
0 
64 
33 
1 
14 
1 
65 
1 
78 
94 
62 
37 
3 
4 
58 
30 
31 
15 
16 
16 
16 
1 
15 
15 
15 
15 
16 
32 
32 
32 
32 
47 
46 
30 
28 
43 
14 
0 
2 
11 
17 
0 
5 
12 
5 
15 
33 
19 
20 
30 
30 
47 
63 
47 
46 
13 
11 
31 
50 
37 
32 
19 
14 
25 
20 
16 
2 
10 
0 
12 
1 
9 
27 
0 
2 
5 
25 
20 
24 
20 
15 
12 
1 
2 
21 
25 
4 
0 
12 
14 
41 
37 
32 
35 
30 
57 
36 
0 
25 
4 
14 
33 
19 
37 
16 
2 
4 
17 
16 
2 
52 
31 
32 
18 
27 
10 
47 
64 
90 
58 
59 
43 
11 
69 
197 
109 
43 
1 
41 
100 
111 
89 
36 
14 
15 
17 
35 
4 
5 
1 
15 
49 
26 
5 
19 
4 
4 
37 
37 
69 
10 
69 
85 
35 
212 
180 
140 
26 
48 
147 
158 
176 
122 
59 
4 
20 
60 
43 
11 
36 
117 
133 
92 
36 
62 
144 
170 
90 
58 
5 
110 
96 
113 
122 
91 
75 
43 
11 
5 
33 
0 
49 
42 
35 
52 
69 
53 
1 
74 
106 
90 
42 
26 
26 
26 
49 
17 
16 
16 
15 
1 
12 
11 
5 
95 
64 
49 
90 
26 
21 
21 
94 
143 
95 
31 
0 
48 
17 
17 
17 
15 
15 
0 
31 
47 
14 
14 
10 
10 
36 
60 
59 
65 
0 
49 
90 
35 
4 
11 
43 
11 
52 
3 
52 
68 
53 
37 
21 
37 
53 
60 
4 
1 
0 
14 
35 
78 
111 
96 
33 
30 
127 
144 
96 
0 
31 
111 
30 
58 
83 
20 
11 
11 
53 
37 
20 
20 
12 
36 
21 
21 
5 
10 
5 
28 
27 
49 
32 
22 
43 
17 
9 
27 
32 
45 
17 
2 
37 
121 
85 
73 
52 
31 
41 
4 
14 
16 
3 
21 
15 
17 
3 
5 
48 
94 
44 
49 
25 
53 
89 
20 
16 
28 
33 
25 
101 
128 
35 
1 
47 
18 
69 
79 
33 
2 
11 
10 
0 
16 
34 
20 
1 
31 
65 
74 
83 
36 
11 
91 
43 
42 
58 
33 
47 
113 
74 
19 
27 
90 
65 
16 
50 
132 
94 
47 
0 
65 
46 
174 
165 
12 
53 
80 
90 
83 
69 
46 
31 
0 
17 
17 
26 
10 
10 
42 
26 
5 
14 
14 
14 
0 
80 
64 
63 
47 
14 
1 
5 
12 
4 
5 
1 
16 
0 
49 
42 
107 
11 
52 
100 
36 
19 
52 
28 
27 
27 
42 
48 
14 
35 
1 
6 
36 
79 
82 
85 
48 
45 
43 
42 
32 
25 
43 
1 
32 
51 
53 
15 
17 
19 
53 
31 
33 
10 
19 
21 
14 
15 
32 
1 
46 
61 
43 
21 
63 
14 
12 
10 
0 
41 
20 
15 
2 
37 
16 
3 
0 
18 
5 
0 
3 
14 
16 
3 
1 
17 
188 
145 
102 
74 
45 
23 
25 
3 
52 
51 
51 
50 
66 
50 
57 
41 
24 
22 
21 
19 
25 
39 
36 
41 
46 
50 
62 
65 
51 
46 
31 
33 
26 
43 
35 
20 
20 
5 
5 
10 
5 
21 
5 
5 
17 
17 
0 
47 
80 
81 
49 
10 
5 
10 
10 
4 
3 
4 
4 
5 
21 
21 
17 
14 
30 
30 
17 
49 
74 
17 
46 
46 
47 
31 
0 
0 
31 
47 
47 
31 
0 
16 
47 
15 
49 
33 
33 
17 
1 
30 
31 
47 
79 
79 
31 
15 
1 
10 
51 
20 
10 
26 
14 
15 
15 
0 
48 
64 
64 
0 
0 
0 
15 
0 
16 
33 
33 
49 
49 
49 
17 
16 
32 
33 
33 
10 
11 
4 
3 
4 
20 
20 
12 
11 
4 
5 
1 
1 
63 
64 
49 
49 
26 
26 
26 
26 
26 
26 
26 
33 
33 
32 
31 
1 
82 
52 
21 
1 
32 
32 
47 
1 
53 
36 
28 
11 
5 
17 
48 
16 
15 
1 
37 
44 
27 
14 
16 
1 
44 
11 
1 
0 
1 
12 
11 
17 
15 
1 
28 
11 
17 
16 
30 
45 
59 
65 
15 
18 
20 
62 
48 
10 
3 
27 
49 
64 
62 
29 
27 
33 
16 
29 
4 
110 
128 
74 
20 
76 
91 
74 
65 
32 
15 
14 
3 
11 
10 
0 
0 
21 
28 
42 
33 
31 
2 
36 
14 
47 
34 
20 
1 
32 
58 
3 
43 
26 
1 
65 
80 
64 
79 
62 
44 
11 
15 
33 
99 
101 
31 
47 
78 
117 
92 
74 
63 
18 
85 
80 
98 
20 
26 
15 
96 
58 
5 
85 
101 
53 
53 
52 
28 
27 
17 
32 
0 
1 
12 
10 
1 
15 
13 
27 
26 
0 
17 
19 
21 
15 
31 
53 
28 
74 
48 
9 
11 
17 
16 
18 
43 
1 
48 
26 
12 
42 
33 
15 
46 
12 
5 
31 
1 
13 
43 
26 
31 
32 
14 
10 
3 
11 
42 
33 
16 
30 
37 
3 
27 
10 
17 
15 
1 
34 
4 
10 
17 
15 
14 
28 
27 
17 
15 
14 
28 
10 
31 
64 
26 
20 
44 
43 
42 
33 
16 
15 
5 
28 
4 
46 
95 
80 
1 
46 
95 
78 
78 
69 
44 
20 
10 
15 
16 
10 
12 
27 
49 
64 
78 
108 
90 
63 
19 
159 
82 
101 
112 
81 
10 
21 
116 
100 
100 
44 
27 
5 
46 
78 
31 
64 
96 
80 
0 
49 
26 
37 
44 
43 
26 
0 
14 
13 
27 
10 
0 
16 
33 
5 
28 
27 
49 
48 
31 
2 
4 
17 
0 
5 
12 
10 
16 
0 
5 
12 
27 
49 
32 
15 
13 
4 
1 
16 
17 
12 
5 
14 
32 
14 
46 
53 
60 
43 
49 
16 
46 
19 
85 
79 
33 
53 
76 
42 
1 
32 
33 
10 
19 
27 
42 
5 
30 
65 
112 
111 
45 
4 
81 
6 
69 
192 
195 
133 
33 
58 
74 
42 
91 
123 
139 
59 
21 
14 
47 
64 
10 
4 
12 
11 
26 
26 
49 
32 
15 
14 
19 
11 
17 
32 
14 
3 
11 
49 
47 
17 
35 
5 
33 
79 
2 
52 
46 
15 
33 
10 
20 
28 
27 
26 
58 
97 
80 
63 
14 
12 
42 
48 
22 
27 
32 
13 
26 
6 
165 
136 
84 
62 
48 
10 
11 
19 
107 
91 
75 
43 
27 
11 
5 
21 
26 
26 
26 
33 
17 
32 
31 
30 
77 
75 
81 
54 
20 
24 
36 
63 
12 
33 
6 
26 
0 
12 
65 
54 
75 
23 
36 
24 
4 
31 
76 
72 
43 
56 
36 
89 
20 
48 
35 
1 
15 
13 
43 
81 
47 
45 
26 
16 
13 
21 
16 
12 
33 
45 
26 
25 
21 
16 
28 
16 
2 
5 
0 
12 
17 
6 
27 
16 
2 
5 
0 
29 
5 
16 
34 
26 
64 
29 
27 
16 
2 
10 
0 
3 
14 
1 
12 
17 
15 
13 
27 
65 
54 
43 
32 
45 
17 
57 
5 
39 
27 
0 
28 
17 
29 
14 
114 
165 
160 
17 
149 
172 
171 
49 
0 
92 
74 
7 
52 
79 
82 
21 
48 
66 
36 
42 
113 
127 
77 
27 
47 
73 
20 
14 
16 
14 
60 
75 
65 
15 
19 
101 
31 
14 
44 
26 
48 
46 
60 
58 
16 
66 
36 
14 
0 
45 
59 
97 
79 
61 
37 
80 
19 
14 
16 
12 
10 
0 
49 
42 
3 
59 
106 
96 
47 
13 
11 
0 
49 
51 
5 
48 
46 
61 
59 
49 
46 
28 
14 
81 
115 
94 
16 
30 
45 
27 
5 
17 
48 
47 
30 
21 
12 
11 
5 
30 
31 
0 
14 
5 
35 
11 
43 
42 
49 
48 
15 
5 
35 
4 
33 
32 
31 
30 
29 
43 
5 
0 
17 
51 
36 
30 
48 
127 
21 
3 
5 
0 
32 
42 
99 
116 
43 
115 
132 
76 
59 
43 
26 
17 
16 
16 
5 
76 
90 
112 
77 
30 
162 
133 
208 
82 
11 
74 
74 
81 
113 
128 
95 
17 
83 
69 
30 
17 
32 
15 
30 
37 
44 
59 
10 
15 
17 
19 
4 
17 
16 
15 
1 
18 
11 
42 
33 
31 
14 
28 
85 
79 
80 
80 
80 
79 
77 
91 
55 
43 
22 
6 
4 
18 
25 
23 
6 
5 
3 
2 
24 
39 
37 
35 
41 
30 
35 
7 
5 
2 
23 
4 
25 
37 
34 
78 
66 
62 
50 
37 
32 
2 
5 
16 
29 
43 
48 
29 
42 
22 
42 
57 
62 
83 
79 
67 
62 
73 
52 
49 
47 
44 
42 
63 
60 
33 
29 
78 
67 
63 
51 
47 
35 
46 
34 
21 
32 
19 
30 
57 
36 
30 
16 
10 
12 
42 
49 
15 
26 
51 
69 
21 
14 
15 
15 
0 
1 
21 
12 
20 
14 
15 
33 
66 
68 
37 
46 
63 
47 
63 
0 
113 
106 
74 
37 
26 
33 
0 
0 
2 
20 
46 
80 
82 
52 
53 
63 
63 
80 
32 
15 
16 
15 
33 
98 
164 
133 
124 
59 
46 
81 
131 
126 
112 
98 
52 
21 
17 
16 
47 
48 
64 
63 
30 
10 
83 
148 
101 
5 
51 
84 
84 
53 
21 
33 
17 
14 
62 
17 
1 
1 
1 
17 
16 
32 
31 
49 
34 
4 
5 
1 
0 
14 
29 
27 
17 
0 
3 
5 
16 
3 
1 
73 
52 
47 
41 
20 
15 
41 
20 
17 
31 
13 
27 
10 
0 
1 
12 
90 
64 
29 
10 
24 
20 
40 
37 
89 
69 
89 
101 
32 
28 
33 
22 
4 
30 
41 
36 
14 
17 
28 
5 
15 
18 
4 
14 
32 
34 
4 
14 
32 
66 
68 
133 
126 
62 
106 
298 
282 
97 
73 
84 
79 
34 
5 
63 
98 
85 
31 
17 
35 
53 
15 
32 
26 
12 
59 
33 
0 
1 
2 
4 
21 
31 
32 
17 
19 
4 
10 
17 
1 
48 
65 
58 
51 
20 
4 
21 
21 
49 
65 
0 
17 
26 
11 
28 
27 
5 
30 
47 
81 
58 
51 
20 
52 
44 
4 
37 
110 
94 
30 
10 
35 
52 
62 
47 
32 
33 
26 
42 
43 
27 
4 
20 
60 
59 
42 
46 
63 
15 
32 
16 
17 
14 
14 
21 
10 
51 
84 
100 
68 
68 
44 
4 
21 
78 
47 
96 
16 
32 
95 
17 
67 
68 
110 
111 
64 
0 
62 
46 
17 
42 
42 
10 
11 
27 
59 
43 
4 
36 
52 
11 
19 
52 
76 
59 
43 
5 
1 
31 
48 
81 
30 
30 
17 
1 
14 
30 
78 
46 
14 
1 
33 
17 
1 
0 
31 
48 
64 
48 
48 
63 
30 
74 
163 
84 
27 
35 
20 
68 
69 
69 
69 
11 
51 
52 
68 
68 
12 
4 
37 
94 
96 
48 
49 
26 
10 
5 
21 
5 
10 
5 
5 
5 
10 
26 
26 
26 
42 
17 
1 
63 
79 
31 
15 
17 
58 
67 
68 
53 
37 
21 
5 
5 
21 
21 
21 
20 
28 
4 
5 
14 
14 
31 
16 
16 
32 
47 
31 
15 
14 
14 
5 
5 
5 
3 
27 
59 
42 
1 
31 
1 
26 
3 
11 
10 
14 
14 
48 
64 
15 
96 
16 
95 
111 
95 
31 
17 
58 
83 
52 
36 
11 
27 
35 
36 
68 
68 
28 
4 
36 
20 
11 
27 
11 
27 
59 
58 
42 
33 
32 
14 
13 
20 
21 
14 
15 
32 
14 
30 
5 
37 
10 
11 
27 
27 
20 
36 
52 
68 
76 
59 
5 
21 
14 
31 
47 
31 
64 
32 
16 
48 
49 
65 
49 
33 
49 
33 
48 
47 
14 
10 
12 
42 
17 
0 
10 
35 
117 
62 
14 
49 
90 
90 
90 
74 
58 
33 
31 
31 
48 
33 
21 
12 
11 
10 
58 
126 
95 
95 
63 
46 
44 
10 
0 
67 
62 
57 
36 
15 
34 
20 
15 
34 
5 
0 
2 
11 
0 
1 
3 
30 
48 
35 
37 
30 
0 
2 
59 
14 
48 
10 
28 
26 
64 
17 
35 
53 
32 
45 
59 
1 
25 
36 
95 
57 
11 
30 
80 
82 
52 
30 
0 
0 
17 
5 
12 
4 
5 
17 
0 
16 
65 
42 
26 
11 
11 
12 
27 
75 
58 
0 
0 
34 
52 
46 
47 
33 
19 
4 
21 
31 
16 
1 
5 
35 
36 
36 
37 
21 
5 
10 
10 
42 
42 
14 
78 
111 
95 
47 
31 
1 
97 
170 
122 
65 
16 
106 
83 
85 
78 
62 
46 
17 
49 
48 
48 
0 
49 
74 
67 
36 
11 
43 
74 
21 
94 
62 
17 
1 
14 
31 
30 
1 
1 
1 
14 
78 
30 
17 
49 
33 
14 
30 
33 
97 
144 
16 
81 
98 
100 
53 
94 
47 
16 
47 
78 
5 
3 
20 
5 
5 
14 
47 
47 
64 
48 
15 
47 
48 
32 
16 
32 
32 
33 
33 
17 
33 
26 
10 
10 
10 
10 
10 
27 
27 
4 
4 
3 
11 
4 
20 
4 
21 
37 
20 
36 
3 
20 
20 
20 
11 
43 
43 
59 
43 
4 
84 
100 
76 
68 
101 
94 
95 
63 
31 
0 
16 
33 
1 
1 
21 
42 
75 
59 
37 
37 
46 
30 
32 
15 
80 
96 
96 
0 
64 
144 
80 
0 
33 
58 
42 
27 
51 
68 
36 
44 
27 
11 
10 
5 
1 
15 
15 
0 
32 
0 
15 
31 
47 
47 
47 
14 
33 
26 
21 
53 
53 
53 
12 
20 
69 
14 
16 
0 
0 
17 
17 
14 
1 
1 
14 
30 
31 
47 
32 
48 
48 
32 
15 
0 
1 
10 
21 
28 
11 
26 
16 
15 
14 
5 
12 
53 
37 
1 
17 
33 
16 
16 
16 
15 
31 
31 
30 
14 
10 
35 
20 
11 
58 
49 
65 
64 
31 
21 
3 
85 
78 
15 
15 
79 
94 
21 
3 
4 
10 
17 
0 
80 
97 
33 
30 
126 
94 
62 
30 
30 
42 
107 
99 
28 
11 
27 
37 
94 
79 
79 
47 
48 
15 
47 
30 
30 
42 
99 
68 
4 
11 
28 
4 
21 
62 
79 
64 
49 
26 
26 
5 
21 
37 
5 
10 
42 
43 
59 
74 
42 
1 
31 
63 
31 
15 
17 
30 
46 
30 
21 
42 
107 
11 
36 
68 
27 
27 
11 
5 
30 
47 
48 
48 
65 
26 
26 
58 
42 
49 
0 
48 
26 
19 
4 
5 
17 
16 
15 
1 
1 
5 
4 
11 
3 
11 
11 
3 
4 
20 
20 
20 
37 
37 
36 
12 
75 
59 
65 
63 
45 
43 
32 
2 
21 
32 
19 
21 
16 
3 
1 
0 
61 
58 
48 
29 
26 
0 
12 
0 
50 
37 
32 
45 
59 
0 
34 
68 
95 
81 
37 
19 
75 
107 
113 
80 
46 
28 
26 
16 
6 
4 
47 
130 
52 
1 
48 
30 
45 
43 
33 
31 
13 
10 
16 
6 
11 
17 
1 
12 
17 
15 
2 
11 
15 
1 
12 
33 
31 
29 
42 
32 
2 
20 
63 
18 
11 
17 
16 
34 
4 
33 
16 
14 
13 
11 
33 
32 
14 
12 
27 
17 
15 
2 
11 
26 
0 
10 
28 
10 
15 
45 
43 
30 
14 
12 
1 
9 
4 
30 
81 
35 
26 
33 
64 
95 
29 
11 
17 
16 
1 
28 
10 
16 
14 
60 
65 
54 
4 
63 
66 
85 
0 
34 
20 
33 
80 
110 
108 
69 
47 
49 
19 
10 
32 
15 
29 
59 
65 
15 
2 
27 
17 
0 
18 
11 
1 
1 
99 
85 
79 
64 
32 
17 
0 
0 
48 
49 
35 
36 
30 
31 
33 
18 
36 
37 
14 
15 
15 
0 
16 
0 
0 
0 
0 
16 
16 
15 
15 
14 
17 
5 
5 
20 
12 
43 
59 
43 
26 
33 
16 
15 
15 
17 
42 
11 
11 
12 
11 
59 
58 
42 
0 
16 
1 
37 
60 
27 
5 
31 
49 
26 
20 
76 
43 
26 
49 
32 
16 
49 
5 
76 
139 
129 
79 
35 
126 
105 
84 
133 
0 
64 
111 
94 
53 
3 
84 
85 
62 
33 
49 
42 
58 
74 
74 
65 
49 
16 
32 
49 
10 
11 
28 
11 
1 
31 
16 
1 
53 
60 
59 
33 
16 
15 
1 
3 
11 
5 
1 
16 
1 
26 
3 
11 
10 
32 
47 
1 
5 
12 
11 
5 
1 
16 
31 
30 
21 
3 
4 
10 
17 
32 
79 
93 
123 
113 
22 
84 
48 
35 
30 
16 
3 
10 
16 
2 
4 
14 
16 
10 
3 
21 
1 
16 
15 
14 
5 
3 
11 
10 
10 
17 
16 
15 
0 
17 
1 
5 
5 
4 
12 
11 
11 
10 
26 
33 
33 
32 
31 
30 
21 
12 
11 
21 
14 
16 
32 
46 
29 
27 
10 
0 
0 
5 
19 
4 
4 
21 
5 
1 
17 
17 
0 
16 
16 
31 
31 
30 
21 
3 
20 
5 
17 
0 
15 
15 
30 
46 
21 
12 
27 
26 
14 
111 
32 
0 
14 
46 
46 
30 
53 
37 
3 
4 
10 
10 
17 
1 
16 
32 
15 
17 
10 
5 
20 
28 
27 
10 
26 
33 
32 
0 
1 
10 
5 
12 
27 
26 
17 
17 
32 
31 
14 
5 
12 
10 
1 
31 
16 
17 
30 
37 
37 
12 
27 
27 
10 
17 
0 
0 
15 
14 
21 
12 
27 
10 
1 
0 
16 
1 
5 
3 
4 
4 
10 
10 
10 
10 
26 
49 
49 
16 
0 
17 
10 
4 
28 
43 
43 
42 
33 
16 
0 
26 
3 
27 
65 
48 
16 
58 
99 
116 
108 
75 
10 
78 
128 
186 
155 
139 
123 
10 
79 
160 
177 
90 
14 
14 
15 
32 
81 
90 
59 
59 
43 
11 
20 
37 
21 
5 
26 
10 
10 
10 
10 
26 
26 
10 
10 
10 
17 
33 
33 
16 
16 
15 
15 
1 
1 
17 
5 
5 
5 
5 
5 
21 
21 
5 
21 
4 
20 
28 
11 
11 
10 
10 
5 
17 
33 
33 
32 
0 
0 
49 
49 
14 
14 
14 
14 
14 
30 
30 
30 
0 
0 
15 
16 
16 
0 
16 
16 
32 
33 
33 
49 
65 
49 
15 
32 
10 
11 
12 
43 
43 
27 
26 
42 
10 
33 
33 
16 
48 
33 
5 
53 
12 
20 
69 
53 
14 
26 
10 
26 
43 
59 
59 
43 
10 
5 
5 
30 
46 
31 
16 
33 
49 
49 
49 
49 
32 
16 
0 
1 
21 
21 
28 
27 
26 
33 
48 
47 
53 
44 
37 
16 
66 
132 
117 
46 
17 
81 
65 
81 
49 
33 
33 
33 
17 
1 
1 
15 
31 
15 
16 
47 
31 
14 
14 
37 
28 
43 
58 
33 
0 
17 
19 
20 
37 
14 
15 
0 
30 
14 
37 
37 
28 
59 
74 
33 
0 
17 
50 
20 
37 
33 
80 
111 
29 
36 
62 
63 
65 
10 
27 
11 
27 
27 
52 
68 
101 
101 
37 
4 
19 
43 
26 
17 
16 
0 
1 
12 
4 
5 
0 
16 
1 
21 
12 
11 
10 
32 
31 
30 
13 
11 
5 
0 
16 
1 
19 
4 
5 
17 
17 
48 
47 
46 
37 
12 
5 
31 
32 
81 
10 
20 
76 
59 
26 
33 
32 
31 
37 
28 
11 
1 
0 
1 
18 
4 
5 
17 
16 
15 
14 
28 
43 
42 
32 
0 
34 
20 
1 
0 
17 
51 
84 
21 
26 
26 
42 
58 
58 
42 
74 
42 
1 
31 
32 
15 
14 
21 
12 
11 
21 
14 
31 
95 
95 
14 
58 
83 
84 
78 
46 
31 
31 
16 
16 
0 
0 
0 
1 
1 
1 
5 
5 
36 
28 
43 
42 
33 
16 
31 
2 
52 
69 
15 
16 
31 
1 
14 
46 
46 
21 
5 
21 
21 
11 
19 
4 
27 
43 
42 
42 
33 
32 
16 
49 
58 
26 
4 
11 
4 
53 
69 
68 
12 
36 
52 
85 
26 
42 
59 
43 
43 
27 
27 
27 
11 
10 
10 
10 
17 
17 
16 
0 
0 
17 
17 
5 
21 
20 
4 
12 
