80 
16 
126 
159 
110 
45 
43 
65 
15 
13 
21 
128 
162 
148 
133 
62 
2 
52 
30 
48 
67 
94 
80 
81 
139 
155 
203 
449 
221 
135 
310 
372 
185 
106 
39 
20 
47 
115 
197 
239 
238 
140 
7 
102 
180 
227 
328 
373 
240 
97 
241 
112 
82 
271 
243 
207 
163 
165 
174 
94 
5 
67 
69 
63 
98 
117 
104 
148 
111 
49 
5 
35 
36 
36 
11 
20 
44 
5 
16 
1 
3 
21 
47 
81 
58 
26 
21 
69 
85 
116 
140 
91 
26 
16 
14 
44 
97 
119 
171 
6 
190 
291 
271 
98 
27 
106 
106 
65 
0 
15 
62 
78 
53 
12 
116 
101 
85 
37 
51 
4 
26 
190 
271 
126 
98 
292 
284 
219 
81 
18 
62 
83 
111 
211 
126 
32 
21 
28 
10 
1 
31 
48 
97 
177 
161 
48 
1 
60 
1 
41 
20 
47 
19 
46 
81 
83 
53 
31 
0 
16 
32 
33 
42 
19 
53 
78 
111 
160 
304 
142 
60 
88 
116 
89 
126 
98 
46 
57 
20 
46 
96 
129 
97 
16 
57 
196 
206 
80 
97 
170 
106 
49 
112 
154 
83 
20 
5 
30 
81 
161 
112 
30 
3 
85 
112 
90 
171 
59 
69 
62 
127 
64 
33 
58 
21 
69 
44 
27 
78 
175 
208 
127 
45 
52 
95 
178 
164 
149 
78 
5 
50 
20 
5 
16 
66 
117 
143 
129 
90 
91 
59 
74 
1 
16 
66 
36 
65 
79 
28 
94 
96 
130 
36 
11 
75 
90 
154 
145 
144 
38 
4 
111 
193 
163 
116 
69 
83 
84 
36 
21 
62 
79 
111 
47 
0 
32 
78 
126 
93 
43 
33 
54 
11 
0 
131 
191 
226 
292 
213 
76 
62 
73 
53 
72 
85 
137 
142 
34 
10 
25 
20 
63 
66 
11 
1 
32 
49 
74 
59 
5 
37 
46 
48 
128 
126 
141 
90 
39 
68 
111 
115 
58 
128 
221 
234 
77 
72 
181 
242 
222 
208 
113 
97 
79 
45 
46 
98 
158 
131 
127 
66 
37 
79 
49 
42 
107 
139 
90 
16 
34 
53 
265 
180 
79 
48 
110 
101 
19 
20 
5 
37 
60 
58 
39 
20 
73 
21 
50 
110 
98 
46 
105 
132 
133 
94 
44 
37 
160 
226 
84 
5 
81 
112 
47 
33 
42 
4 
5 
26 
30 
31 
16 
65 
81 
42 
10 
43 
11 
11 
52 
84 
21 
58 
90 
90 
10 
14 
31 
32 
97 
49 
79 
128 
129 
65 
1 
31 
16 
0 
0 
79 
96 
79 
31 
17 
58 
83 
52 
42 
69 
190 
142 
46 
93 
27 
49 
70 
149 
224 
114 
20 
37 
46 
30 
37 
51 
126 
48 
2 
20 
78 
97 
90 
35 
35 
4 
27 
42 
33 
15 
18 
84 
78 
31 
32 
14 
14 
17 
16 
64 
81 
83 
20 
42 
97 
48 
1 
12 
5 
32 
50 
69 
95 
80 
49 
138 
170 
113 
31 
162 
149 
143 
160 
176 
159 
77 
10 
41 
62 
130 
143 
147 
142 
185 
148 
133 
101 
60 
10 
48 
99 
142 
96 
42 
12 
58 
65 
80 
110 
3 
21 
14 
0 
15 
15 
30 
53 
92 
75 
65 
31 
28 
17 
13 
16 
28 
39 
58 
76 
86 
55 
40 
41 
41 
56 
88 
71 
70 
116 
114 
135 
84 
8 
43 
151 
187 
182 
135 
72 
7 
40 
73 
82 
27 
29 
183 
136 
105 
41 
70 
119 
103 
88 
135 
71 
34 
123 
156 
109 
61 
2 
34 
34 
50 
18 
9 
25 
40 
7 
89 
123 
156 
108 
68 
19 
13 
103 
57 
13 
36 
3 
29 
118 
135 
71 
6 
20 
66 
72 
59 
103 
122 
60 
25 
70 
68 
73 
46 
34 
31 
3 
23 
43 
7 
26 
93 
104 
187 
140 
45 
2 
50 
114 
50 
6 
39 
38 
36 
34 
8 
10 
2 
158 
50 
58 
127 
172 
129 
61 
48 
44 
134 
89 
13 
60 
60 
132 
163 
130 
120 
85 
34 
10 
48 
29 
139 
202 
273 
150 
106 
73 
55 
43 
93 
40 
54 
101 
147 
169 
158 
114 
53 
15 
32 
95 
95 
94 
62 
21 
12 
26 
17 
63 
109 
138 
119 
106 
13 
105 
151 
117 
50 
14 
28 
32 
29 
33 
6 
27 
49 
25 
27 
49 
54 
59 
16 
18 
37 
24 
11 
32 
3 
46 
105 
68 
30 
47 
31 
94 
149 
156 
170 
111 
44 
7 
100 
120 
68 
56 
68 
0 
67 
1 
47 
93 
74 
32 
13 
117 
95 
15 
62 
53 
12 
20 
10 
49 
32 
16 
33 
26 
44 
43 
58 
64 
47 
13 
26 
47 
97 
51 
21 
16 
78 
77 
91 
144 
70 
21 
176 
131 
37 
0 
31 
1 
10 
44 
91 
97 
48 
78 
92 
17 
25 
21 
48 
51 
30 
81 
51 
10 
46 
47 
63 
111 
127 
158 
60 
69 
111 
33 
29 
43 
42 
15 
57 
4 
94 
32 
63 
85 
124 
90 
15 
35 
53 
15 
33 
28 
26 
31 
97 
74 
67 
36 
35 
84 
101 
117 
85 
44 
43 
33 
0 
33 
3 
11 
1 
0 
2 
20 
1 
47 
78 
28 
46 
48 
28 
74 
96 
205 
177 
93 
71 
133 
194 
190 
145 
83 
36 
4 
51 
43 
37 
126 
159 
32 
33 
17 
42 
74 
145 
112 
62 
28 
94 
137 
132 
15 
14 
12 
5 
48 
0 
17 
37 
12 
43 
85 
5 
81 
113 
63 
1 
35 
53 
31 
32 
49 
26 
5 
21 
21 
37 
53 
53 
53 
37 
52 
92 
42 
176 
214 
170 
29 
136 
230 
244 
233 
132 
63 
128 
33 
111 
208 
113 
161 
145 
113 
127 
97 
97 
81 
49 
0 
15 
5 
19 
37 
14 
0 
2 
4 
10 
32 
14 
12 
10 
16 
1 
3 
1 
15 
12 
1 
73 
52 
46 
48 
35 
36 
30 
48 
33 
26 
19 
20 
37 
37 
30 
30 
46 
46 
14 
1 
65 
42 
10 
53 
133 
140 
74 
16 
73 
36 
14 
48 
42 
3 
20 
85 
117 
92 
155 
31 
179 
222 
241 
115 
20 
10 
26 
10 
10 
58 
106 
74 
11 
84 
11 
27 
11 
27 
20 
20 
21 
37 
46 
63 
16 
46 
82 
132 
149 
117 
44 
36 
46 
63 
49 
50 
20 
5 
16 
15 
30 
37 
4 
28 
43 
10 
0 
0 
33 
140 
123 
97 
70 
58 
22 
10 
89 
158 
161 
99 
5 
90 
113 
96 
31 
49 
21 
28 
74 
65 
48 
51 
42 
112 
157 
33 
98 
190 
193 
131 
84 
5 
3 
68 
117 
126 
143 
96 
64 
48 
0 
16 
16 
17 
17 
5 
44 
59 
49 
16 
34 
52 
46 
30 
108 
138 
119 
4 
248 
68 
113 
182 
170 
9 
165 
226 
181 
95 
48 
16 
16 
49 
147 
180 
165 
85 
53 
51 
20 
26 
96 
125 
58 
18 
127 
131 
160 
163 
142 
63 
0 
63 
96 
81 
58 
35 
85 
78 
47 
95 
79 
31 
21 
12 
37 
79 
49 
19 
4 
46 
31 
15 
62 
141 
155 
33 
0 
3 
37 
63 
49 
58 
3 
11 
5 
21 
14 
37 
37 
12 
20 
14 
31 
32 
5 
12 
53 
62 
32 
17 
5 
5 
19 
4 
36 
53 
53 
84 
60 
42 
49 
144 
10 
108 
139 
113 
6 
116 
174 
144 
145 
129 
63 
193 
203 
187 
91 
10 
30 
79 
64 
16 
33 
49 
26 
10 
53 
85 
85 
69 
12 
27 
42 
16 
15 
34 
100 
21 
81 
64 
14 
19 
21 
17 
32 
49 
17 
21 
53 
85 
28 
36 
11 
27 
10 
10 
21 
21 
10 
26 
122 
170 
113 
32 
41 
228 
174 
31 
63 
46 
58 
90 
90 
14 
47 
65 
67 
10 
127 
145 
123 
123 
43 
37 
46 
32 
17 
26 
35 
42 
113 
111 
125 
5 
128 
130 
52 
26 
122 
112 
79 
29 
52 
31 
33 
34 
52 
5 
33 
32 
15 
1 
26 
58 
75 
75 
21 
14 
63 
112 
145 
122 
113 
65 
32 
33 
3 
11 
30 
48 
17 
28 
10 
0 
33 
19 
85 
46 
0 
96 
80 
95 
95 
30 
5 
3 
164 
165 
74 
170 
234 
170 
64 
178 
100 
5 
17 
16 
15 
64 
16 
31 
15 
47 
63 
48 
64 
79 
94 
93 
10 
80 
114 
132 
110 
79 
0 
81 
154 
170 
107 
37 
46 
33 
48 
47 
61 
11 
62 
81 
83 
20 
5 
14 
1 
49 
74 
74 
74 
10 
1 
15 
16 
48 
97 
58 
1 
46 
63 
79 
80 
48 
64 
0 
1 
30 
61 
91 
49 
32 
83 
53 
111 
65 
69 
133 
172 
139 
16 
137 
68 
46 
63 
80 
65 
33 
30 
31 
80 
65 
18 
4 
106 
49 
32 
106 
139 
107 
4 
85 
94 
94 
30 
42 
66 
36 
53 
30 
31 
48 
64 
65 
65 
33 
32 
47 
14 
12 
21 
16 
2 
43 
30 
32 
45 
107 
65 
79 
3 
94 
113 
99 
132 
117 
3 
132 
181 
222 
191 
78 
42 
115 
196 
213 
140 
4 
94 
96 
74 
51 
11 
10 
14 
47 
49 
49 
58 
42 
74 
106 
49 
64 
17 
60 
74 
80 
109 
1 
41 
85 
121 
68 
47 
48 
49 
65 
32 
47 
18 
85 
144 
162 
100 
37 
1 
33 
65 
97 
64 
15 
47 
48 
16 
0 
32 
32 
0 
15 
32 
48 
80 
80 
32 
47 
17 
34 
20 
5 
49 
47 
17 
19 
27 
90 
64 
14 
83 
69 
46 
17 
32 
48 
16 
0 
31 
63 
47 
30 
21 
12 
4 
30 
48 
65 
74 
83 
36 
43 
59 
21 
85 
53 
68 
76 
42 
17 
0 
37 
44 
46 
15 
2 
27 
32 
17 
35 
5 
48 
0 
49 
10 
68 
76 
59 
5 
31 
16 
30 
10 
67 
100 
53 
21 
4 
3 
11 
5 
14 
32 
34 
27 
30 
160 
241 
186 
74 
31 
80 
98 
132 
133 
5 
49 
193 
113 
31 
45 
75 
64 
105 
132 
62 
15 
94 
13 
4 
43 
21 
37 
37 
53 
12 
27 
5 
30 
31 
32 
49 
106 
203 
123 
33 
63 
129 
131 
84 
52 
12 
52 
84 
101 
69 
5 
27 
27 
11 
4 
52 
36 
12 
27 
43 
26 
17 
0 
15 
30 
37 
44 
58 
33 
48 
98 
43 
122 
128 
141 
74 
72 
180 
175 
138 
123 
91 
43 
5 
94 
48 
97 
51 
53 
14 
31 
32 
64 
81 
49 
31 
32 
64 
33 
33 
1 
62 
94 
69 
5 
19 
43 
90 
161 
127 
13 
117 
192 
170 
83 
44 
52 
101 
117 
110 
69 
53 
44 
11 
5 
14 
15 
1 
37 
44 
43 
33 
31 
2 
20 
14 
32 
19 
21 
15 
127 
77 
59 
32 
9 
36 
31 
65 
122 
187 
187 
186 
159 
140 
118 
104 
104 
103 
69 
57 
21 
15 
45 
42 
33 
0 
34 
20 
21 
15 
0 
14 
21 
28 
10 
1 
16 
26 
12 
42 
65 
63 
109 
106 
103 
107 
118 
104 
98 
99 
19 
2 
9 
9 
8 
9 
34 
59 
76 
124 
100 
83 
41 
23 
4 
24 
27 
15 
28 
33 
38 
43 
64 
77 
74 
54 
81 
61 
39 
41 
27 
13 
9 
24 
7 
6 
10 
3 
162 
137 
119 
84 
57 
36 
32 
18 
26 
17 
0 
33 
49 
49 
48 
31 
2 
4 
14 
25 
36 
95 
81 
83 
85 
30 
1 
16 
32 
33 
49 
33 
65 
33 
17 
31 
79 
128 
128 
95 
77 
75 
81 
70 
43 
31 
28 
32 
44 
40 
75 
70 
70 
52 
50 
55 
36 
57 
30 
34 
53 
48 
51 
52 
69 
62 
53 
76 
42 
32 
44 
49 
45 
24 
43 
54 
24 
25 
2 
12 
12 
28 
36 
35 
179 
147 
121 
103 
84 
96 
99 
101 
78 
62 
10 
3 
37 
47 
25 
27 
65 
79 
92 
81 
54 
74 
54 
26 
2 
62 
67 
0 
13 
49 
38 
91 
80 
76 
40 
11 
24 
52 
72 
52 
16 
12 
31 
34 
37 
32 
18 
20 
37 
30 
31 
31 
30 
37 
92 
90 
96 
92 
64 
60 
22 
8 
18 
27 
60 
61 
61 
45 
52 
51 
57 
55 
36 
41 
21 
25 
5 
0 
141 
122 
86 
90 
70 
56 
59 
61 
54 
39 
23 
39 
7 
6 
45 
68 
83 
6 
55 
69 
98 
95 
99 
1 
54 
75 
64 
13 
14 
57 
53 
89 
69 
80 
67 
37 
16 
34 
84 
62 
47 
16 
15 
46 
1 
49 
65 
48 
32 
63 
21 
12 
11 
26 
17 
0 
62 
125 
59 
32 
29 
26 
39 
59 
8 
52 
95 
115 
85 
16 
110 
173 
219 
160 
147 
103 
84 
79 
67 
69 
80 
26 
108 
123 
106 
33 
48 
62 
92 
97 
134 
113 
60 
6 
23 
69 
115 
105 
103 
4 
23 
75 
55 
59 
23 
43 
6 
17 
44 
39 
42 
44 
22 
8 
10 
44 
13 
54 
136 
137 
121 
105 
56 
8 
42 
92 
134 
119 
40 
22 
54 
70 
29 
34 
18 
18 
54 
39 
25 
66 
91 
60 
76 
61 
12 
43 
76 
77 
54 
7 
24 
55 
87 
70 
101 
99 
146 
167 
84 
80 
92 
17 
13 
17 
2 
17 
45 
64 
92 
86 
56 
25 
9 
38 
70 
118 
118 
102 
109 
84 
34 
39 
20 
24 
4 
7 
43 
23 
11 
56 
52 
112 
67 
17 
15 
19 
46 
25 
59 
96 
28 
39 
68 
25 
1 
28 
39 
10 
12 
73 
110 
67 
15 
51 
46 
17 
67 
37 
0 
14 
44 
58 
16 
13 
5 
8 
11 
31 
131 
174 
145 
115 
27 
123 
138 
78 
64 
49 
34 
20 
53 
69 
62 
46 
30 
21 
28 
10 
1 
1 
3 
101 
127 
112 
80 
0 
49 
66 
84 
126 
111 
64 
33 
33 
49 
33 
17 
1 
174 
110 
65 
90 
74 
26 
21 
30 
30 
5 
10 
10 
59 
59 
43 
27 
11 
27 
26 
42 
58 
33 
0 
33 
90 
59 
20 
60 
75 
58 
17 
0 
48 
81 
81 
49 
32 
34 
52 
133 
143 
191 
111 
21 
35 
62 
80 
66 
52 
85 
63 
47 
79 
78 
37 
12 
27 
26 
33 
16 
1 
5 
44 
58 
65 
79 
77 
74 
31 
28 
32 
44 
24 
59 
38 
78 
51 
56 
36 
40 
20 
16 
3 
46 
48 
58 
51 
52 
11 
3 
36 
53 
62 
79 
64 
49 
49 
33 
33 
32 
32 
74 
51 
37 
15 
0 
5 
28 
42 
65 
79 
78 
124 
129 
70 
75 
71 
107 
29 
39 
165 
131 
103 
36 
32 
3 
30 
0 
61 
75 
49 
31 
18 
4 
65 
96 
61 
43 
16 
130 
101 
79 
81 
58 
59 
58 
42 
33 
15 
28 
33 
22 
10 
9 
21 
57 
53 
104 
84 
78 
96 
90 
123 
107 
122 
129 
127 
124 
88 
59 
13 
9 
55 
86 
85 
35 
29 
23 
42 
28 
41 
23 
68 
73 
26 
166 
171 
86 
71 
52 
73 
53 
73 
69 
80 
66 
52 
37 
14 
14 
14 
58 
51 
36 
36 
4 
4 
4 
11 
27 
26 
10 
5 
37 
46 
62 
46 
46 
30 
37 
45 
43 
10 
16 
31 
29 
5 
16 
13 
5 
16 
77 
42 
47 
29 
10 
0 
3 
1 
17 
19 
1 
16 
13 
59 
145 
86 
5 
72 
75 
31 
28 
8 
20 
32 
19 
31 
60 
17 
6 
10 
16 
3 
1 
25 
36 
30 
32 
18 
4 
1 
0 
31 
142 
93 
91 
97 
70 
91 
103 
107 
6 
71 
85 
114 
136 
180 
80 
76 
129 
134 
107 
39 
27 
7 
36 
0 
60 
48 
12 
47 
51 
47 
3 
49 
61 
74 
54 
42 
13 
1 
28 
16 
51 
47 
28 
32 
60 
32 
19 
56 
52 
31 
35 
46 
65 
19 
10 
16 
15 
30 
85 
92 
90 
81 
63 
140 
81 
25 
53 
57 
30 
13 
40 
4 
56 
90 
93 
88 
91 
93 
71 
73 
66 
109 
76 
52 
35 
2 
6 
8 
24 
34 
43 
29 
6 
8 
6 
20 
18 
8 
5 
2 
7 
11 
9 
5 
29 
49 
44 
24 
43 
6 
1 
19 
88 
21 
29 
40 
27 
2 
39 
52 
25 
62 
34 
14 
25 
27 
33 
46 
44 
81 
31 
44 
65 
70 
91 
70 
33 
3 
25 
87 
116 
105 
30 
50 
30 
34 
69 
16 
110 
125 
155 
129 
79 
28 
31 
34 
62 
89 
53 
0 
44 
97 
134 
42 
41 
94 
130 
94 
18 
11 
47 
62 
141 
123 
144 
25 
27 
32 
93 
81 
13 
62 
51 
15 
83 
79 
34 
85 
64 
5 
44 
59 
42 
49 
32 
15 
1 
26 
28 
59 
90 
112 
78 
28 
14 
41 
20 
31 
34 
37 
16 
18 
27 
48 
46 
60 
42 
31 
12 
5 
16 
44 
113 
102 
91 
8 
69 
105 
85 
47 
92 
49 
45 
1 
34 
37 
41 
4 
1 
33 
51 
78 
31 
30 
21 
11 
43 
75 
123 
33 
63 
170 
227 
100 
76 
91 
90 
32 
50 
149 
160 
130 
11 
10 
1 
48 
63 
46 
69 
60 
42 
17 
16 
17 
35 
37 
30 
30 
15 
0 
32 
48 
48 
80 
64 
47 
30 
53 
92 
122 
80 
29 
30 
82 
101 
112 
115 
69 
16 
63 
158 
172 
26 
48 
29 
26 
48 
61 
33 
22 
42 
18 
17 
13 
33 
13 
32 
12 
56 
84 
89 
37 
7 
107 
96 
44 
7 
59 
39 
26 
73 
101 
25 
59 
39 
11 
72 
116 
95 
34 
11 
58 
96 
63 
37 
28 
74 
97 
46 
12 
17 
13 
1 
34 
46 
34 
14 
25 
11 
33 
30 
76 
49 
0 
44 
26 
47 
61 
26 
25 
37 
104 
100 
79 
25 
27 
65 
47 
45 
43 
33 
15 
30 
45 
43 
74 
47 
93 
154 
70 
97 
83 
73 
135 
133 
130 
78 
146 
68 
1 
48 
32 
0 
1 
2 
11 
17 
17 
51 
62 
80 
58 
67 
84 
140 
155 
58 
0 
67 
79 
66 
46 
65 
3 
5 
16 
14 
60 
42 
79 
32 
46 
78 
142 
141 
27 
62 
49 
3 
21 
0 
97 
99 
36 
4 
4 
44 
4 
53 
47 
48 
81 
90 
90 
74 
90 
65 
31 
44 
42 
56 
84 
47 
34 
101 
143 
97 
74 
132 
228 
188 
107 
33 
112 
154 
123 
75 
4 
69 
94 
111 
64 
32 
15 
0 
32 
0 
0 
15 
1 
44 
27 
14 
0 
18 
43 
1 
32 
74 
12 
75 
106 
81 
32 
17 
19 
4 
5 
14 
47 
48 
48 
31 
32 
97 
97 
113 
112 
127 
44 
49 
6 
5 
41 
37 
73 
100 
143 
17 
12 
11 
17 
1 
15 
16 
129 
42 
53 
117 
44 
123 
1 
80 
130 
132 
78 
17 
80 
63 
46 
3 
101 
94 
79 
111 
79 
16 
58 
67 
36 
101 
30 
14 
14 
30 
28 
59 
80 
93 
113 
108 
103 
72 
72 
88 
103 
84 
105 
85 
80 
285 
267 
231 
203 
173 
150 
134 
116 
9 
10 
15 
28 
26 
64 
30 
13 
43 
97 
79 
76 
56 
59 
45 
23 
8 
8 
24 
9 
42 
44 
7 
49 
60 
86 
88 
58 
92 
141 
150 
57 
42 
28 
6 
23 
20 
9 
14 
156 
103 
105 
98 
89 
88 
78 
67 
129 
125 
97 
77 
65 
76 
39 
25 
43 
45 
54 
54 
39 
88 
57 
40 
24 
7 
6 
5 
3 
189 
151 
135 
103 
86 
69 
51 
40 
42 
45 
24 
27 
22 
8 
20 
41 
71 
52 
57 
53 
50 
94 
121 
148 
158 
95 
32 
32 
17 
14 
85 
124 
139 
49 
89 
164 
94 
15 
15 
14 
30 
14 
32 
48 
30 
77 
123 
129 
134 
170 
150 
136 
216 
183 
148 
112 
90 
58 
42 
1 
144 
146 
100 
110 
95 
96 
1 
46 
10 
58 
75 
42 
33 
31 
35 
15 
44 
88 
107 
77 
23 
22 
52 
18 
7 
57 
59 
29 
103 
89 
98 
155 
276 
211 
184 
116 
79 
31 
31 
31 
47 
79 
79 
79 
78 
140 
106 
70 
74 
76 
77 
77 
84 
6 
33 
29 
17 
9 
4 
16 
13 
69 
64 
66 
36 
46 
48 
49 
42 
26 
10 
37 
10 
26 
37 
68 
92 
4 
69 
1 
113 
209 
191 
125 
74 
9 
21 
82 
78 
66 
14 
6 
10 
41 
4 
80 
204 
232 
43 
34 
89 
71 
5 
3 
8 
5 
6 
42 
29 
49 
93 
113 
140 
134 
24 
38 
61 
36 
44 
28 
19 
59 
76 
44 
12 
27 
76 
93 
118 
183 
151 
38 
34 
67 
11 
51 
99 
66 
8 
89 
171 
140 
77 
61 
45 
52 
51 
13 
71 
186 
268 
278 
167 
86 
91 
140 
70 
55 
40 
56 
40 
24 
8 
40 
56 
40 
120 
152 
71 
21 
19 
40 
126 
130 
95 
12 
113 
166 
154 
9 
62 
35 
8 
42 
9 
39 
52 
50 
56 
101 
131 
111 
51 
15 
18 
21 
16 
46 
92 
81 
98 
277 
400 
241 
95 
354 
404 
284 
139 
64 
44 
24 
38 
36 
12 
50 
91 
140 
157 
189 
164 
178 
238 
129 
5 
181 
325 
261 
156 
90 
9 
53 
98 
142 
163 
191 
210 
132 
30 
65 
176 
176 
62 
99 
69 
31 
33 
5 
68 
124 
90 
32 
45 
1 
18 
30 
3 
41 
38 
20 
2 
152 
126 
66 
1 
30 
19 
53 
63 
96 
33 
14 
145 
129 
96 
46 
19 
53 
79 
97 
147 
148 
92 
26 
47 
97 
67 
85 
127 
113 
67 
20 
33 
79 
109 
106 
103 
123 
71 
27 
7 
5 
9 
14 
34 
110 
82 
62 
57 
20 
0 
12 
0 
18 
31 
163 
271 
194 
11 
203 
90 
74 
65 
80 
127 
125 
14 
146 
111 
35 
47 
51 
46 
121 
84 
85 
14 
63 
63 
95 
78 
50 
84 
149 
142 
17 
154 
282 
26 
206 
334 
286 
172 
23 
180 
233 
190 
121 
11 
32 
13 
5 
32 
83 
30 
16 
18 
11 
30 
47 
45 
91 
81 
14 
99 
197 
174 
79 
31 
78 
85 
12 
21 
46 
79 
80 
48 
64 
0 
16 
81 
65 
17 
0 
33 
3 
37 
63 
129 
202 
139 
21 
62 
95 
49 
35 
11 
33 
79 
128 
48 
32 
98 
132 
110 
15 
47 
94 
78 
108 
123 
96 
66 
94 
137 
100 
15 
9 
11 
46 
89 
52 
14 
32 
113 
283 
235 
74 
63 
114 
133 
119 
11 
240 
195 
181 
174 
141 
139 
103 
50 
27 
3 
59 
92 
86 
87 
72 
89 
105 
88 
87 
53 
2 
16 
12 
32 
99 
95 
65 
44 
58 
65 
31 
13 
11 
94 
64 
66 
4 
48 
61 
42 
25 
53 
121 
100 
63 
95 
141 
123 
64 
35 
78 
18 
1 
34 
46 
50 
31 
227 
607 
449 
23 
340 
576 
555 
363 
160 
44 
25 
135 
166 
141 
220 
164 
51 
66 
184 
133 
112 
58 
36 
52 
52 
100 
148 
92 
27 
49 
0 
18 
53 
73 
69 
185 
212 
222 
110 
33 
122 
106 
155 
170 
154 
96 
6 
117 
152 
100 
63 
34 
52 
78 
47 
48 
49 
26 
21 
92 
106 
80 
14 
19 
46 
65 
83 
85 
14 
16 
63 
47 
0 
48 
80 
80 
378 
251 
26 
175 
257 
299 
251 
58 
159 
178 
164 
69 
48 
111 
45 
26 
15 
12 
1 
18 
5 
57 
229 
513 
523 
267 
87 
292 
402 
366 
330 
251 
155 
145 
70 
21 
179 
281 
280 
206 
99 
72 
52 
63 
17 
19 
20 
36 
69 
69 
12 
21 
62 
96 
81 
74 
27 
11 
20 
52 
68 
84 
116 
100 
36 
27 
59 
26 
21 
37 
5 
11 
44 
107 
171 
161 
47 
147 
254 
256 
177 
138 
113 
96 
113 
195 
158 
128 
82 
85 
79 
114 
84 
53 
157 
91 
17 
9 
4 
30 
98 
165 
192 
147 
164 
124 
43 
142 
176 
170 
202 
283 
315 
122 
31 
194 
324 
302 
287 
254 
108 
87 
164 
216 
213 
137 
84 
94 
64 
42 
4 
11 
11 
42 
33 
48 
127 
77 
59 
0 
98 
165 
144 
131 
116 
37 
43 
115 
100 
69 
14 
15 
112 
161 
97 
1 
79 
96 
33 
26 
90 
139 
91 
58 
31 
97 
115 
149 
127 
97 
90 
91 
27 
4 
42 
16 
1 
67 
158 
224 
186 
90 
94 
112 
90 
83 
85 
1 
32 
42 
147 
132 
60 
107 
65 
57 
181 
193 
99 
36 
5 
26 
58 
99 
100 
53 
30 
0 
32 
30 
30 
53 
5 
139 
171 
202 
129 
25 
132 
175 
178 
180 
116 
76 
43 
53 
79 
97 
115 
149 
94 
143 
112 
160 
128 
46 
35 
85 
144 
179 
148 
94 
15 
16 
16 
0 
95 
128 
128 
97 
65 
64 
79 
94 
77 
11 
47 
121 
116 
126 
111 
64 
32 
96 
177 
97 
48 
31 
1 
90 
131 
108 
75 
5 
46 
80 
106 
91 
115 
84 
69 
21 
42 
27 
27 
36 
108 
91 
42 
0 
34 
53 
48 
83 
68 
33 
14 
0 
0 
80 
64 
32 
16 
32 
47 
46 
3 
59 
161 
112 
45 
17 
25 
133 
185 
196 
142 
47 
14 
178 
228 
149 
30 
49 
48 
15 
17 
42 
27 
20 
4 
11 
75 
90 
33 
63 
34 
37 
0 
17 
67 
53 
21 
33 
33 
5 
37 
69 
5 
19 
5 
63 
97 
51 
53 
14 
14 
47 
127 
111 
47 
18 
68 
94 
96 
81 
10 
53 
69 
69 
36 
4 
4 
5 
10 
74 
33 
30 
79 
63 
127 
63 
0 
33 
26 
35 
101 
78 
64 
128 
63 
47 
47 
46 
29 
11 
1 
32 
83 
85 
126 
47 
63 
111 
77 
11 
15 
114 
197 
209 
179 
213 
190 
126 
60 
30 
153 
197 
272 
314 
235 
26 
174 
224 
161 
74 
65 
49 
16 
64 
112 
81 
65 
16 
97 
202 
179 
116 
52 
19 
52 
53 
30 
63 
17 
14 
5 
12 
27 
10 
5 
37 
28 
37 
62 
30 
62 
78 
30 
60 
26 
15 
34 
149 
79 
48 
15 
0 
64 
96 
97 
42 
5 
3 
4 
36 
52 
60 
43 
5 
47 
80 
90 
67 
59 
91 
75 
74 
74 
74 
49 
15 
48 
17 
85 
76 
26 
15 
25 
52 
96 
130 
100 
69 
37 
13 
36 
53 
47 
130 
132 
110 
144 
81 
17 
16 
63 
21 
60 
21 
256 
266 
171 
187 
251 
49 
89 
148 
208 
227 
222 
240 
186 
106 
170 
14 
144 
163 
165 
63 
0 
90 
202 
122 
42 
31 
32 
50 
21 
47 
146 
148 
94 
95 
64 
49 
58 
26 
21 
53 
68 
4 
26 
1 
15 
0 
1 
17 
5 
37 
53 
52 
44 
27 
42 
26 
17 
17 
16 
0 
0 
0 
0 
15 
62 
60 
59 
49 
111 
77 
5 
73 
164 
110 
80 
74 
187 
235 
161 
105 
165 
130 
126 
130 
126 
130 
100 
62 
127 
102 
43 
23 
11 
50 
143 
211 
254 
208 
113 
47 
193 
179 
229 
174 
126 
46 
17 
98 
100 
69 
46 
16 
1 
3 
4 
14 
15 
32 
16 
16 
15 
14 
12 
10 
16 
29 
5 
57 
4 
56 
85 
89 
53 
16 
61 
74 
15 
2 
21 
15 
66 
84 
85 
37 
21 
5 
42 
122 
42 
16 
16 
29 
42 
63 
99 
117 
128 
113 
42 
11 
27 
27 
20 
20 
52 
124 
139 
122 
15 
82 
117 
128 
130 
100 
36 
35 
20 
20 
20 
43 
90 
58 
97 
96 
0 
97 
99 
148 
124 
59 
5 
143 
113 
74 
12 
58 
17 
31 
14 
93 
36 
53 
14 
15 
78 
76 
69 
160 
122 
35 
5 
1 
15 
48 
42 
19 
27 
21 
46 
30 
30 
21 
42 
75 
43 
43 
11 
20 
37 
85 
69 
78 
62 
14 
49 
58 
106 
97 
112 
1 
83 
132 
85 
62 
47 
0 
32 
17 
10 
43 
43 
43 
90 
42 
14 
63 
80 
113 
33 
58 
26 
37 
53 
53 
62 
30 
15 
33 
50 
20 
30 
47 
65 
10 
5 
5 
21 
64 
70 
4 
62 
31 
49 
52 
76 
59 
1 
95 
288 
209 
127 
2 
133 
153 
149 
128 
130 
116 
85 
14 
16 
16 
49 
65 
65 
49 
14 
62 
78 
78 
69 
44 
27 
10 
15 
48 
65 
42 
5 
37 
52 
3 
4 
27 
11 
11 
69 
53 
27 
67 
100 
84 
52 
36 
44 
20 
85 
126 
79 
0 
48 
33 
65 
74 
26 
37 
52 
12 
20 
53 
46 
47 
48 
1 
30 
37 
12 
4 
1 
63 
62 
12 
37 
30 
63 
111 
94 
61 
75 
58 
33 
16 
16 
0 
0 
16 
65 
14 
46 
21 
12 
37 
78 
64 
95 
62 
44 
10 
30 
79 
64 
15 
47 
47 
31 
31 
78 
110 
69 
12 
68 
133 
63 
0 
64 
64 
31 
31 
31 
16 
81 
74 
42 
5 
21 
75 
91 
58 
42 
1 
48 
26 
3 
5 
14 
16 
48 
32 
31 
63 
46 
5 
3 
4 
37 
46 
0 
47 
14 
53 
76 
42 
14 
64 
49 
26 
43 
35 
68 
68 
19 
100 
133 
126 
78 
30 
62 
37 
35 
4 
5 
15 
32 
10 
51 
84 
4 
3 
11 
27 
21 
30 
46 
47 
15 
47 
63 
49 
74 
42 
17 
33 
63 
78 
92 
90 
16 
17 
12 
20 
126 
48 
14 
53 
44 
4 
5 
17 
1 
14 
31 
31 
1 
17 
17 
33 
49 
33 
32 
16 
32 
65 
65 
0 
0 
63 
53 
19 
69 
94 
110 
111 
78 
62 
53 
53 
76 
74 
96 
70 
36 
111 
178 
293 
334 
47 
65 
83 
101 
127 
177 
202 
139 
11 
5 
46 
31 
96 
80 
48 
31 
48 
32 
33 
49 
65 
65 
49 
32 
0 
16 
17 
10 
3 
5 
17 
32 
46 
28 
11 
1 
15 
16 
14 
69 
60 
59 
26 
31 
1 
60 
42 
0 
81 
99 
116 
5 
42 
42 
26 
49 
81 
64 
63 
62 
76 
5 
31 
65 
50 
52 
11 
26 
42 
10 
10 
42 
33 
32 
63 
70 
27 
14 
48 
66 
36 
10 
14 
15 
32 
64 
31 
31 
30 
13 
11 
5 
31 
32 
1 
19 
20 
20 
5 
10 
5 
27 
59 
27 
59 
91 
59 
26 
1 
15 
16 
33 
1 
5 
19 
52 
37 
5 
10 
42 
90 
58 
10 
49 
65 
80 
63 
14 
34 
100 
181 
14 
16 
49 
81 
33 
14 
74 
122 
59 
11 
91 
42 
62 
127 
241 
81 
1 
16 
15 
65 
146 
164 
116 
69 
21 
14 
1 
17 
33 
17 
33 
26 
12 
59 
42 
17 
31 
48 
48 
0 
15 
48 
48 
32 
17 
1 
1 
17 
14 
14 
26 
74 
81 
48 
14 
13 
27 
10 
1 
31 
32 
32 
14 
14 
37 
21 
12 
4 
5 
10 
42 
5 
21 
37 
37 
21 
75 
75 
43 
27 
10 
42 
65 
65 
0 
16 
1 
17 
58 
91 
139 
91 
27 
21 
47 
129 
114 
148 
165 
62 
0 
96 
176 
48 
31 
14 
1 
5 
19 
68 
101 
30 
14 
14 
1 
1 
46 
1 
49 
49 
1 
47 
47 
48 
32 
33 
1 
14 
21 
5 
20 
28 
11 
21 
30 
30 
14 
30 
30 
53 
53 
36 
20 
12 
11 
11 
11 
10 
5 
14 
15 
16 
0 
64 
49 
15 
63 
80 
64 
32 
16 
15 
16 
0 
16 
0 
0 
32 
16 
32 
64 
64 
48 
16 
33 
17 
30 
46 
46 
21 
42 
42 
42 
37 
69 
53 
21 
5 
27 
3 
4 
4 
36 
12 
4 
5 
46 
94 
126 
93 
27 
78 
128 
74 
42 
21 
37 
37 
69 
5 
43 
20 
84 
36 
27 
27 
27 
5 
21 
21 
21 
53 
53 
19 
36 
17 
64 
47 
14 
26 
28 
27 
10 
10 
49 
63 
77 
59 
1 
48 
35 
69 
111 
80 
32 
47 
95 
95 
63 
32 
0 
32 
32 
16 
32 
32 
48 
47 
30 
28 
10 
46 
95 
95 
79 
94 
92 
123 
42 
0 
65 
82 
68 
4 
26 
42 
49 
32 
32 
47 
30 
3 
5 
30 
80 
49 
10 
37 
53 
52 
36 
12 
27 
10 
33 
64 
30 
19 
21 
0 
15 
2 
11 
21 
0 
32 
113 
10 
68 
84 
60 
59 
43 
42 
33 
16 
48 
81 
90 
58 
58 
5 
85 
60 
123 
145 
79 
28 
5 
15 
10 
12 
5 
14 
31 
15 
1 
19 
4 
14 
1 
60 
58 
49 
32 
15 
0 
48 
1 
1 
37 
44 
42 
31 
12 
17 
16 
50 
11 
33 
31 
46 
44 
27 
1 
15 
32 
42 
19 
20 
37 
30 
0 
0 
31 
95 
94 
77 
27 
14 
32 
34 
52 
53 
15 
0 
15 
31 
46 
78 
85 
76 
42 
1 
80 
34 
27 
17 
0 
81 
129 
49 
31 
31 
31 
47 
46 
69 
60 
107 
90 
80 
62 
60 
78 
153 
84 
110 
95 
16 
16 
16 
96 
113 
74 
43 
11 
27 
4 
5 
5 
17 
16 
16 
31 
47 
30 
14 
53 
44 
43 
1 
127 
145 
83 
43 
75 
75 
43 
26 
58 
58 
26 
17 
33 
1 
0 
0 
17 
10 
3 
4 
36 
5 
5 
33 
49 
33 
16 
0 
0 
15 
0 
14 
1 
5 
11 
59 
75 
58 
65 
47 
30 
13 
11 
21 
30 
31 
15 
31 
31 
1 
21 
37 
12 
4 
20 
37 
30 
0 
15 
14 
14 
10 
10 
21 
37 
4 
52 
60 
91 
42 
14 
63 
64 
33 
42 
90 
10 
46 
111 
128 
81 
49 
14 
47 
95 
16 
31 
15 
0 
1 
1 
14 
21 
21 
21 
20 
36 
44 
27 
42 
48 
31 
1 
12 
5 
1 
15 
1 
21 
28 
4 
5 
21 
14 
1 
16 
31 
62 
44 
11 
17 
16 
14 
19 
36 
14 
15 
16 
47 
46 
17 
5 
12 
27 
5 
17 
30 
31 
16 
16 
47 
63 
62 
53 
28 
27 
65 
32 
33 
51 
52 
1 
17 
32 
15 
53 
60 
11 
14 
63 
0 
17 
1 
10 
20 
12 
11 
20 
4 
4 
11 
27 
43 
43 
43 
42 
26 
33 
32 
47 
30 
2 
36 
133 
78 
30 
33 
81 
74 
58 
58 
90 
49 
14 
16 
15 
26 
51 
68 
5 
33 
33 
32 
32 
31 
31 
15 
16 
64 
16 
0 
32 
47 
62 
28 
4 
1 
15 
15 
17 
65 
33 
47 
63 
64 
48 
48 
48 
15 
16 
49 
90 
75 
4 
36 
36 
20 
28 
43 
59 
10 
33 
64 
63 
30 
5 
19 
85 
78 
16 
14 
37 
12 
4 
37 
1 
97 
81 
49 
16 
15 
1 
1 
5 
4 
12 
11 
10 
17 
16 
0 
17 
10 
28 
107 
113 
63 
28 
37 
144 
114 
36 
37 
30 
32 
96 
96 
64 
80 
64 
0 
0 
1 
26 
19 
11 
5 
17 
47 
30 
12 
5 
0 
15 
21 
12 
5 
1 
0 
80 
65 
42 
26 
4 
4 
4 
21 
69 
30 
30 
15 
15 
0 
0 
17 
17 
5 
3 
11 
10 
17 
16 
15 
34 
20 
21 
15 
16 
34 
20 
5 
31 
33 
26 
19 
20 
37 
21 
1 
14 
17 
14 
14 
14 
37 
21 
37 
37 
20 
19 
36 
11 
27 
11 
4 
27 
59 
75 
107 
58 
1 
32 
161 
187 
75 
26 
30 
31 
49 
99 
100 
110 
79 
31 
0 
16 
0 
48 
64 
17 
37 
21 
20 
12 
4 
4 
4 
3 
11 
10 
33 
16 
16 
32 
65 
80 
79 
70 
75 
49 
47 
28 
10 
16 
14 
12 
10 
31 
33 
19 
20 
1 
0 
0 
17 
5 
4 
12 
11 
11 
11 
10 
26 
26 
26 
26 
10 
1 
1 
15 
31 
32 
48 
48 
47 
46 
45 
27 
30 
113 
83 
69 
15 
62 
2 
36 
30 
47 
65 
26 
3 
4 
53 
46 
46 
1 
65 
33 
14 
14 
33 
80 
32 
16 
42 
35 
37 
62 
80 
81 
90 
10 
5 
5 
14 
78 
126 
30 
12 
5 
32 
1 
35 
62 
95 
112 
97 
81 
64 
48 
15 
1 
26 
51 
68 
68 
36 
3 
4 
10 
1 
31 
16 
17 
26 
19 
20 
52 
53 
37 
21 
30 
30 
30 
15 
1 
33 
81 
33 
33 
0 
15 
16 
32 
48 
49 
33 
21 
11 
35 
68 
69 
53 
21 
35 
20 
4 
52 
84 
28 
4 
36 
69 
62 
30 
47 
15 
16 
16 
0 
15 
31 
31 
15 
16 
32 
48 
16 
32 
65 
42 
27 
3 
36 
52 
11 
4 
4 
36 
12 
36 
4 
11 
43 
43 
43 
43 
27 
11 
10 
1 
46 
111 
94 
14 
19 
68 
101 
62 
10 
37 
85 
53 
37 
20 
28 
27 
5 
33 
32 
16 
17 
19 
20 
37 
14 
17 
0 
31 
48 
48 
32 
16 
16 
0 
15 
1 
14 
14 
15 
15 
0 
15 
15 
0 
16 
0 
15 
15 
0 
0 
33 
49 
49 
33 
0 
15 
31 
46 
37 
19 
36 
5 
26 
42 
49 
33 
17 
16 
15 
30 
53 
60 
42 
62 
48 
33 
27 
19 
11 
43 
43 
43 
43 
52 
60 
59 
58 
48 
46 
44 
17 
6 
11 
7 
27 
7 
27 
8 
10 
29 
8 
37 
19 
56 
62 
3 
24 
4 
9 
17 
12 
8 
11 
6 
17 
29 
8 
11 
6 
23 
20 
18 
55 
91 
77 
55 
41 
18 
18 
25 
9 
120 
90 
60 
22 
7 
5 
19 
24 
25 
34 
50 
66 
57 
71 
53 
50 
63 
67 
63 
51 
46 
33 
35 
30 
48 
50 
36 
53 
31 
0 
45 
75 
49 
41 
52 
47 
82 
53 
0 
0 
85 
60 
26 
16 
2 
20 
31 
89 
36 
14 
48 
34 
21 
15 
17 
50 
36 
37 
31 
0 
0 
1 
5 
5 
19 
4 
10 
14 
47 
48 
81 
81 
10 
5 
10 
21 
21 
21 
37 
37 
28 
27 
26 
0 
25 
4 
0 
25 
5 
16 
19 
1 
6 
27 
0 
34 
62 
64 
12 
10 
0 
25 
4 
14 
32 
19 
5 
15 
15 
2 
4 
64 
22 
10 
25 
36 
8 
4 
24 
4 
47 
51 
62 
89 
84 
46 
47 
0 
1 
69 
108 
27 
33 
1 
35 
46 
89 
36 
15 
9 
27 
47 
98 
52 
37 
1 
16 
33 
19 
4 
1 
16 
1 
18 
20 
21 
15 
32 
33 
11 
3 
20 
21 
5 
1 
0 
15 
0 
14 
69 
44 
53 
79 
65 
67 
52 
5 
26 
1 
1 
15 
0 
16 
33 
26 
3 
4 
26 
49 
0 
1 
26 
43 
19 
11 
11 
21 
14 
48 
97 
42 
42 
27 
4 
52 
52 
92 
59 
37 
47 
16 
42 
131 
84 
20 
43 
123 
90 
17 
32 
17 
51 
68 
101 
110 
62 
30 
1 
42 
122 
106 
10 
30 
47 
49 
42 
58 
59 
19 
4 
3 
11 
4 
4 
21 
5 
26 
26 
42 
42 
42 
26 
5 
21 
5 
12 
11 
4 
4 
21 
5 
26 
26 
53 
46 
1 
16 
15 
48 
49 
17 
5 
37 
5 
19 
20 
21 
10 
17 
1 
0 
32 
32 
33 
17 
26 
42 
26 
4 
11 
28 
27 
11 
5 
17 
17 
15 
32 
17 
26 
35 
20 
21 
37 
30 
14 
15 
15 
16 
0 
0 
0 
0 
1 
14 
1 
17 
5 
26 
51 
36 
36 
36 
20 
12 
11 
11 
26 
33 
17 
32 
15 
31 
14 
21 
27 
51 
36 
52 
100 
19 
84 
37 
78 
127 
127 
126 
29 
20 
94 
128 
161 
106 
10 
94 
127 
80 
32 
33 
26 
26 
5 
21 
10 
26 
5 
37 
1 
17 
33 
33 
80 
96 
79 
30 
12 
21 
95 
176 
161 
17 
95 
80 
17 
1 
58 
99 
68 
20 
5 
10 
21 
37 
20 
12 
20 
21 
17 
32 
31 
14 
29 
27 
10 
31 
48 
33 
1 
37 
37 
37 
44 
43 
10 
17 
16 
15 
1 
17 
10 
67 
52 
4 
10 
10 
49 
48 
31 
31 
46 
14 
49 
49 
26 
42 
5 
37 
21 
21 
53 
53 
37 
3 
68 
21 
26 
10 
5 
42 
42 
26 
10 
21 
5 
10 
10 
42 
58 
58 
42 
1 
46 
15 
15 
32 
16 
31 
31 
46 
46 
14 
30 
46 
46 
62 
29 
11 
5 
79 
65 
5 
3 
27 
27 
27 
10 
5 
1 
1 
1 
33 
48 
63 
1 
5 
19 
20 
21 
53 
21 
17 
81 
81 
48 
31 
14 
13 
11 
5 
17 
16 
31 
14 
5 
3 
4 
20 
21 
14 
33 
17 
32 
31 
1 
5 
3 
59 
58 
49 
32 
0 
1 
3 
36 
117 
94 
15 
1 
58 
74 
75 
75 
42 
26 
42 
49 
32 
15 
10 
19 
4 
5 
5 
1 
0 
0 
32 
14 
46 
69 
44 
27 
30 
143 
80 
1 
62 
62 
15 
32 
47 
79 
79 
30 
1 
1 
10 
58 
4 
60 
11 
20 
52 
92 
27 
5 
30 
46 
79 
64 
32 
32 
49 
33 
32 
16 
48 
65 
42 
20 
60 
75 
59 
42 
10 
5 
14 
16 
1 
18 
52 
14 
49 
16 
0 
32 
16 
1 
21 
28 
43 
4 
53 
46 
46 
31 
63 
79 
15 
17 
17 
5 
3 
11 
10 
33 
32 
16 
0 
1 
10 
5 
3 
11 
5 
5 
1 
32 
32 
0 
16 
33 
1 
14 
30 
31 
31 
15 
16 
48 
0 
47 
47 
31 
14 
1 
33 
10 
14 
14 
1 
30 
47 
47 
0 
0 
30 
1 
53 
60 
5 
14 
15 
47 
31 
0 
33 
17 
17 
33 
32 
64 
32 
14 
37 
12 
43 
42 
17 
0 
16 
32 
49 
33 
17 
14 
47 
46 
1 
53 
44 
11 
21 
30 
31 
31 
32 
33 
1 
62 
78 
79 
47 
15 
16 
0 
17 
81 
65 
46 
79 
48 
33 
26 
27 
27 
27 
4 
53 
30 
94 
126 
126 
69 
19 
69 
78 
63 
63 
15 
80 
81 
58 
42 
30 
30 
16 
64 
80 
15 
14 
1 
5 
19 
84 
53 
21 
5 
19 
36 
53 
78 
78 
46 
1 
26 
11 
43 
27 
36 
52 
37 
36 
20 
28 
27 
26 
1 
31 
48 
32 
48 
48 
31 
80 
65 
81 
65 
32 
0 
15 
0 
1 
1 
5 
5 
5 
11 
11 
5 
10 
33 
33 
15 
30 
45 
75 
49 
17 
67 
63 
57 
36 
15 
41 
36 
30 
16 
1 
28 
4 
30 
31 
17 
12 
5 
0 
14 
3 
21 
47 
81 
58 
43 
115 
204 
155 
42 
47 
146 
212 
238 
222 
126 
28 
14 
34 
117 
73 
62 
34 
0 
12 
8 
5 
2 
7 
4 
9 
17 
29 
8 
11 
22 
17 
12 
8 
21 
3 
24 
21 
18 
14 
19 
55 
20 
24 
20 
40 
21 
25 
21 
41 
37 
25 
21 
24 
20 
32 
19 
15 
18 
21 
32 
50 
37 
31 
33 
50 
36 
14 
15 
0 
5 
12 
26 
48 
14 
12 
17 
9 
10 
8 
20 
40 
68 
63 
66 
53 
63 
48 
49 
26 
26 
17 
17 
0 
0 
0 
17 
17 
1 
17 
16 
0 
1 
2 
4 
21 
15 
33 
19 
21 
31 
33 
50 
36 
37 
5 
1 
1 
1 
14 
14 
46 
46 
46 
46 
53 
37 
76 
58 
65 
31 
28 
10 
0 
18 
37 
16 
22 
59 
16 
34 
53 
47 
74 
83 
37 
14 
0 
0 
16 
32 
32 
48 
32 
32 
48 
49 
16 
0 
31 
0 
16 
32 
16 
0 
15 
15 
46 
30 
28 
59 
42 
32 
30 
3 
14 
32 
50 
52 
69 
46 
15 
15 
32 
80 
64 
80 
48 
16 
15 
15 
14 
21 
5 
12 
4 
21 
30 
14 
0 
32 
32 
31 
14 
5 
19 
4 
10 
17 
17 
49 
49 
32 
0 
16 
17 
26 
42 
11 
12 
43 
91 
58 
42 
33 
32 
32 
10 
4 
12 
27 
26 
33 
16 
15 
14 
5 
3 
21 
14 
0 
32 
47 
30 
37 
28 
42 
33 
0 
18 
4 
1 
15 
61 
59 
42 
127 
113 
90 
91 
75 
90 
81 
31 
2 
21 
57 
52 
112 
115 
94 
48 
10 
3 
21 
15 
16 
17 
10 
3 
20 
5 
21 
21 
14 
1 
1 
5 
5 
5 
20 
12 
11 
11 
5 
5 
21 
5 
26 
26 
27 
11 
19 
4 
4 
20 
37 
37 
14 
14 
16 
16 
16 
16 
1 
17 
16 
32 
48 
0 
0 
15 
31 
30 
14 
1 
10 
10 
5 
5 
1 
14 
17 
14 
46 
46 
30 
14 
17 
1 
17 
17 
16 
15 
31 
0 
0 
0 
0 
0 
0 
17 
33 
65 
58 
58 
42 
26 
17 
17 
1 
31 
63 
48 
32 
16 
31 
48 
48 
64 
64 
64 
32 
0 
32 
17 
17 
17 
17 
14 
14 
15 
31 
31 
0 
1 
1 
17 
1 
14 
14 
31 
47 
63 
31 
1 
2 
11 
26 
17 
0 
32 
48 
33 
30 
63 
31 
15 
31 
31 
0 
0 
0 
16 
1 
1 
1 
1 
1 
0 
0 
15 
15 
1 
5 
19 
20 
21 
30 
14 
31 
32 
48 
48 
47 
63 
78 
99 
84 
101 
78 
62 
69 
76 
74 
64 
60 
40 
59 
45 
38 
39 
23 
136 
104 
73 
40 
8 
7 
7 
6 
2 
27 
29 
22 
7 
9 
13 
4 
35 
18 
25 
40 
22 
21 
19 
2 
9 
23 
29 
20 
34 
72 
69 
50 
31 
35 
31 
19 
15 
12 
1 
13 
1 
13 
1 
2 
14 
18 
14 
2 
1 
9 
5 
8 
20 
40 
36 
40 
20 
15 
19 
15 
2 
14 
13 
5 
9 
10 
13 
1 
18 
30 
50 
37 
80 
67 
69 
47 
49 
26 
19 
4 
5 
5 
5 
1 
1 
14 
15 
15 
16 
14 
37 
44 
10 
32 
13 
10 
0 
12 
15 
34 
46 
33 
35 
46 
32 
33 
35 
5 
0 
0 
18 
4 
14 
0 
5 
3 
5 
0 
16 
50 
36 
21 
31 
16 
10 
19 
20 
5 
1 
0 
16 
1 
5 
19 
11 
21 
14 
32 
17 
19 
4 
1 
0 
1 
12 
10 
31 
33 
19 
21 
31 
17 
19 
4 
1 
0 
17 
10 
12 
4 
21 
62 
47 
47 
48 
32 
16 
0 
14 
30 
30 
30 
21 
28 
10 
17 
16 
50 
68 
62 
80 
81 
58 
51 
20 
4 
43 
43 
43 
27 
11 
4 
4 
4 
20 
52 
52 
28 
43 
27 
42 
26 
1 
16 
47 
1 
74 
115 
148 
92 
27 
30 
64 
82 
68 
78 
47 
33 
51 
20 
5 
14 
16 
32 
33 
33 
17 
65 
65 
32 
14 
2 
20 
30 
31 
14 
37 
20 
12 
21 
21 
14 
31 
15 
0 
17 
17 
33 
42 
58 
58 
42 
10 
5 
5 
26 
49 
33 
0 
0 
15 
1 
10 
3 
5 
10 
1 
0 
15 
31 
47 
30 
30 
21 
2 
4 
5 
1 
0 
15 
30 
21 
3 
11 
26 
33 
17 
48 
63 
62 
12 
21 
31 
33 
34 
27 
1 
31 
32 
33 
5 
85 
84 
44 
27 
37 
78 
63 
47 
0 
16 
49 
49 
33 
17 
33 
33 
33 
33 
33 
33 
16 
15 
15 
5 
19 
4 
58 
65 
80 
38 
11 
46 
112 
122 
83 
36 
59 
139 
107 
58 
49 
0 
32 
33 
10 
37 
44 
27 
10 
17 
0 
1 
5 
12 
43 
42 
33 
15 
78 
60 
26 
0 
98 
85 
63 
48 
49 
53 
133 
108 
27 
30 
80 
58 
83 
60 
11 
21 
46 
79 
96 
81 
65 
26 
17 
1 
1 
0 
15 
31 
21 
28 
11 
1 
0 
25 
11 
1 
16 
26 
3 
74 
49 
16 
1 
42 
43 
4 
4 
4 
3 
11 
43 
59 
58 
81 
225 
95 
18 
85 
127 
138 
99 
68 
5 
26 
26 
10 
43 
59 
115 
108 
43 
43 
74 
97 
32 
65 
99 
117 
94 
47 
31 
47 
142 
149 
92 
26 
48 
146 
164 
149 
85 
12 
36 
78 
128 
154 
147 
84 
11 
28 
27 
5 
46 
64 
65 
42 
10 
4 
28 
43 
27 
43 
58 
58 
65 
48 
0 
33 
28 
59 
49 
15 
62 
44 
42 
80 
157 
62 
130 
149 
192 
