9 
25 
18 
2 
18 
3 
4 
3 
2 
2 
6 
7 
8 
9 
13 
11 
12 
9 
8 
17 
28 
22 
7 
26 
12 
6 
39 
69 
51 
24 
17 
3 
7 
10 
3 
8 
10 
38 
49 
60 
23 
11 
25 
14 
3 
15 
35 
14 
2 
14 
6 
10 
6 
27 
15 
12 
16 
13 
1 
6 
11 
33 
22 
26 
7 
43 
55 
58 
38 
24 
59 
61 
23 
9 
10 
12 
6 
30 
3 
56 
68 
80 
35 
30 
41 
36 
1 
6 
43 
48 
45 
58 
22 
27 
16 
28 
1 
25 
20 
14 
32 
18 
20 
1 
0 
1 
12 
10 
0 
0 
5 
12 
26 
33 
31 
13 
27 
26 
32 
14 
28 
17 
0 
2 
27 
16 
6 
43 
32 
29 
10 
15 
3 
14 
25 
4 
14 
33 
18 
20 
21 
31 
32 
15 
14 
21 
20 
12 
11 
5 
1 
0 
15 
1 
1 
5 
20 
28 
11 
26 
33 
48 
46 
60 
42 
47 
45 
26 
14 
12 
1 
17 
3 
1 
0 
18 
20 
21 
14 
32 
0 
17 
10 
28 
59 
58 
64 
45 
26 
0 
3 
26 
15 
18 
36 
30 
15 
17 
10 
10 
3 
4 
11 
10 
21 
10 
5 
10 
10 
21 
5 
10 
26 
42 
17 
49 
32 
31 
15 
14 
14 
21 
12 
4 
20 
21 
21 
21 
12 
59 
58 
47 
44 
5 
48 
97 
145 
175 
172 
120 
107 
63 
44 
1 
49 
66 
68 
68 
53 
5 
10 
14 
30 
62 
46 
78 
45 
75 
49 
22 
36 
47 
49 
35 
69 
46 
95 
95 
95 
94 
69 
60 
43 
33 
16 
16 
33 
26 
27 
43 
43 
43 
11 
36 
20 
11 
11 
4 
5 
10 
26 
1 
1 
0 
0 
17 
10 
43 
51 
36 
68 
68 
36 
5 
42 
80 
31 
13 
11 
1 
31 
64 
64 
63 
46 
37 
28 
27 
10 
10 
5 
10 
10 
10 
5 
5 
4 
19 
27 
43 
42 
1 
0 
0 
17 
34 
20 
5 
1 
0 
1 
19 
11 
33 
31 
12 
30 
48 
42 
35 
52 
52 
36 
52 
37 
21 
46 
30 
30 
1 
16 
16 
0 
14 
21 
28 
11 
33 
47 
45 
42 
0 
19 
47 
65 
74 
91 
90 
97 
95 
93 
91 
49 
14 
13 
4 
21 
1 
0 
0 
1 
2 
4 
5 
1 
0 
15 
21 
12 
11 
5 
14 
15 
31 
47 
0 
32 
47 
62 
92 
81 
70 
122 
118 
97 
76 
54 
57 
43 
45 
23 
25 
11 
2 
24 
22 
20 
25 
39 
36 
57 
53 
57 
53 
65 
67 
101 
78 
94 
92 
74 
79 
92 
80 
44 
16 
19 
63 
114 
101 
96 
90 
83 
85 
69 
62 
62 
62 
37 
37 
20 
28 
27 
10 
1 
30 
30 
46 
46 
53 
37 
28 
26 
33 
15 
1 
3 
21 
31 
16 
18 
11 
17 
15 
13 
26 
15 
28 
16 
12 
0 
3 
8 
11 
22 
17 
12 
6 
7 
11 
28 
54 
55 
55 
55 
103 
86 
36 
19 
13 
61 
77 
77 
84 
114 
152 
149 
153 
132 
142 
143 
143 
142 
125 
123 
96 
76 
33 
13 
5 
16 
51 
14 
9 
27 
15 
12 
0 
3 
15 
2 
5 
16 
3 
53 
30 
32 
49 
65 
65 
64 
63 
46 
13 
27 
17 
22 
27 
16 
13 
5 
16 
35 
46 
48 
3 
5 
41 
5 
6 
49 
60 
70 
87 
72 
120 
55 
23 
8 
40 
55 
69 
51 
72 
85 
82 
78 
82 
85 
80 
51 
62 
64 
50 
36 
1 
1 
12 
17 
15 
28 
17 
0 
3 
21 
31 
48 
42 
75 
75 
75 
90 
97 
78 
76 
65 
14 
3 
21 
15 
16 
17 
51 
20 
21 
1 
0 
30 
76 
58 
48 
30 
44 
33 
15 
2 
4 
30 
47 
79 
95 
78 
60 
43 
33 
63 
61 
74 
70 
40 
4 
105 
116 
126 
127 
126 
141 
139 
113 
78 
76 
5 
31 
64 
97 
49 
49 
49 
48 
46 
29 
43 
17 
16 
5 
19 
5 
14 
16 
17 
42 
75 
75 
67 
52 
27 
65 
38 
74 
103 
91 
38 
10 
57 
84 
133 
142 
117 
85 
108 
106 
113 
63 
13 
11 
1 
15 
14 
21 
3 
21 
31 
48 
97 
97 
48 
0 
16 
33 
17 
10 
10 
28 
58 
63 
76 
39 
26 
25 
36 
47 
97 
106 
107 
75 
59 
91 
59 
43 
26 
33 
48 
15 
17 
42 
42 
27 
11 
4 
4 
12 
43 
43 
43 
27 
10 
26 
10 
21 
52 
92 
122 
151 
122 
77 
1 
18 
69 
96 
106 
107 
123 
139 
107 
58 
58 
33 
1 
1 
30 
45 
43 
33 
31 
46 
12 
52 
37 
30 
31 
16 
1 
3 
11 
33 
31 
29 
27 
17 
6 
27 
32 
44 
48 
44 
40 
27 
25 
21 
18 
31 
19 
47 
51 
79 
50 
46 
57 
52 
46 
32 
50 
36 
30 
31 
16 
10 
19 
52 
76 
91 
106 
112 
109 
90 
54 
33 
13 
1 
25 
4 
31 
49 
82 
52 
53 
53 
37 
37 
28 
43 
42 
32 
6 
27 
32 
6 
10 
7 
11 
0 
3 
0 
3 
14 
13 
1 
18 
15 
19 
8 
11 
41 
14 
2 
14 
19 
15 
19 
30 
2 
37 
48 
66 
68 
69 
78 
94 
78 
101 
76 
58 
49 
31 
2 
11 
5 
31 
64 
80 
127 
189 
200 
178 
162 
121 
40 
23 
86 
132 
223 
256 
239 
285 
241 
205 
152 
123 
102 
49 
12 
31 
35 
69 
80 
82 
68 
78 
80 
90 
67 
52 
36 
53 
37 
36 
44 
59 
33 
16 
9 
11 
1 
33 
19 
46 
49 
35 
21 
64 
66 
36 
14 
48 
33 
19 
4 
14 
0 
1 
18 
11 
5 
32 
1 
28 
26 
31 
28 
32 
29 
1 
2 
5 
6 
10 
9 
5 
13 
8 
4 
38 
24 
26 
13 
24 
30 
51 
95 
98 
101 
126 
111 
96 
96 
63 
94 
78 
28 
27 
4 
5 
1 
14 
30 
30 
30 
46 
62 
108 
58 
32 
33 
67 
36 
52 
37 
37 
37 
62 
15 
15 
29 
58 
63 
28 
14 
47 
49 
33 
26 
59 
51 
52 
37 
37 
37 
21 
5 
10 
17 
17 
16 
0 
0 
14 
5 
3 
4 
5 
1 
15 
16 
17 
5 
28 
10 
17 
0 
2 
4 
21 
15 
33 
26 
51 
68 
53 
1 
15 
5 
3 
4 
1 
16 
15 
10 
43 
51 
20 
28 
59 
59 
42 
33 
16 
0 
14 
53 
76 
74 
64 
61 
59 
32 
50 
68 
62 
79 
65 
74 
90 
91 
51 
11 
43 
42 
32 
62 
76 
42 
31 
49 
42 
59 
59 
59 
59 
59 
43 
3 
27 
42 
96 
125 
113 
45 
0 
50 
52 
78 
110 
94 
78 
78 
62 
14 
0 
15 
21 
19 
36 
52 
44 
27 
5 
5 
21 
37 
36 
28 
11 
1 
0 
1 
3 
11 
17 
0 
17 
2 
11 
17 
16 
19 
21 
31 
49 
35 
52 
62 
79 
47 
16 
31 
62 
45 
59 
48 
13 
4 
14 
32 
42 
35 
52 
85 
101 
68 
44 
27 
43 
42 
17 
0 
16 
16 
48 
32 
15 
30 
5 
12 
20 
11 
10 
5 
1 
32 
31 
58 
91 
91 
106 
128 
141 
136 
155 
141 
119 
72 
42 
28 
8 
1 
35 
57 
30 
51 
88 
68 
72 
52 
48 
35 
14 
9 
11 
0 
18 
21 
0 
2 
43 
32 
13 
43 
32 
29 
10 
0 
29 
10 
0 
1 
19 
21 
30 
31 
31 
0 
30 
29 
11 
21 
1 
32 
47 
46 
60 
65 
22 
20 
46 
31 
0 
46 
93 
74 
31 
28 
48 
61 
49 
29 
17 
25 
52 
46 
33 
3 
10 
15 
2 
4 
30 
48 
81 
42 
26 
1 
46 
62 
53 
28 
10 
33 
32 
30 
21 
3 
4 
20 
5 
14 
31 
0 
32 
32 
31 
30 
37 
12 
27 
33 
16 
1 
10 
27 
59 
59 
42 
33 
16 
15 
2 
52 
44 
43 
43 
74 
128 
102 
91 
64 
13 
27 
1 
6 
27 
0 
29 
49 
38 
26 
25 
20 
31 
34 
37 
47 
49 
75 
75 
75 
43 
5 
21 
37 
37 
28 
43 
42 
48 
63 
45 
43 
10 
0 
17 
34 
4 
10 
17 
0 
0 
17 
1 
10 
4 
12 
11 
10 
10 
1 
17 
16 
15 
31 
14 
1 
1 
17 
33 
31 
14 
21 
44 
42 
48 
30 
12 
14 
64 
65 
90 
145 
144 
127 
108 
113 
70 
90 
55 
10 
25 
36 
63 
82 
69 
47 
33 
51 
36 
53 
37 
5 
5 
26 
10 
1 
1 
1 
17 
10 
26 
43 
27 
27 
3 
11 
4 
5 
14 
1 
15 
16 
0 
17 
5 
28 
20 
53 
53 
21 
21 
21 
21 
21 
5 
21 
14 
30 
21 
21 
12 
26 
17 
16 
0 
0 
1 
33 
65 
64 
46 
12 
37 
46 
31 
31 
0 
15 
14 
28 
37 
94 
110 
93 
59 
49 
31 
21 
21 
4 
12 
36 
53 
53 
30 
14 
33 
49 
49 
32 
15 
1 
5 
12 
11 
26 
49 
17 
1 
31 
15 
16 
16 
16 
32 
46 
60 
42 
15 
17 
42 
91 
107 
90 
58 
17 
1 
1 
5 
10 
27 
42 
26 
26 
33 
32 
47 
30 
13 
27 
10 
33 
15 
16 
26 
19 
4 
4 
5 
5 
10 
49 
33 
0 
16 
16 
16 
31 
30 
37 
60 
74 
87 
43 
25 
68 
126 
142 
126 
77 
75 
113 
95 
61 
43 
49 
46 
3 
31 
25 
52 
85 
94 
101 
108 
106 
79 
44 
1 
48 
74 
123 
91 
58 
33 
17 
1 
1 
10 
19 
20 
52 
28 
27 
10 
33 
65 
48 
31 
14 
10 
43 
59 
59 
27 
10 
5 
1 
15 
30 
13 
20 
69 
69 
69 
53 
53 
44 
4 
53 
53 
20 
3 
5 
1 
0 
32 
32 
48 
31 
0 
32 
47 
21 
28 
10 
30 
63 
79 
79 
93 
123 
81 
31 
2 
11 
10 
14 
30 
47 
79 
94 
85 
60 
43 
33 
16 
1 
3 
21 
31 
65 
58 
51 
52 
21 
21 
1 
15 
9 
11 
1 
16 
35 
36 
21 
14 
0 
48 
65 
65 
65 
48 
32 
15 
17 
5 
4 
35 
36 
44 
27 
4 
21 
37 
53 
30 
5 
21 
10 
42 
49 
31 
2 
4 
1 
15 
32 
33 
33 
49 
49 
64 
48 
47 
31 
0 
0 
1 
1 
17 
17 
1 
0 
16 
32 
48 
31 
30 
5 
3 
4 
20 
28 
11 
26 
42 
32 
30 
12 
5 
15 
33 
18 
4 
21 
47 
64 
65 
65 
65 
32 
0 
1 
17 
17 
0 
0 
5 
12 
11 
17 
0 
16 
65 
58 
58 
65 
64 
63 
61 
58 
96 
92 
72 
75 
54 
57 
59 
29 
6 
7 
20 
57 
69 
73 
68 
95 
65 
42 
35 
21 
17 
16 
46 
61 
58 
95 
108 
104 
123 
86 
71 
73 
66 
59 
44 
13 
6 
24 
5 
19 
25 
46 
35 
40 
37 
25 
30 
18 
14 
2 
0 
3 
32 
12 
0 
19 
30 
33 
19 
1 
15 
29 
26 
0 
28 
16 
2 
26 
15 
44 
17 
9 
11 
14 
15 
28 
5 
0 
1 
12 
10 
15 
28 
17 
6 
59 
48 
45 
17 
6 
27 
16 
9 
20 
14 
32 
35 
69 
62 
31 
0 
16 
15 
14 
46 
28 
27 
42 
48 
78 
60 
49 
22 
26 
15 
12 
17 
0 
3 
5 
15 
49 
66 
36 
5 
5 
1 
15 
31 
46 
69 
60 
10 
14 
31 
48 
64 
81 
113 
135 
155 
87 
59 
39 
11 
0 
34 
37 
46 
48 
49 
26 
26 
43 
3 
11 
10 
33 
32 
30 
44 
42 
31 
28 
26 
16 
17 
67 
68 
60 
43 
10 
1 
30 
46 
69 
60 
42 
33 
15 
14 
5 
19 
11 
10 
33 
16 
0 
0 
14 
1 
17 
10 
35 
11 
26 
33 
31 
14 
21 
5 
11 
43 
43 
27 
42 
17 
0 
1 
26 
11 
3 
11 
4 
5 
30 
46 
30 
14 
47 
63 
79 
78 
76 
49 
0 
42 
74 
81 
48 
0 
33 
49 
48 
47 
45 
59 
49 
31 
45 
59 
33 
48 
97 
81 
80 
63 
30 
12 
11 
10 
1 
31 
79 
110 
117 
92 
59 
17 
16 
0 
17 
26 
42 
26 
49 
33 
48 
31 
1 
26 
43 
3 
21 
30 
31 
32 
48 
48 
64 
31 
1 
33 
81 
64 
45 
43 
32 
9 
20 
30 
32 
49 
90 
90 
90 
81 
48 
0 
17 
16 
0 
15 
16 
32 
32 
0 
17 
10 
21 
20 
4 
11 
11 
5 
5 
14 
30 
14 
21 
21 
20 
11 
27 
43 
26 
17 
0 
16 
16 
49 
18 
4 
5 
0 
1 
3 
1 
15 
29 
4 
30 
63 
64 
81 
65 
80 
15 
21 
28 
26 
17 
16 
0 
0 
33 
33 
17 
21 
60 
74 
65 
31 
13 
4 
10 
33 
15 
1 
1 
10 
26 
33 
33 
32 
31 
1 
5 
3 
4 
5 
21 
14 
14 
47 
47 
31 
31 
31 
47 
47 
30 
21 
44 
58 
33 
0 
33 
26 
10 
11 
43 
42 
81 
48 
15 
10 
35 
11 
21 
1 
0 
16 
17 
26 
3 
26 
17 
17 
19 
37 
47 
16 
33 
26 
51 
36 
20 
37 
53 
28 
27 
11 
10 
10 
10 
13 
43 
65 
47 
44 
26 
32 
30 
12 
5 
16 
17 
35 
68 
78 
62 
15 
1 
3 
37 
63 
49 
26 
42 
26 
10 
5 
5 
27 
35 
36 
28 
27 
27 
26 
33 
16 
15 
1 
5 
10 
10 
1 
37 
37 
28 
4 
36 
36 
28 
43 
26 
0 
17 
10 
3 
4 
5 
10 
17 
15 
6 
11 
14 
33 
19 
21 
14 
16 
49 
51 
36 
37 
30 
0 
46 
60 
49 
6 
20 
30 
16 
18 
20 
46 
63 
95 
80 
79 
63 
30 
10 
42 
26 
5 
5 
10 
42 
33 
32 
14 
18 
36 
52 
37 
21 
33 
48 
31 
29 
27 
32 
44 
1 
33 
67 
84 
85 
92 
107 
74 
48 
31 
31 
14 
21 
12 
20 
10 
1 
15 
32 
48 
32 
16 
0 
1 
14 
5 
12 
11 
10 
16 
15 
2 
11 
16 
1 
35 
30 
16 
2 
4 
15 
18 
20 
15 
17 
19 
36 
53 
46 
62 
94 
62 
30 
1 
0 
16 
17 
17 
10 
21 
5 
21 
44 
59 
49 
14 
12 
5 
0 
17 
3 
5 
14 
17 
3 
37 
31 
33 
34 
20 
30 
47 
48 
48 
33 
26 
27 
27 
51 
36 
20 
4 
27 
26 
26 
33 
49 
32 
30 
13 
11 
17 
15 
13 
5 
32 
35 
30 
48 
50 
36 
21 
14 
31 
0 
1 
3 
5 
0 
18 
20 
15 
1 
3 
21 
31 
33 
3 
4 
14 
15 
0 
21 
12 
10 
1 
15 
13 
5 
15 
17 
19 
14 
0 
3 
1 
9 
43 
15 
12 
16 
19 
30 
50 
37 
47 
98 
84 
69 
53 
46 
14 
16 
15 
1 
19 
37 
14 
0 
30 
13 
27 
1 
15 
13 
4 
14 
16 
10 
51 
36 
21 
1 
30 
3 
14 
32 
42 
19 
52 
37 
14 
16 
6 
11 
0 
1 
3 
4 
21 
30 
30 
30 
15 
0 
49 
51 
20 
21 
21 
21 
21 
5 
5 
10 
26 
49 
32 
14 
12 
4 
14 
16 
10 
3 
21 
14 
32 
17 
3 
20 
14 
15 
32 
32 
49 
33 
17 
14 
29 
11 
17 
15 
1 
3 
20 
21 
14 
31 
47 
48 
48 
32 
1 
14 
5 
3 
20 
37 
21 
37 
5 
17 
17 
15 
17 
10 
3 
27 
26 
33 
1 
19 
69 
46 
63 
63 
30 
1 
10 
10 
17 
17 
31 
45 
43 
33 
0 
49 
83 
84 
68 
37 
1 
16 
0 
14 
28 
26 
16 
18 
20 
14 
0 
5 
19 
20 
21 
0 
17 
35 
52 
68 
52 
52 
36 
4 
4 
4 
27 
49 
64 
45 
59 
33 
32 
58 
51 
52 
53 
84 
76 
90 
65 
48 
46 
37 
3 
20 
53 
53 
53 
53 
60 
43 
26 
32 
31 
61 
90 
54 
33 
2 
46 
82 
116 
110 
110 
94 
110 
125 
123 
81 
16 
16 
49 
81 
65 
96 
111 
77 
59 
1 
16 
49 
106 
123 
122 
96 
94 
108 
74 
31 
33 
58 
42 
65 
64 
48 
47 
15 
0 
0 
0 
16 
16 
33 
17 
5 
12 
4 
5 
15 
1 
18 
36 
37 
5 
1 
15 
48 
33 
17 
10 
12 
11 
17 
0 
16 
2 
11 
1 
16 
33 
27 
19 
36 
52 
21 
21 
46 
15 
0 
46 
28 
10 
1 
16 
10 
51 
36 
37 
1 
1 
15 
31 
62 
93 
90 
39 
4 
47 
97 
122 
107 
91 
91 
75 
59 
58 
65 
33 
0 
1 
13 
43 
33 
16 
14 
28 
17 
0 
18 
68 
37 
30 
16 
1 
17 
10 
12 
27 
42 
33 
0 
15 
16 
32 
31 
14 
12 
20 
37 
10 
26 
1 
30 
53 
76 
139 
160 
141 
97 
93 
64 
44 
0 
51 
85 
112 
129 
106 
90 
122 
170 
113 
30 
19 
62 
143 
127 
78 
46 
46 
30 
15 
14 
44 
49 
70 
59 
39 
59 
55 
42 
54 
49 
76 
86 
24 
38 
100 
137 
69 
57 
37 
13 
8 
5 
3 
56 
30 
35 
24 
5 
45 
7 
13 
4 
61 
54 
39 
24 
25 
4 
66 
87 
52 
40 
36 
56 
52 
41 
38 
36 
73 
46 
2 
17 
29 
1 
29 
24 
27 
6 
7 
4 
40 
53 
41 
37 
89 
69 
24 
11 
8 
27 
23 
5 
13 
14 
3 
23 
4 
31 
35 
46 
66 
85 
48 
19 
5 
0 
28 
5 
0 
25 
4 
16 
6 
10 
24 
4 
15 
35 
62 
25 
43 
71 
122 
108 
124 
68 
19 
36 
67 
72 
85 
137 
132 
159 
177 
146 
52 
37 
30 
31 
15 
16 
32 
48 
0 
31 
30 
60 
74 
54 
75 
70 
106 
45 
0 
34 
68 
78 
47 
47 
79 
78 
69 
36 
12 
43 
59 
26 
16 
15 
2 
36 
84 
76 
123 
138 
112 
127 
77 
59 
49 
0 
15 
10 
19 
53 
63 
81 
58 
74 
106 
128 
61 
26 
15 
65 
90 
90 
97 
81 
80 
79 
78 
62 
46 
37 
21 
76 
113 
141 
152 
168 
168 
142 
131 
94 
66 
46 
41 
21 
0 
3 
14 
25 
20 
14 
17 
3 
5 
16 
2 
5 
0 
12 
17 
9 
43 
39 
43 
39 
42 
29 
24 
26 
60 
45 
38 
55 
55 
39 
38 
29 
4 
29 
38 
23 
24 
41 
50 
73 
73 
103 
101 
99 
111 
99 
110 
111 
128 
128 
111 
94 
92 
81 
38 
43 
32 
29 
42 
22 
27 
15 
44 
32 
28 
48 
12 
0 
19 
15 
35 
30 
65 
35 
69 
78 
110 
126 
141 
90 
80 
54 
74 
39 
58 
60 
54 
39 
40 
40 
23 
24 
40 
71 
101 
115 
127 
115 
159 
161 
179 
132 
132 
44 
60 
90 
103 
123 
141 
119 
56 
33 
35 
96 
122 
139 
154 
129 
143 
124 
145 
109 
58 
22 
11 
1 
17 
19 
21 
63 
97 
113 
129 
128 
125 
138 
157 
135 
104 
104 
71 
70 
52 
57 
46 
2 
126 
159 
159 
188 
168 
138 
92 
70 
0 
83 
197 
268 
328 
393 
431 
442 
449 
422 
391 
375 
325 
273 
211 
165 
79 
32 
18 
27 
33 
31 
29 
26 
80 
108 
104 
123 
134 
103 
104 
104 
136 
134 
100 
66 
78 
34 
37 
32 
51 
53 
46 
63 
63 
78 
76 
58 
55 
91 
54 
65 
44 
22 
9 
20 
2 
23 
53 
34 
72 
69 
51 
56 
37 
2 
7 
42 
60 
61 
38 
23 
23 
30 
51 
73 
85 
89 
116 
110 
57 
4 
39 
89 
131 
146 
169 
142 
153 
132 
110 
128 
129 
122 
90 
161 
150 
58 
208 
97 
83 
84 
31 
6 
11 
24 
27 
103 
122 
108 
150 
215 
199 
149 
114 
190 
240 
192 
111 
5 
75 
170 
215 
187 
214 
216 
216 
200 
120 
88 
40 
7 
38 
61 
29 
98 
143 
178 
236 
251 
224 
172 
183 
169 
122 
76 
54 
24 
5 
35 
57 
55 
53 
34 
47 
51 
63 
67 
53 
48 
49 
42 
58 
58 
81 
95 
61 
74 
31 
44 
33 
6 
11 
15 
44 
72 
91 
93 
70 
38 
70 
68 
34 
40 
9 
83 
115 
130 
184 
165 
185 
164 
158 
144 
113 
67 
21 
48 
156 
200 
210 
179 
20 
28 
45 
61 
68 
51 
41 
55 
68 
72 
21 
2 
7 
11 
61 
55 
25 
50 
59 
60 
60 
68 
67 
82 
73 
72 
54 
20 
3 
6 
8 
7 
77 
12 
11 
28 
28 
45 
13 
13 
2 
9 
24 
71 
69 
67 
104 
100 
95 
98 
84 
62 
48 
42 
35 
5 
16 
22 
11 
17 
1 
12 
21 
32 
19 
5 
23 
36 
63 
81 
74 
75 
59 
19 
27 
10 
17 
31 
38 
43 
49 
31 
28 
1 
17 
19 
14 
41 
20 
14 
32 
42 
19 
5 
16 
6 
43 
40 
59 
23 
33 
28 
22 
25 
43 
28 
22 
7 
9 
4 
18 
57 
30 
51 
72 
84 
80 
82 
101 
110 
175 
158 
141 
138 
111 
92 
64 
3 
14 
64 
97 
106 
106 
112 
111 
109 
106 
54 
27 
15 
73 
84 
85 
79 
80 
65 
49 
26 
27 
12 
26 
33 
47 
77 
106 
93 
56 
58 
60 
13 
22 
7 
6 
4 
9 
7 
20 
25 
46 
50 
79 
67 
63 
51 
56 
20 
9 
1 
28 
23 
49 
44 
70 
56 
57 
18 
4 
35 
73 
95 
115 
111 
114 
132 
78 
63 
48 
49 
3 
42 
63 
44 
33 
6 
5 
0 
3 
33 
25 
36 
62 
47 
48 
26 
3 
26 
15 
13 
33 
61 
49 
76 
55 
10 
2 
24 
21 
18 
39 
36 
57 
53 
89 
84 
63 
66 
52 
47 
33 
18 
4 
14 
0 
1 
29 
42 
64 
93 
1 
18 
14 
2 
0 
28 
16 
28 
16 
19 
78 
112 
129 
145 
144 
134 
59 
15 
45 
203 
119 
20 
7 
106 
61 
33 
50 
37 
16 
12 
32 
28 
7 
43 
61 
23 
10 
3 
24 
20 
56 
36 
79 
82 
84 
85 
46 
31 
32 
16 
46 
69 
76 
75 
81 
79 
60 
42 
31 
28 
16 
13 
10 
8 
4 
0 
13 
5 
1 
3 
14 
1 
35 
36 
37 
30 
1 
1 
16 
32 
63 
77 
107 
128 
140 
87 
58 
29 
7 
10 
45 
7 
68 
64 
67 
78 
57 
52 
16 
29 
5 
16 
12 
42 
32 
29 
27 
48 
60 
17 
18 
21 
31 
48 
48 
47 
29 
59 
49 
0 
33 
26 
35 
36 
37 
21 
20 
19 
4 
4 
4 
12 
27 
42 
65 
95 
92 
97 
77 
56 
59 
77 
70 
86 
54 
54 
45 
4 
29 
22 
23 
25 
34 
43 
28 
70 
87 
40 
56 
56 
56 
55 
8 
8 
40 
71 
117 
51 
9 
24 
66 
89 
88 
85 
146 
158 
193 
163 
116 
68 
69 
30 
31 
45 
5 
25 
123 
71 
59 
48 
2 
36 
78 
111 
143 
158 
172 
168 
171 
189 
198 
182 
181 
162 
159 
147 
111 
81 
44 
123 
32 
45 
88 
123 
140 
173 
77 
6 
24 
30 
67 
72 
52 
25 
46 
67 
56 
22 
11 
29 
22 
71 
119 
87 
70 
85 
67 
50 
56 
22 
11 
25 
14 
9 
33 
61 
71 
169 
57 
26 
3 
64 
115 
133 
142 
141 
155 
129 
70 
75 
48 
28 
1 
38 
10 
32 
74 
99 
116 
124 
155 
161 
119 
123 
120 
139 
157 
119 
120 
136 
135 
117 
98 
110 
82 
85 
80 
50 
5 
16 
77 
97 
108 
151 
104 
104 
104 
119 
86 
68 
34 
8 
25 
66 
107 
108 
108 
60 
12 
2 
41 
39 
54 
68 
2 
22 
55 
120 
87 
118 
117 
67 
2 
22 
71 
86 
77 
100 
57 
55 
37 
2 
23 
25 
43 
93 
87 
72 
26 
28 
2 
8 
22 
36 
13 
8 
6 
4 
25 
7 
4 
41 
30 
35 
16 
108 
119 
136 
184 
206 
195 
197 
206 
230 
251 
215 
217 
178 
169 
151 
132 
160 
131 
133 
47 
1 
3 
5 
64 
6 
27 
39 
74 
93 
72 
58 
60 
189 
118 
87 
87 
54 
37 
3 
22 
55 
21 
19 
7 
91 
86 
1 
3 
7 
59 
8 
4 
40 
68 
40 
4 
72 
149 
22 
4 
15 
61 
74 
95 
76 
64 
44 
15 
18 
69 
111 
80 
79 
63 
30 
28 
43 
97 
46 
44 
10 
31 
64 
112 
111 
142 
156 
97 
70 
27 
14 
80 
113 
65 
81 
63 
109 
58 
47 
29 
5 
31 
49 
58 
139 
99 
84 
21 
16 
61 
81 
1 
107 
107 
10 
86 
170 
205 
120 
74 
29 
30 
14 
99 
148 
204 
219 
161 
6 
21 
54 
97 
77 
48 
3 
7 
10 
25 
14 
51 
40 
21 
34 
71 
36 
7 
65 
124 
45 
93 
125 
116 
34 
9 
71 
150 
164 
201 
180 
175 
114 
30 
29 
24 
42 
45 
24 
11 
6 
1 
28 
23 
25 
11 
61 
93 
109 
84 
83 
34 
22 
55 
87 
86 
125 
100 
57 
55 
45 
4 
3 
2 
45 
22 
6 
7 
7 
8 
25 
9 
22 
22 
9 
54 
70 
61 
3 
115 
131 
72 
10 
60 
93 
134 
141 
116 
114 
111 
99 
94 
81 
51 
10 
22 
26 
54 
25 
59 
109 
87 
88 
10 
19 
25 
39 
43 
28 
29 
45 
29 
20 
35 
25 
8 
14 
19 
6 
55 
56 
56 
57 
41 
41 
57 
41 
41 
57 
40 
39 
7 
8 
6 
25 
41 
104 
135 
142 
51 
9 
8 
75 
77 
23 
25 
4 
6 
7 
52 
13 
8 
123 
125 
39 
86 
117 
29 
72 
4 
8 
27 
40 
20 
9 
1 
51 
57 
47 
51 
64 
13 
59 
71 
75 
39 
58 
76 
55 
56 
66 
75 
60 
45 
22 
38 
6 
9 
25 
8 
23 
37 
82 
72 
52 
96 
83 
85 
143 
81 
26 
19 
11 
42 
80 
111 
61 
74 
64 
29 
27 
32 
22 
43 
48 
45 
26 
22 
27 
16 
12 
0 
28 
23 
27 
22 
10 
45 
40 
10 
13 
23 
4 
24 
213 
48 
3 
27 
14 
0 
114 
100 
58 
42 
10 
42 
74 
74 
74 
65 
48 
46 
44 
65 
70 
81 
76 
39 
25 
11 
2 
40 
22 
20 
2 
24 
27 
6 
1 
3 
8 
5 
2 
33 
28 
16 
12 
8 
11 
7 
26 
2 
1 
12 
8 
4 
25 
5 
6 
1 
9 
5 
9 
4 
15 
41 
20 
21 
30 
47 
63 
62 
45 
59 
81 
70 
74 
86 
89 
91 
92 
61 
29 
9 
56 
62 
115 
127 
177 
179 
188 
187 
177 
166 
155 
87 
27 
32 
2 
37 
64 
66 
84 
116 
140 
107 
90 
80 
77 
65 
38 
42 
45 
33 
12 
9 
6 
4 
6 
7 
5 
13 
7 
38 
36 
34 
56 
37 
18 
31 
35 
7 
4 
41 
37 
50 
62 
73 
53 
95 
60 
32 
12 
31 
35 
72 
36 
56 
52 
88 
52 
47 
2 
90 
102 
91 
56 
84 
64 
66 
36 
26 
1 
79 
65 
35 
27 
17 
6 
27 
16 
19 
37 
32 
13 
5 
0 
28 
32 
45 
17 
65 
58 
91 
123 
91 
91 
51 
20 
36 
10 
17 
64 
86 
91 
80 
45 
49 
6 
20 
31 
65 
90 
83 
69 
46 
48 
18 
26 
63 
92 
48 
18 
21 
47 
65 
51 
11 
17 
0 
25 
4 
1 
16 
99 
78 
64 
42 
51 
5 
17 
16 
17 
2 
219 
161 
144 
170 
115 
155 
314 
128 
19 
55 
132 
105 
46 
89 
85 
25 
11 
7 
27 
54 
26 
13 
53 
80 
90 
115 
52 
52 
52 
117 
101 
30 
32 
78 
92 
90 
64 
33 
35 
20 
14 
0 
9 
11 
16 
45 
17 
18 
21 
47 
17 
26 
35 
69 
46 
16 
12 
16 
77 
49 
9 
20 
46 
96 
113 
81 
49 
42 
26 
3 
27 
42 
16 
14 
12 
5 
15 
17 
19 
20 
42 
65 
118 
27 
8 
4 
56 
68 
78 
95 
96 
81 
81 
90 
74 
42 
11 
20 
92 
155 
42 
15 
96 
58 
35 
27 
74 
63 
77 
65 
13 
37 
129 
99 
69 
95 
96 
96 
15 
80 
48 
95 
86 
20 
78 
48 
26 
19 
10 
0 
1 
156 
97 
9 
20 
64 
83 
53 
0 
49 
66 
36 
21 
31 
97 
58 
19 
52 
36 
21 
4 
3 
4 
12 
59 
58 
16 
1 
12 
21 
30 
47 
47 
47 
32 
1 
21 
44 
27 
1 
16 
31 
1 
3 
5 
31 
13 
53 
47 
17 
3 
21 
16 
3 
21 
0 
14 
13 
11 
31 
64 
65 
90 
91 
35 
4 
10 
21 
1 
16 
16 
15 
29 
43 
81 
15 
3 
37 
95 
81 
42 
35 
36 
1 
16 
46 
76 
58 
15 
3 
14 
47 
96 
113 
106 
90 
65 
1 
14 
14 
21 
26 
42 
44 
187 
65 
31 
51 
21 
16 
33 
67 
84 
53 
46 
46 
46 
15 
15 
15 
77 
59 
63 
76 
65 
38 
11 
63 
145 
170 
170 
144 
79 
26 
11 
20 
11 
27 
42 
81 
64 
62 
29 
43 
14 
48 
1 
34 
36 
21 
1 
16 
49 
35 
4 
5 
16 
16 
18 
20 
14 
15 
2 
4 
1 
16 
42 
51 
36 
37 
1 
15 
0 
1 
5 
4 
28 
10 
16 
1 
19 
53 
79 
79 
48 
0 
16 
65 
49 
33 
17 
0 
0 
17 
10 
10 
14 
30 
15 
0 
0 
15 
0 
33 
17 
21 
76 
90 
48 
1 
3 
37 
63 
96 
42 
19 
20 
37 
21 
33 
32 
32 
33 
19 
21 
1 
15 
29 
43 
33 
47 
44 
17 
18 
1 
29 
1 
2 
14 
18 
37 
25 
4 
0 
3 
1 
13 
1 
3 
0 
3 
24 
20 
24 
20 
40 
36 
0 
3 
15 
19 
30 
73 
68 
85 
31 
16 
1 
13 
27 
17 
15 
2 
36 
30 
33 
35 
52 
46 
63 
48 
80 
64 
63 
78 
61 
42 
32 
13 
10 
16 
35 
46 
64 
67 
68 
69 
69 
12 
52 
30 
32 
34 
4 
33 
31 
60 
33 
15 
3 
5 
0 
18 
53 
63 
48 
65 
49 
49 
33 
17 
26 
12 
43 
64 
54 
27 
16 
2 
36 
30 
63 
65 
42 
35 
37 
14 
31 
0 
15 
15 
17 
49 
74 
59 
19 
4 
20 
42 
42 
49 
80 
1 
3 
36 
30 
16 
2 
27 
33 
22 
27 
15 
35 
62 
80 
65 
49 
42 
42 
26 
26 
74 
58 
11 
11 
19 
36 
20 
11 
27 
42 
5 
17 
17 
16 
31 
14 
5 
3 
5 
17 
0 
26 
35 
21 
14 
48 
33 
10 
3 
21 
1 
17 
15 
17 
13 
26 
16 
17 
26 
19 
52 
46 
30 
15 
32 
48 
65 
49 
48 
32 
15 
1 
5 
5 
10 
10 
33 
17 
16 
63 
53 
12 
10 
0 
17 
42 
59 
43 
35 
36 
52 
53 
53 
14 
1 
0 
0 
0 
0 
14 
14 
21 
5 
28 
11 
21 
30 
30 
15 
32 
17 
1 
5 
12 
11 
1 
31 
49 
33 
10 
11 
19 
20 
5 
14 
30 
31 
31 
31 
16 
16 
0 
0 
14 
37 
37 
5 
42 
65 
65 
80 
48 
47 
30 
14 
30 
33 
65 
65 
49 
16 
33 
26 
26 
4 
43 
43 
27 
12 
27 
4 
10 
10 
14 
30 
47 
31 
16 
0 
1 
21 
28 
11 
10 
0 
32 
32 
65 
65 
49 
65 
49 
16 
15 
31 
15 
14 
37 
44 
10 
33 
0 
48 
49 
65 
81 
65 
48 
16 
15 
0 
16 
16 
14 
30 
21 
5 
12 
11 
4 
10 
5 
46 
15 
16 
1 
29 
27 
17 
16 
65 
58 
58 
65 
81 
64 
47 
15 
16 
17 
14 
21 
5 
26 
26 
10 
17 
48 
63 
37 
3 
36 
52 
52 
36 
36 
52 
36 
20 
4 
5 
26 
26 
33 
17 
15 
32 
17 
21 
10 
67 
52 
36 
10 
10 
5 
1 
17 
17 
17 
0 
15 
14 
28 
5 
30 
47 
48 
49 
33 
26 
19 
20 
20 
5 
1 
31 
15 
16 
0 
31 
15 
0 
1 
26 
19 
11 
10 
10 
17 
0 
16 
65 
65 
49 
33 
33 
10 
21 
21 
12 
27 
26 
17 
16 
32 
17 
26 
59 
26 
10 
81 
49 
17 
14 
21 
13 
11 
10 
1 
15 
32 
32 
17 
1 
17 
42 
43 
43 
19 
4 
11 
3 
20 
19 
20 
4 
4 
11 
5 
5 
1 
14 
16 
0 
32 
14 
10 
35 
84 
4 
11 
4 
27 
26 
5 
1 
0 
17 
2 
4 
1 
0 
17 
10 
35 
36 
37 
30 
30 
31 
31 
0 
15 
31 
14 
28 
10 
33 
32 
81 
58 
58 
65 
33 
33 
17 
1 
33 
33 
16 
16 
17 
33 
17 
1 
1 
16 
15 
14 
10 
19 
20 
30 
15 
16 
16 
17 
17 
17 
1 
5 
19 
20 
37 
21 
14 
1 
16 
16 
33 
49 
42 
26 
10 
4 
11 
12 
11 
4 
10 
10 
17 
16 
47 
30 
3 
53 
46 
15 
80 
96 
48 
15 
31 
16 
49 
17 
1 
10 
5 
5 
10 
5 
11 
35 
20 
4 
26 
10 
14 
15 
16 
16 
33 
33 
10 
11 
3 
4 
21 
1 
16 
30 
21 
12 
4 
14 
31 
47 
64 
65 
49 
33 
1 
17 
17 
10 
10 
5 
3 
11 
10 
17 
15 
16 
14 
5 
28 
27 
17 
16 
65 
90 
74 
58 
33 
33 
5 
58 
26 
10 
5 
10 
26 
42 
42 
65 
63 
54 
59 
1 
9 
11 
15 
28 
33 
54 
74 
55 
43 
23 
27 
23 
27 
41 
37 
41 
37 
56 
36 
15 
25 
20 
17 
6 
27 
32 
45 
49 
61 
65 
61 
48 
28 
7 
11 
7 
11 
8 
4 
8 
11 
7 
11 
23 
5 
25 
17 
13 
17 
25 
37 
32 
19 
5 
0 
29 
5 
9 
43 
48 
28 
1 
9 
26 
0 
2 
5 
0 
13 
11 
1 
1 
3 
10 
16 
14 
3 
5 
31 
29 
43 
16 
18 
36 
79 
49 
2 
11 
10 
17 
32 
31 
37 
12 
11 
5 
33 
15 
14 
3 
11 
17 
16 
14 
2 
11 
10 
0 
0 
5 
3 
4 
5 
1 
0 
16 
15 
15 
14 
5 
3 
4 
10 
5 
1 
1 
15 
15 
15 
0 
1 
21 
28 
27 
33 
15 
28 
10 
16 
13 
10 
0 
18 
21 
31 
18 
20 
31 
49 
51 
53 
62 
63 
96 
80 
64 
63 
0 
16 
47 
30 
45 
43 
42 
16 
14 
5 
12 
20 
21 
46 
47 
64 
48 
32 
16 
16 
17 
21 
12 
11 
21 
1 
0 
15 
5 
3 
10 
16 
30 
28 
49 
22 
42 
6 
10 
2 
1 
3 
15 
3 
31 
50 
101 
95 
96 
81 
58 
43 
35 
36 
36 
4 
10 
33 
16 
15 
21 
28 
5 
16 
1 
12 
42 
48 
22 
11 
16 
41 
4 
0 
2 
5 
9 
11 
32 
19 
31 
3 
15 
19 
30 
50 
21 
48 
3 
14 
16 
3 
5 
15 
9 
11 
14 
49 
51 
4 
10 
21 
30 
63 
49 
19 
21 
1 
15 
60 
42 
16 
34 
20 
14 
33 
19 
37 
31 
18 
27 
33 
0 
18 
36 
1 
15 
28 
10 
0 
19 
62 
63 
49 
26 
19 
21 
15 
32 
18 
11 
5 
0 
15 
13 
11 
30 
48 
49 
35 
4 
21 
14 
15 
16 
17 
18 
4 
10 
32 
15 
10 
19 
37 
14 
0 
1 
19 
5 
0 
0 
10 
3 
5 
16 
31 
12 
37 
63 
81 
58 
19 
37 
14 
16 
14 
61 
59 
64 
1 
67 
68 
69 
37 
14 
32 
33 
34 
4 
5 
0 
0 
1 
3 
4 
14 
47 
32 
10 
27 
3 
11 
27 
10 
5 
30 
46 
15 
0 
16 
17 
26 
19 
36 
5 
5 
17 
17 
0 
16 
33 
33 
10 
19 
11 
27 
26 
16 
0 
10 
3 
21 
14 
16 
33 
26 
19 
20 
5 
17 
15 
2 
11 
14 
48 
65 
106 
81 
16 
31 
16 
16 
32 
49 
33 
21 
5 
3 
11 
4 
20 
26 
10 
17 
0 
0 
2 
4 
5 
0 
16 
10 
3 
4 
21 
31 
32 
58 
51 
20 
11 
4 
21 
5 
5 
21 
14 
0 
15 
21 
28 
10 
1 
32 
5 
12 
10 
15 
2 
4 
30 
48 
65 
90 
90 
65 
48 
31 
14 
5 
10 
5 
5 
5 
28 
43 
65 
63 
92 
112 
124 
103 
74 
76 
77 
87 
71 
56 
40 
24 
24 
8 
7 
55 
8 
39 
54 
69 
83 
104 
100 
111 
114 
84 
78 
63 
48 
33 
10 
19 
20 
37 
37 
30 
1 
17 
17 
16 
15 
14 
12 
11 
1 
15 
17 
18 
4 
37 
31 
48 
49 
26 
19 
20 
4 
5 
5 
14 
14 
33 
33 
32 
32 
31 
37 
44 
26 
31 
33 
35 
30 
16 
34 
36 
30 
0 
2 
11 
17 
15 
12 
1 
9 
4 
0 
3 
1 
9 
5 
32 
19 
15 
41 
20 
15 
17 
3 
1 
0 
44 
33 
29 
17 
3 
14 
34 
37 
40 
20 
16 
19 
16 
12 
23 
59 
77 
23 
25 
11 
2 
24 
30 
35 
25 
39 
5 
2 
24 
22 
20 
2 
24 
21 
19 
40 
4 
57 
21 
41 
21 
2 
10 
29 
30 
19 
8 
10 
12 
24 
14 
19 
24 
5 
3 
8 
10 
12 
24 
21 
3 
8 
10 
12 
7 
9 
11 
6 
23 
21 
19 
40 
22 
20 
25 
23 
11 
13 
8 
10 
12 
6 
7 
6 
4 
28 
6 
23 
8 
7 
9 
13 
29 
12 
3 
3 
12 
28 
44 
20 
12 
3 
3 
20 
19 
34 
41 
39 
37 
2 
22 
39 
56 
56 
41 
9 
18 
18 
2 
27 
28 
12 
18 
9 
24 
38 
20 
18 
39 
37 
41 
30 
12 
55 
57 
43 
45 
8 
6 
43 
22 
8 
27 
6 
14 
19 
40 
5 
25 
17 
2 
15 
12 
8 
4 
8 
27 
39 
59 
6 
1 
3 
15 
3 
0 
29 
49 
29 
1 
12 
24 
27 
45 
24 
27 
8 
5 
9 
14 
34 
53 
41 
20 
1 
14 
3 
1 
15 
28 
26 
15 
12 
33 
30 
12 
16 
2 
42 
47 
3 
30 
41 
20 
14 
17 
3 
17 
47 
45 
59 
33 
1 
3 
5 
0 
33 
19 
26 
32 
29 
4 
30 
0 
17 
5 
12 
42 
64 
38 
27 
16 
29 
42 
16 
1 
19 
37 
1 
0 
25 
20 
1 
46 
76 
17 
0 
2 
27 
10 
17 
15 
10 
3 
5 
0 
1 
3 
11 
10 
0 
0 
14 
13 
11 
5 
1 
0 
14 
5 
12 
26 
65 
46 
44 
42 
16 
17 
3 
10 
0 
32 
33 
21 
10 
42 
42 
27 
12 
59 
74 
48 
14 
12 
5 
17 
32 
16 
0 
17 
10 
19 
4 
11 
5 
5 
5 
26 
65 
1 
15 
16 
0 
0 
15 
14 
1 
14 
46 
30 
30 
37 
21 
43 
35 
4 
11 
11 
43 
43 
42 
17 
1 
14 
15 
14 
14 
1 
26 
26 
10 
26 
42 
43 
42 
42 
49 
33 
16 
0 
17 
65 
81 
1 
17 
0 
16 
17 
65 
81 
49 
0 
15 
0 
0 
17 
17 
17 
26 
26 
10 
10 
5 
21 
30 
21 
10 
3 
68 
68 
68 
28 
11 
27 
11 
10 
5 
5 
5 
21 
21 
21 
4 
3 
20 
21 
10 
14 
30 
1 
16 
32 
17 
18 
4 
1 
31 
13 
20 
46 
63 
64 
64 
48 
16 
14 
30 
5 
10 
26 
43 
27 
3 
11 
4 
21 
37 
14 
0 
0 
0 
17 
5 
21 
28 
11 
10 
1 
31 
49 
42 
35 
20 
26 
5 
14 
0 
16 
33 
26 
19 
20 
10 
17 
16 
0 
17 
27 
19 
36 
37 
14 
14 
15 
47 
15 
17 
17 
0 
31 
32 
1 
5 
26 
19 
4 
5 
5 
14 
14 
14 
1 
0 
0 
15 
1 
5 
10 
26 
27 
19 
4 
14 
31 
16 
5 
19 
4 
37 
17 
16 
0 
5 
5 
3 
4 
20 
53 
62 
62 
31 
0 
1 
33 
10 
5 
5 
10 
27 
19 
27 
43 
26 
17 
0 
16 
17 
34 
20 
37 
30 
32 
33 
42 
58 
58 
58 
81 
80 
46 
18 
36 
69 
46 
31 
32 
32 
47 
46 
61 
91 
97 
79 
76 
81 
38 
42 
6 
10 
29 
33 
29 
32 
12 
0 
12 
0 
3 
31 
18 
21 
25 
4 
1 
9 
27 
32 
29 
26 
22 
43 
23 
43 
23 
26 
22 
17 
12 
8 
10 
29 
8 
27 
9 
17 
12 
8 
11 
8 
5 
25 
5 
9 
10 
9 
17 
29 
16 
12 
0 
12 
0 
2 
1 
25 
20 
14 
6 
27 
48 
28 
0 
2 
5 
0 
12 
17 
25 
11 
15 
25 
4 
17 
31 
44 
5 
0 
1 
28 
26 
15 
2 
27 
0 
17 
3 
10 
16 
1 
18 
4 
10 
1 
0 
16 
0 
17 
33 
33 
17 
1 
30 
69 
60 
58 
49 
31 
30 
5 
5 
35 
36 
36 
5 
5 
17 
33 
33 
32 
16 
31 
15 
1 
10 
3 
11 
5 
17 
16 
47 
62 
60 
75 
33 
16 
1 
19 
20 
14 
15 
16 
1 
13 
59 
58 
48 
14 
28 
26 
47 
44 
49 
61 
56 
75 
70 
40 
26 
28 
22 
1 
3 
8 
5 
18 
30 
34 
30 
13 
33 
29 
33 
12 
7 
10 
9 
17 
29 
33 
29 
17 
13 
14 
2 
10 
9 
5 
9 
10 
9 
5 
25 
27 
7 
4 
16 
12 
14 
2 
4 
0 
1 
19 
5 
16 
2 
10 
16 
29 
26 
32 
13 
10 
16 
2 
5 
0 
41 
4 
17 
0 
18 
11 
14 
0 
2 
27 
33 
47 
44 
26 
15 
28 
10 
16 
5 
35 
10 
17 
16 
17 
12 
26 
48 
6 
20 
30 
16 
14 
44 
26 
1 
15 
1 
5 
3 
20 
4 
26 
17 
32 
14 
13 
27 
49 
80 
46 
60 
26 
0 
34 
52 
78 
64 
49 
5 
21 
37 
28 
43 
27 
5 
10 
21 
21 
5 
4 
10 
42 
49 
32 
16 
15 
15 
14 
30 
14 
14 
1 
21 
12 
27 
42 
48 
46 
28 
10 
48 
45 
58 
23 
43 
39 
59 
70 
57 
42 
60 
54 
56 
34 
43 
28 
6 
8 
7 
9 
13 
4 
3 
6 
8 
6 
5 
3 
2 
8 
6 
11 
13 
7 
5 
13 
39 
21 
13 
8 
43 
45 
23 
41 
34 
43 
45 
38 
38 
23 
9 
13 
11 
28 
22 
8 
9 
36 
34 
56 
30 
19 
40 
20 
40 
20 
16 
3 
15 
18 
20 
14 
48 
26 
19 
4 
10 
10 
33 
1 
15 
16 
16 
16 
16 
32 
0 
0 
15 
0 
48 
79 
62 
45 
59 
42 
42 
33 
16 
32 
32 
32 
32 
64 
47 
31 
21 
19 
52 
53 
14 
17 
48 
0 
17 
2 
36 
14 
15 
33 
26 
35 
21 
14 
14 
0 
16 
17 
10 
12 
20 
37 
21 
17 
33 
1 
31 
47 
47 
15 
0 
16 
16 
32 
16 
16 
16 
15 
46 
69 
35 
20 
21 
14 
31 
16 
17 
26 
26 
27 
43 
43 
27 
27 
42 
49 
48 
31 
14 
12 
4 
1 
0 
1 
10 
19 
20 
5 
33 
33 
32 
31 
30 
29 
43 
42 
32 
5 
12 
5 
0 
16 
17 
10 
35 
20 
21 
21 
5 
21 
5 
19 
4 
5 
1 
0 
0 
1 
2 
11 
5 
0 
32 
49 
49 
49 
32 
48 
47 
46 
46 
53 
28 
4 
4 
36 
20 
11 
4 
11 
12 
4 
11 
11 
27 
27 
21 
21 
10 
49 
32 
15 
10 
19 
37 
30 
47 
31 
16 
17 
18 
4 
5 
17 
0 
5 
12 
5 
0 
14 
18 
20 
14 
16 
5 
19 
21 
31 
32 
1 
18 
11 
10 
0 
17 
18 
20 
37 
31 
32 
33 
42 
19 
36 
37 
46 
30 
31 
31 
15 
14 
14 
30 
37 
35 
36 
37 
14 
14 
0 
0 
32 
33 
33 
10 
26 
42 
43 
11 
4 
4 
3 
4 
11 
27 
10 
5 
21 
14 
1 
16 
16 
1 
19 
4 
21 
14 
15 
0 
17 
26 
26 
35 
4 
20 
36 
37 
37 
20 
28 
43 
27 
26 
17 
16 
30 
2 
4 
5 
14 
16 
16 
17 
33 
33 
1 
14 
30 
30 
30 
53 
60 
74 
65 
63 
61 
42 
32 
29 
10 
0 
12 
5 
16 
18 
5 
14 
16 
33 
35 
36 
36 
20 
5 
5 
10 
11 
11 
19 
4 
4 
20 
28 
59 
74 
65 
79 
76 
42 
15 
18 
36 
33 
16 
15 
14 
13 
11 
5 
0 
15 
13 
27 
10 
16 
9 
11 
17 
15 
2 
5 
0 
6 
4 
17 
15 
28 
10 
16 
13 
11 
17 
0 
10 
3 
21 
14 
14 
31 
31 
31 
30 
37 
45 
11 
21 
53 
69 
92 
106 
119 
155 
134 
137 
139 
124 
108 
92 
68 
67 
34 
41 
23 
24 
40 
71 
87 
77 
68 
25 
23 
20 
18 
23 
11 
22 
17 
28 
22 
9 
27 
45 
55 
57 
50 
43 
44 
45 
29 
29 
29 
13 
13 
28 
28 
28 
12 
3 
12 
20 
3 
3 
3 
4 
3 
12 
12 
3 
2 
2 
6 
8 
7 
9 
2 
4 
12 
6 
8 
9 
10 
12 
13 
7 
9 
11 
13 
8 
6 
11 
29 
7 
10 
12 
9 
6 
4 
6 
23 
11 
8 
5 
2 
1 
2 
1 
2 
14 
13 
17 
9 
10 
6 
10 
9 
10 
6 
10 
6 
11 
8 
27 
7 
43 
23 
27 
8 
10 
9 
5 
25 
5 
8 
4 
0 
12 
14 
9 
11 
0 
2 
4 
0 
2 
4 
15 
29 
27 
16 
22 
27 
33 
14 
28 
33 
9 
11 
0 
19 
14 
32 
12 
5 
1 
15 
1 
28 
10 
0 
15 
5 
28 
10 
17 
31 
12 
26 
31 
13 
10 
16 
14 
18 
20 
5 
17 
31 
29 
42 
32 
29 
10 
0 
2 
4 
1 
15 
2 
4 
5 
15 
15 
13 
11 
5 
0 
14 
2 
11 
5 
15 
0 
17 
10 
5 
5 
4 
12 
27 
26 
65 
79 
45 
27 
1 
0 
10 
19 
37 
14 
0 
15 
0 
1 
5 
5 
20 
12 
4 
4 
10 
17 
17 
16 
15 
31 
14 
21 
3 
11 
26 
26 
33 
16 
16 
17 
5 
3 
11 
4 
5 
10 
10 
1 
1 
17 
32 
32 
15 
15 
14 
1 
10 
10 
10 
21 
21 
4 
4 
4 
11 
4 
20 
12 
27 
27 
43 
27 
10 
5 
17 
17 
33 
16 
15 
0 
1 
17 
17 
10 
17 
1 
14 
31 
31 
31 
31 
15 
15 
15 
15 
31 
15 
0 
16 
0 
0 
16 
0 
15 
14 
5 
3 
4 
5 
14 
46 
62 
30 
30 
21 
37 
21 
21 
5 
5 
5 
4 
12 
11 
11 
10 
10 
5 
5 
17 
17 
16 
16 
15 
14 
1 
5 
5 
5 
5 
5 
4 
4 
4 
11 
10 
10 
5 
21 
14 
14 
14 
14 
17 
0 
15 
15 
15 
0 
15 
1 
1 
13 
27 
5 
30 
47 
48 
48 
48 
63 
46 
30 
5 
4 
3 
11 
4 
4 
4 
10 
10 
10 
21 
21 
10 
11 
3 
20 
5 
5 
5 
1 
1 
14 
46 
31 
15 
0 
15 
1 
1 
5 
12 
10 
17 
31 
13 
26 
32 
33 
35 
85 
69 
76 
91 
74 
65 
48 
31 
46 
28 
4 
30 
15 
16 
16 
32 
48 
48 
31 
30 
13 
27 
10 
31 
48 
48 
33 
49 
64 
48 
48 
63 
15 
1 
17 
33 
33 
32 
16 
16 
1 
14 
