15 
48 
17 
5 
19 
20 
52 
69 
30 
33 
49 
33 
32 
31 
16 
65 
58 
27 
27 
75 
91 
42 
10 
31 
64 
80 
33 
17 
30 
63 
32 
32 
32 
32 
33 
0 
31 
48 
33 
1 
17 
0 
32 
33 
42 
19 
36 
53 
30 
46 
31 
15 
16 
33 
17 
30 
78 
14 
21 
28 
26 
32 
22 
11 
17 
9 
4 
14 
32 
26 
5 
36 
84 
76 
59 
26 
30 
47 
65 
42 
4 
12 
4 
5 
5 
30 
46 
15 
1 
33 
49 
58 
58 
42 
42 
26 
26 
10 
17 
17 
16 
15 
14 
3 
4 
5 
17 
16 
15 
1 
12 
27 
26 
17 
0 
15 
14 
5 
12 
4 
5 
33 
48 
31 
5 
3 
5 
17 
16 
17 
10 
3 
27 
10 
17 
32 
32 
31 
1 
26 
11 
12 
43 
75 
74 
112 
118 
4 
128 
163 
158 
112 
48 
15 
32 
64 
33 
14 
10 
74 
74 
42 
33 
17 
32 
64 
64 
48 
15 
32 
49 
33 
10 
5 
21 
20 
28 
11 
1 
0 
0 
14 
3 
11 
10 
49 
65 
32 
17 
42 
51 
36 
21 
5 
26 
10 
26 
43 
43 
27 
11 
3 
11 
11 
4 
5 
37 
37 
21 
37 
5 
5 
21 
21 
4 
20 
44 
91 
42 
0 
33 
19 
10 
33 
32 
1 
10 
19 
20 
21 
17 
17 
16 
31 
30 
37 
69 
60 
203 
122 
17 
97 
163 
165 
143 
145 
58 
60 
51 
20 
36 
158 
207 
129 
33 
62 
110 
79 
48 
16 
15 
32 
48 
64 
49 
49 
64 
48 
16 
0 
17 
5 
3 
11 
10 
1 
16 
15 
21 
28 
10 
17 
31 
14 
12 
11 
17 
0 
0 
1 
5 
12 
11 
10 
1 
0 
48 
47 
30 
3 
20 
37 
15 
0 
0 
1 
14 
21 
21 
5 
4 
20 
4 
3 
11 
11 
11 
10 
10 
26 
33 
33 
48 
15 
29 
59 
97 
95 
13 
37 
79 
122 
99 
85 
69 
10 
35 
20 
5 
15 
16 
10 
19 
20 
21 
46 
112 
64 
33 
17 
21 
21 
21 
36 
20 
43 
42 
17 
15 
15 
47 
63 
64 
32 
32 
48 
16 
15 
16 
32 
33 
17 
21 
53 
36 
3 
20 
20 
21 
10 
17 
33 
33 
32 
32 
15 
1 
1 
5 
5 
5 
21 
5 
21 
53 
60 
91 
33 
25 
36 
31 
17 
3 
4 
5 
1 
15 
15 
16 
0 
31 
0 
0 
14 
21 
28 
27 
49 
46 
44 
33 
22 
42 
22 
26 
29 
7 
20 
57 
30 
18 
62 
50 
30 
41 
100 
126 
48 
61 
91 
97 
55 
59 
8 
11 
41 
21 
34 
62 
67 
63 
35 
15 
34 
46 
81 
51 
14 
15 
29 
42 
16 
17 
19 
53 
110 
79 
46 
45 
43 
10 
15 
33 
19 
53 
47 
50 
68 
63 
34 
37 
16 
3 
14 
57 
11 
33 
15 
13 
43 
42 
16 
1 
3 
5 
31 
82 
100 
110 
64 
33 
21 
60 
91 
42 
48 
15 
2 
52 
62 
15 
13 
10 
0 
2 
21 
41 
20 
31 
34 
37 
32 
29 
26 
32 
13 
11 
0 
2 
5 
40 
20 
0 
12 
17 
13 
1 
9 
10 
25 
21 
41 
21 
57 
37 
41 
20 
16 
12 
16 
45 
26 
9 
20 
72 
36 
96 
115 
46 
17 
60 
90 
48 
13 
11 
14 
17 
35 
14 
48 
35 
46 
57 
52 
47 
18 
37 
16 
50 
36 
17 
48 
47 
30 
10 
3 
5 
14 
48 
50 
36 
14 
15 
33 
3 
5 
1 
0 
16 
1 
10 
11 
19 
20 
14 
47 
80 
65 
42 
21 
21 
10 
58 
5 
30 
62 
79 
46 
37 
60 
21 
63 
98 
68 
30 
31 
2 
4 
15 
18 
20 
30 
64 
33 
10 
11 
19 
20 
11 
10 
26 
1 
31 
48 
49 
65 
58 
33 
14 
15 
31 
32 
48 
16 
1 
30 
14 
17 
1 
5 
37 
12 
27 
21 
30 
64 
81 
74 
11 
28 
11 
20 
37 
5 
10 
5 
5 
21 
37 
53 
60 
107 
74 
0 
65 
99 
68 
37 
10 
42 
42 
17 
1 
17 
49 
17 
17 
1 
15 
0 
16 
32 
31 
31 
14 
17 
10 
10 
4 
20 
84 
52 
44 
11 
42 
14 
31 
32 
33 
50 
20 
27 
26 
26 
33 
49 
97 
112 
79 
14 
19 
53 
47 
33 
2 
59 
26 
15 
42 
67 
5 
17 
49 
49 
65 
48 
48 
95 
61 
11 
46 
81 
51 
21 
32 
15 
42 
35 
36 
36 
36 
3 
36 
37 
30 
31 
48 
81 
129 
113 
145 
207 
124 
55 
148 
184 
180 
143 
129 
74 
43 
21 
69 
62 
95 
96 
113 
113 
113 
81 
32 
16 
49 
51 
4 
10 
0 
30 
60 
62 
48 
35 
68 
33 
160 
143 
173 
106 
40 
164 
207 
193 
99 
107 
75 
90 
81 
65 
48 
15 
16 
49 
65 
26 
10 
21 
21 
14 
1 
33 
33 
17 
15 
79 
80 
79 
63 
30 
5 
12 
10 
16 
15 
13 
11 
14 
47 
65 
26 
12 
11 
10 
17 
14 
15 
0 
48 
80 
97 
97 
80 
79 
30 
35 
37 
0 
25 
20 
30 
32 
26 
19 
21 
1 
16 
16 
15 
14 
14 
21 
37 
36 
3 
11 
4 
4 
27 
43 
75 
26 
65 
144 
159 
92 
1 
34 
14 
50 
110 
18 
33 
9 
69 
160 
83 
11 
75 
107 
27 
11 
27 
59 
59 
4 
4 
20 
20 
20 
12 
27 
27 
5 
1 
0 
0 
17 
26 
155 
187 
91 
5 
46 
48 
50 
20 
5 
32 
46 
2 
69 
46 
47 
31 
0 
49 
90 
67 
20 
21 
14 
1 
62 
127 
47 
46 
2 
36 
69 
63 
64 
30 
46 
26 
51 
68 
60 
52 
101 
85 
53 
37 
21 
20 
36 
11 
3 
52 
68 
20 
75 
219 
219 
97 
55 
4 
79 
131 
14 
57 
36 
14 
32 
58 
99 
44 
20 
53 
46 
79 
64 
49 
17 
33 
74 
58 
65 
80 
78 
28 
30 
89 
84 
78 
64 
90 
5 
28 
107 
139 
138 
128 
38 
20 
78 
97 
115 
101 
94 
46 
49 
138 
154 
106 
81 
80 
63 
2 
52 
110 
112 
65 
49 
33 
17 
15 
31 
48 
64 
80 
79 
111 
78 
37 
28 
11 
14 
32 
42 
12 
74 
96 
54 
11 
31 
57 
36 
31 
17 
28 
10 
15 
17 
2 
20 
5 
49 
32 
32 
81 
58 
10 
14 
47 
160 
160 
80 
48 
0 
81 
106 
107 
75 
10 
5 
30 
78 
111 
95 
46 
78 
61 
20 
46 
1 
44 
10 
0 
98 
100 
78 
0 
16 
16 
16 
32 
49 
42 
43 
35 
20 
5 
5 
30 
15 
47 
79 
62 
37 
3 
53 
46 
31 
93 
75 
15 
73 
11 
81 
30 
12 
14 
16 
34 
52 
69 
78 
30 
1 
1 
10 
99 
164 
117 
69 
12 
4 
21 
62 
79 
15 
30 
21 
12 
75 
97 
96 
45 
52 
111 
18 
4 
1 
16 
1 
5 
12 
26 
62 
46 
47 
47 
30 
29 
27 
17 
96 
67 
53 
30 
32 
10 
3 
5 
17 
0 
32 
49 
58 
58 
26 
10 
49 
65 
48 
15 
5 
19 
4 
21 
1 
16 
15 
14 
1 
42 
26 
4 
68 
28 
27 
107 
193 
143 
108 
14 
162 
222 
225 
107 
164 
124 
107 
91 
58 
42 
33 
0 
96 
90 
58 
35 
20 
4 
10 
5 
21 
20 
12 
4 
21 
14 
47 
80 
17 
14 
37 
12 
4 
37 
30 
62 
63 
47 
48 
0 
15 
15 
15 
31 
14 
14 
21 
140 
123 
113 
71 
59 
48 
28 
7 
69 
18 
7 
11 
29 
24 
27 
29 
7 
10 
28 
38 
24 
26 
28 
29 
23 
8 
9 
5 
108 
157 
70 
24 
55 
54 
36 
2 
39 
106 
60 
25 
88 
54 
84 
66 
88 
37 
29 
56 
91 
8 
10 
70 
74 
6 
21 
13 
81 
60 
7 
30 
67 
105 
78 
98 
14 
2 
21 
48 
77 
107 
81 
22 
4 
0 
44 
64 
45 
33 
3 
23 
4 
7 
26 
54 
17 
19 
89 
37 
2 
65 
44 
32 
44 
39 
27 
25 
14 
45 
48 
44 
71 
91 
93 
39 
85 
114 
152 
132 
96 
35 
10 
64 
62 
92 
90 
47 
13 
26 
0 
45 
10 
9 
11 
31 
34 
21 
48 
61 
43 
16 
34 
21 
0 
6 
11 
1 
0 
12 
10 
15 
13 
26 
16 
45 
74 
95 
156 
151 
106 
44 
66 
185 
215 
181 
98 
46 
57 
4 
33 
80 
95 
62 
37 
5 
4 
36 
12 
27 
4 
4 
26 
42 
64 
31 
13 
26 
31 
28 
65 
93 
48 
3 
120 
165 
169 
100 
30 
16 
78 
142 
117 
108 
91 
97 
95 
76 
14 
105 
116 
128 
98 
52 
5 
65 
80 
79 
94 
60 
5 
15 
33 
35 
37 
0 
0 
46 
61 
27 
5 
16 
31 
29 
27 
1 
32 
51 
85 
62 
63 
0 
46 
78 
101 
37 
28 
139 
107 
97 
31 
34 
69 
32 
2 
26 
15 
34 
20 
30 
32 
26 
12 
4 
10 
26 
42 
42 
74 
97 
80 
63 
29 
4 
30 
49 
3 
5 
31 
26 
19 
21 
14 
31 
32 
17 
14 
46 
78 
46 
37 
133 
140 
91 
14 
97 
67 
37 
33 
63 
45 
75 
16 
13 
85 
128 
83 
20 
21 
49 
96 
127 
62 
26 
131 
132 
60 
43 
5 
63 
128 
58 
83 
68 
53 
53 
69 
5 
19 
37 
30 
32 
33 
19 
91 
90 
80 
22 
4 
14 
16 
34 
20 
5 
16 
31 
30 
21 
35 
36 
52 
20 
11 
27 
27 
43 
59 
91 
74 
33 
15 
33 
35 
20 
14 
14 
15 
32 
0 
47 
46 
46 
62 
37 
53 
28 
11 
21 
14 
0 
17 
53 
60 
106 
129 
70 
11 
47 
67 
111 
130 
84 
1 
16 
47 
111 
158 
269 
235 
120 
68 
248 
277 
256 
186 
139 
106 
49 
41 
68 
120 
148 
168 
132 
111 
97 
74 
107 
91 
81 
31 
66 
117 
177 
131 
78 
15 
1 
5 
10 
37 
101 
133 
101 
101 
85 
44 
10 
30 
64 
58 
35 
20 
10 
17 
16 
47 
63 
62 
21 
19 
42 
65 
15 
28 
5 
16 
18 
26 
48 
2 
27 
96 
22 
36 
95 
170 
147 
68 
3 
36 
133 
127 
64 
49 
58 
67 
36 
20 
60 
4 
46 
80 
97 
74 
35 
27 
42 
17 
81 
32 
31 
95 
62 
21 
35 
68 
52 
4 
51 
52 
52 
36 
36 
44 
43 
42 
33 
15 
13 
42 
16 
2 
21 
32 
51 
85 
95 
81 
42 
5 
46 
78 
62 
47 
63 
80 
80 
63 
63 
1 
18 
20 
10 
0 
63 
61 
75 
0 
98 
117 
111 
96 
81 
1 
78 
62 
63 
159 
126 
46 
10 
51 
68 
53 
5 
122 
122 
81 
47 
145 
107 
99 
108 
91 
74 
16 
34 
69 
41 
4 
47 
146 
165 
95 
65 
49 
42 
26 
10 
5 
14 
16 
17 
5 
12 
27 
10 
1 
1 
16 
47 
62 
69 
76 
42 
15 
81 
115 
52 
5 
26 
65 
145 
192 
78 
19 
53 
48 
66 
100 
133 
94 
14 
26 
74 
67 
68 
53 
30 
30 
15 
0 
64 
80 
80 
80 
1 
51 
20 
33 
47 
28 
10 
32 
66 
101 
78 
63 
80 
47 
30 
18 
37 
95 
114 
117 
79 
48 
42 
42 
59 
21 
14 
16 
14 
13 
20 
62 
63 
15 
62 
101 
69 
12 
26 
65 
31 
49 
83 
116 
94 
78 
46 
65 
90 
139 
131 
116 
28 
11 
4 
4 
52 
101 
21 
74 
65 
1 
95 
128 
96 
48 
1 
50 
116 
190 
208 
112 
48 
48 
65 
42 
59 
19 
27 
26 
106 
97 
79 
29 
27 
33 
32 
83 
85 
78 
79 
64 
48 
16 
81 
90 
83 
20 
20 
21 
85 
62 
30 
30 
62 
37 
3 
43 
42 
15 
2 
37 
112 
131 
133 
78 
46 
1 
3 
52 
79 
137 
116 
126 
95 
144 
128 
47 
34 
100 
111 
113 
99 
69 
14 
65 
128 
160 
111 
30 
19 
69 
78 
47 
0 
63 
30 
1 
21 
53 
36 
28 
11 
4 
154 
161 
111 
18 
133 
161 
115 
85 
63 
47 
48 
47 
14 
3 
21 
64 
99 
126 
113 
115 
68 
21 
42 
26 
42 
42 
43 
27 
43 
4 
36 
53 
69 
69 
21 
36 
60 
43 
26 
17 
16 
15 
69 
92 
74 
111 
45 
46 
137 
132 
110 
80 
65 
58 
27 
5 
30 
127 
160 
224 
47 
31 
48 
48 
32 
32 
48 
47 
30 
13 
27 
17 
0 
34 
21 
16 
2 
10 
15 
2 
101 
80 
34 
43 
33 
0 
1 
12 
27 
33 
47 
13 
11 
0 
2 
14 
2 
14 
19 
24 
4 
9 
5 
18 
95 
99 
95 
66 
4 
65 
79 
61 
58 
32 
18 
158 
128 
19 
75 
113 
38 
27 
16 
83 
94 
121 
84 
46 
16 
13 
43 
49 
0 
66 
68 
62 
47 
32 
30 
94 
109 
59 
33 
9 
20 
31 
35 
47 
179 
222 
160 
14 
110 
190 
165 
92 
49 
31 
12 
14 
82 
101 
185 
116 
31 
17 
3 
10 
0 
15 
17 
12 
11 
33 
31 
42 
35 
117 
62 
15 
16 
16 
14 
46 
21 
10 
51 
52 
21 
58 
113 
65 
0 
50 
84 
94 
63 
33 
51 
68 
78 
126 
31 
49 
81 
106 
42 
101 
100 
12 
68 
85 
85 
85 
92 
58 
31 
67 
94 
113 
67 
46 
48 
10 
28 
37 
126 
127 
47 
16 
81 
122 
107 
91 
43 
26 
17 
15 
33 
51 
117 
160 
122 
51 
4 
27 
43 
59 
27 
10 
37 
53 
46 
46 
53 
5 
75 
107 
123 
90 
78 
160 
81 
37 
28 
27 
37 
63 
33 
5 
20 
12 
11 
1 
63 
161 
186 
138 
17 
79 
112 
97 
90 
26 
5 
17 
30 
110 
85 
53 
11 
12 
59 
91 
58 
0 
64 
129 
122 
129 
112 
31 
3 
69 
80 
98 
101 
80 
34 
37 
47 
64 
49 
10 
5 
14 
15 
15 
16 
1 
69 
92 
42 
49 
31 
1 
35 
53 
17 
80 
62 
44 
11 
1 
64 
74 
67 
20 
59 
91 
26 
46 
46 
26 
10 
43 
99 
132 
108 
4 
78 
159 
160 
96 
0 
80 
113 
42 
53 
68 
28 
4 
1 
0 
66 
100 
149 
127 
95 
32 
0 
0 
0 
49 
66 
36 
21 
10 
17 
15 
31 
31 
15 
33 
42 
26 
51 
68 
101 
101 
44 
20 
37 
46 
0 
47 
46 
29 
27 
1 
48 
49 
75 
11 
12 
75 
91 
58 
17 
47 
32 
0 
16 
48 
96 
47 
33 
26 
19 
20 
62 
63 
32 
33 
33 
74 
90 
65 
65 
31 
30 
28 
21 
47 
45 
43 
78 
129 
131 
133 
78 
14 
26 
67 
53 
63 
82 
100 
94 
80 
49 
10 
4 
36 
36 
37 
21 
5 
26 
26 
42 
106 
122 
81 
31 
13 
4 
30 
48 
33 
26 
19 
4 
5 
14 
17 
15 
0 
192 
192 
63 
34 
52 
46 
32 
49 
67 
52 
20 
20 
4 
12 
20 
21 
1 
15 
48 
106 
139 
123 
75 
43 
26 
0 
32 
34 
4 
1 
47 
45 
74 
31 
67 
110 
128 
106 
75 
11 
20 
69 
78 
110 
95 
47 
31 
1 
1 
94 
133 
108 
5 
80 
99 
85 
32 
30 
12 
27 
49 
32 
30 
45 
59 
65 
47 
45 
26 
23 
43 
32 
28 
16 
12 
7 
26 
22 
24 
43 
38 
56 
58 
60 
38 
23 
7 
9 
13 
20 
12 
2 
70 
71 
56 
22 
102 
85 
35 
9 
38 
20 
9 
10 
45 
97 
93 
49 
28 
7 
1 
19 
22 
88 
42 
28 
2 
41 
40 
71 
37 
12 
71 
202 
156 
38 
88 
135 
70 
4 
13 
40 
14 
28 
9 
65 
60 
8 
85 
153 
100 
47 
18 
11 
17 
47 
93 
91 
48 
61 
58 
70 
74 
38 
49 
3 
40 
21 
19 
57 
14 
12 
8 
1 
92 
151 
122 
12 
66 
152 
110 
51 
56 
36 
15 
12 
17 
31 
44 
42 
64 
22 
43 
16 
34 
21 
0 
18 
10 
0 
13 
26 
39 
75 
48 
12 
15 
35 
15 
13 
10 
23 
27 
16 
28 
1 
41 
37 
47 
156 
129 
45 
16 
35 
72 
133 
169 
100 
30 
47 
69 
76 
90 
49 
31 
26 
19 
21 
0 
15 
18 
27 
58 
48 
14 
19 
10 
16 
1 
3 
5 
16 
30 
92 
106 
207 
156 
56 
84 
130 
95 
51 
47 
51 
46 
45 
74 
31 
44 
1 
65 
51 
53 
15 
16 
15 
30 
46 
37 
37 
21 
37 
44 
75 
58 
33 
0 
3 
5 
15 
2 
27 
64 
93 
26 
57 
101 
96 
50 
27 
49 
16 
1 
10 
60 
107 
74 
32 
17 
3 
11 
65 
64 
14 
3 
37 
1 
32 
50 
4 
17 
32 
34 
27 
74 
64 
22 
11 
30 
16 
33 
67 
36 
36 
4 
43 
75 
123 
107 
58 
1 
15 
48 
65 
42 
27 
4 
36 
28 
4 
4 
11 
59 
59 
43 
27 
27 
42 
49 
64 
31 
5 
44 
33 
0 
19 
14 
16 
19 
37 
0 
14 
3 
52 
30 
1 
49 
64 
112 
80 
15 
17 
18 
59 
42 
32 
13 
36 
0 
13 
27 
16 
2 
11 
15 
33 
51 
20 
53 
30 
31 
31 
0 
0 
15 
1 
17 
90 
218 
138 
49 
16 
17 
3 
4 
21 
14 
0 
0 
17 
13 
27 
26 
48 
47 
45 
27 
17 
0 
3 
5 
31 
33 
44 
10 
0 
1 
3 
5 
49 
31 
29 
36 
78 
111 
16 
30 
62 
110 
62 
62 
69 
60 
43 
33 
0 
34 
27 
65 
15 
44 
14 
50 
117 
160 
115 
4 
10 
17 
31 
31 
16 
48 
65 
90 
99 
68 
60 
4 
11 
5 
46 
62 
46 
33 
81 
129 
144 
110 
60 
14 
82 
37 
25 
68 
63 
81 
19 
10 
58 
81 
97 
96 
15 
90 
131 
101 
21 
26 
90 
74 
26 
10 
5 
5 
36 
28 
52 
101 
30 
14 
21 
37 
44 
27 
37 
63 
64 
33 
5 
37 
53 
85 
101 
69 
44 
58 
32 
17 
51 
101 
95 
33 
69 
101 
76 
11 
33 
32 
0 
49 
81 
10 
11 
3 
27 
59 
74 
129 
64 
30 
28 
21 
47 
81 
83 
36 
21 
5 
1 
17 
33 
33 
49 
58 
42 
58 
42 
90 
65 
16 
17 
77 
42 
63 
162 
164 
110 
63 
63 
47 
30 
19 
85 
111 
138 
147 
213 
117 
19 
68 
46 
95 
157 
91 
56 
164 
191 
154 
131 
108 
27 
21 
79 
146 
116 
94 
48 
17 
21 
5 
91 
91 
43 
10 
31 
16 
21 
12 
5 
14 
31 
0 
14 
14 
17 
49 
17 
15 
32 
49 
10 
10 
10 
4 
11 
75 
91 
90 
161 
95 
2 
101 
143 
33 
108 
106 
79 
28 
78 
137 
132 
117 
30 
5 
19 
4 
14 
49 
51 
46 
49 
35 
69 
78 
95 
46 
14 
18 
36 
21 
14 
0 
5 
12 
10 
17 
15 
14 
21 
12 
27 
26 
17 
17 
33 
1 
16 
112 
95 
1 
67 
101 
63 
14 
109 
171 
113 
6 
69 
161 
179 
117 
14 
1 
14 
58 
83 
52 
69 
78 
158 
191 
158 
44 
133 
160 
147 
133 
110 
78 
62 
37 
19 
4 
117 
223 
337 
225 
97 
48 
114 
181 
207 
192 
113 
65 
0 
48 
34 
4 
15 
35 
71 
132 
208 
163 
53 
17 
1 
149 
108 
33 
89 
101 
89 
85 
121 
68 
154 
257 
80 
1 
3 
53 
79 
80 
96 
80 
63 
14 
3 
68 
62 
32 
82 
212 
142 
126 
78 
19 
37 
48 
114 
85 
96 
114 
84 
68 
12 
100 
197 
159 
128 
288 
303 
157 
110 
290 
366 
224 
81 
94 
63 
78 
206 
76 
69 
223 
272 
159 
61 
26 
56 
68 
137 
165 
194 
191 
131 
110 
48 
58 
42 
37 
46 
15 
18 
53 
137 
36 
71 
235 
71 
84 
121 
164 
111 
128 
112 
31 
50 
117 
304 
227 
116 
36 
27 
11 
4 
12 
68 
100 
69 
30 
1 
14 
16 
48 
96 
191 
126 
188 
241 
77 
119 
261 
297 
133 
32 
110 
108 
14 
112 
26 
59 
107 
90 
81 
0 
99 
174 
224 
209 
42 
101 
101 
53 
11 
19 
20 
59 
107 
122 
97 
32 
17 
83 
149 
175 
177 
122 
11 
19 
12 
36 
100 
100 
69 
36 
28 
11 
37 
62 
78 
95 
95 
110 
94 
124 
58 
16 
66 
69 
63 
33 
35 
75 
218 
240 
45 
158 
258 
277 
143 
47 
15 
58 
99 
149 
254 
239 
159 
30 
99 
116 
149 
111 
95 
47 
0 
64 
65 
1 
49 
161 
112 
16 
0 
14 
14 
17 
69 
141 
4 
78 
176 
209 
186 
161 
15 
13 
69 
105 
36 
47 
115 
159 
130 
84 
46 
64 
97 
81 
65 
48 
110 
92 
48 
140 
9 
199 
277 
130 
209 
182 
85 
210 
293 
207 
144 
70 
43 
105 
270 
323 
127 
18 
42 
79 
2 
196 
238 
62 
67 
197 
239 
177 
65 
65 
63 
17 
51 
78 
169 
148 
96 
19 
5 
32 
97 
155 
187 
154 
48 
98 
197 
224 
138 
67 
27 
75 
107 
90 
42 
10 
26 
90 
186 
170 
64 
25 
36 
111 
178 
148 
53 
74 
234 
129 
63 
161 
194 
84 
101 
78 
5 
83 
133 
31 
50 
85 
96 
67 
94 
128 
161 
58 
113 
47 
225 
243 
164 
28 
43 
26 
49 
48 
14 
67 
62 
25 
27 
15 
50 
62 
130 
197 
288 
161 
5 
21 
1 
16 
81 
83 
101 
142 
79 
32 
31 
63 
159 
239 
335 
269 
90 
249 
405 
401 
282 
113 
22 
20 
104 
181 
201 
165 
169 
84 
47 
33 
10 
20 
42 
90 
106 
224 
166 
37 
178 
231 
11 
8 
101 
257 
267 
171 
42 
72 
213 
217 
254 
121 
11 
128 
125 
21 
96 
83 
5 
62 
350 
429 
234 
195 
594 
767 
529 
199 
21 
83 
98 
194 
242 
195 
210 
178 
120 
78 
35 
31 
98 
84 
37 
62 
13 
11 
47 
83 
78 
80 
51 
27 
5 
14 
47 
15 
32 
64 
80 
81 
65 
58 
26 
5 
21 
123 
123 
107 
122 
31 
49 
51 
85 
159 
225 
187 
107 
43 
94 
159 
240 
65 
46 
29 
36 
78 
48 
58 
99 
59 
170 
273 
247 
107 
6 
54 
164 
297 
389 
304 
209 
17 
47 
128 
154 
147 
53 
46 
31 
16 
142 
261 
188 
49 
89 
148 
143 
176 
161 
80 
0 
35 
69 
104 
132 
175 
147 
62 
16 
3 
20 
156 
251 
145 
50 
206 
243 
175 
146 
68 
26 
49 
31 
47 
49 
82 
133 
95 
32 
5 
3 
11 
26 
0 
80 
81 
58 
75 
59 
59 
10 
14 
32 
15 
29 
4 
63 
98 
68 
26 
177 
257 
143 
2 
101 
159 
170 
155 
4 
380 
155 
101 
240 
266 
171 
10 
95 
89 
36 
62 
128 
178 
180 
62 
0 
112 
207 
79 
33 
65 
81 
128 
208 
239 
156 
72 
180 
233 
245 
175 
159 
95 
63 
78 
101 
124 
138 
96 
102 
75 
39 
10 
93 
56 
6 
180 
195 
176 
131 
79 
22 
75 
49 
16 
69 
60 
11 
21 
33 
96 
144 
190 
172 
81 
34 
103 
180 
104 
75 
41 
69 
105 
21 
70 
187 
272 
140 
40 
101 
130 
158 
129 
107 
91 
74 
30 
128 
161 
106 
106 
122 
128 
70 
58 
22 
1 
34 
63 
99 
78 
33 
35 
37 
15 
17 
18 
4 
129 
128 
110 
156 
112 
44 
9 
102 
132 
143 
114 
116 
101 
21 
154 
83 
11 
26 
142 
254 
221 
139 
151 
36 
178 
319 
291 
254 
144 
1 
175 
128 
64 
10 
3 
21 
64 
83 
101 
95 
112 
128 
79 
30 
19 
46 
2 
53 
57 
85 
57 
36 
31 
14 
12 
26 
42 
49 
32 
16 
16 
32 
15 
30 
21 
12 
4 
1 
32 
47 
37 
12 
5 
33 
111 
172 
129 
60 
24 
102 
164 
153 
68 
46 
48 
65 
49 
37 
117 
124 
90 
49 
128 
79 
49 
58 
21 
67 
11 
32 
61 
49 
41 
69 
112 
122 
91 
123 
5 
30 
143 
192 
209 
257 
352 
550 
329 
45 
279 
457 
530 
530 
479 
282 
193 
102 
102 
221 
301 
317 
309 
227 
136 
84 
101 
45 
11 
32 
29 
21 
0 
12 
33 
2 
62 
66 
78 
137 
116 
78 
16 
112 
176 
176 
112 
48 
15 
48 
49 
49 
49 
49 
10 
93 
90 
70 
91 
47 
12 
15 
13 
5 
31 
109 
10 
0 
19 
14 
70 
123 
15 
99 
126 
193 
131 
116 
92 
4 
197 
165 
53 
4 
11 
20 
37 
62 
78 
79 
63 
30 
12 
17 
18 
110 
144 
154 
139 
26 
30 
64 
90 
115 
148 
181 
220 
362 
231 
74 
99 
249 
344 
309 
240 
298 
187 
106 
64 
114 
222 
226 
174 
114 
165 
240 
186 
90 
15 
65 
115 
181 
239 
160 
65 
62 
127 
95 
78 
62 
53 
37 
36 
44 
91 
75 
10 
14 
46 
62 
46 
78 
46 
53 
37 
43 
75 
122 
129 
95 
93 
91 
65 
33 
51 
94 
127 
64 
32 
32 
161 
170 
122 
0 
129 
163 
132 
84 
51 
196 
188 
139 
42 
63 
129 
107 
107 
91 
59 
74 
16 
33 
67 
101 
159 
241 
203 
155 
106 
49 
41 
20 
79 
211 
303 
241 
154 
58 
32 
73 
148 
159 
210 
148 
110 
96 
65 
33 
30 
62 
62 
47 
47 
31 
14 
14 
17 
37 
5 
35 
68 
53 
14 
48 
31 
1 
3 
10 
31 
18 
172 
251 
176 
92 
32 
3 
46 
97 
74 
91 
106 
96 
30 
5 
28 
36 
100 
133 
149 
76 
59 
42 
1 
31 
63 
0 
31 
47 
37 
76 
106 
96 
61 
14 
130 
229 
192 
170 
42 
78 
191 
176 
74 
19 
4 
10 
58 
30 
111 
111 
94 
13 
100 
175 
160 
81 
65 
14 
47 
64 
81 
122 
155 
187 
91 
52 
85 
62 
30 
47 
0 
0 
31 
78 
108 
75 
30 
48 
49 
42 
51 
20 
43 
42 
10 
5 
10 
12 
21 
69 
19 
52 
26 
51 
4 
36 
92 
91 
10 
46 
127 
96 
64 
32 
64 
81 
74 
35 
20 
30 
15 
32 
48 
65 
17 
14 
30 
30 
30 
5 
21 
5 
53 
69 
28 
27 
30 
96 
97 
99 
52 
21 
26 
17 
1 
78 
15 
15 
0 
0 
48 
48 
81 
129 
97 
1 
79 
176 
241 
193 
32 
0 
44 
62 
153 
181 
143 
97 
43 
12 
43 
11 
37 
21 
33 
65 
32 
0 
17 
10 
35 
69 
78 
79 
63 
31 
15 
17 
33 
74 
74 
42 
5 
26 
17 
48 
113 
186 
175 
108 
65 
46 
19 
69 
46 
15 
0 
17 
81 
42 
67 
4 
10 
5 
46 
46 
26 
83 
100 
85 
78 
63 
15 
16 
0 
95 
63 
46 
21 
19 
20 
5 
1 
64 
49 
42 
43 
43 
43 
27 
11 
4 
5 
5 
5 
10 
65 
49 
33 
0 
0 
32 
80 
33 
17 
15 
32 
49 
19 
21 
10 
33 
16 
15 
16 
49 
145 
170 
154 
58 
1 
30 
47 
64 
33 
5 
12 
4 
1 
31 
0 
10 
27 
44 
91 
26 
33 
30 
79 
111 
62 
26 
67 
116 
108 
59 
58 
26 
5 
85 
68 
35 
44 
59 
11 
5 
14 
32 
48 
48 
0 
16 
17 
17 
10 
26 
26 
26 
17 
31 
45 
11 
15 
50 
52 
63 
17 
12 
10 
16 
6 
11 
33 
46 
12 
21 
15 
2 
36 
1 
32 
67 
62 
49 
35 
85 
127 
81 
53 
92 
91 
49 
33 
19 
5 
15 
50 
101 
78 
80 
33 
30 
46 
30 
62 
10 
35 
27 
58 
30 
32 
29 
5 
32 
12 
5 
48 
83 
46 
48 
42 
3 
11 
1 
0 
16 
49 
27 
19 
27 
10 
14 
0 
31 
37 
60 
37 
31 
32 
96 
32 
15 
0 
31 
31 
2 
4 
1 
0 
3 
21 
15 
33 
35 
37 
31 
0 
5 
12 
10 
15 
29 
26 
31 
44 
33 
93 
42 
6 
20 
63 
51 
46 
34 
62 
89 
85 
41 
37 
16 
35 
53 
46 
31 
0 
31 
78 
26 
42 
28 
203 
266 
199 
43 
153 
199 
164 
105 
126 
131 
110 
98 
11 
32 
1 
19 
59 
59 
58 
96 
0 
50 
100 
30 
48 
1 
3 
74 
0 
66 
85 
79 
42 
51 
53 
47 
17 
60 
74 
64 
2 
68 
85 
85 
5 
35 
36 
68 
68 
44 
37 
142 
224 
138 
51 
4 
26 
65 
64 
78 
28 
11 
17 
0 
14 
26 
35 
52 
53 
53 
69 
49 
33 
16 
15 
13 
11 
17 
14 
28 
17 
0 
3 
14 
18 
69 
112 
67 
53 
31 
0 
30 
21 
21 
12 
20 
74 
81 
47 
13 
53 
121 
84 
63 
97 
115 
69 
17 
160 
128 
111 
77 
59 
32 
18 
101 
153 
148 
128 
82 
53 
46 
15 
30 
61 
107 
42 
0 
30 
2 
4 
37 
63 
48 
14 
69 
28 
21 
79 
113 
130 
116 
46 
16 
15 
1 
10 
20 
44 
11 
21 
26 
10 
5 
1 
16 
0 
17 
19 
4 
10 
46 
46 
46 
37 
28 
42 
48 
29 
27 
48 
30 
5 
10 
26 
10 
0 
0 
83 
69 
17 
15 
17 
10 
10 
5 
52 
84 
52 
76 
59 
75 
42 
48 
114 
244 
175 
49 
3 
27 
26 
0 
16 
21 
36 
43 
51 
28 
4 
43 
59 
27 
36 
148 
76 
20 
101 
94 
95 
64 
33 
26 
5 
60 
42 
33 
31 
37 
3 
84 
140 
155 
80 
14 
3 
20 
94 
0 
16 
97 
49 
0 
1 
3 
30 
41 
52 
46 
80 
65 
48 
15 
13 
107 
161 
118 
4 
112 
162 
133 
78 
127 
63 
193 
250 
195 
164 
195 
148 
148 
132 
124 
123 
113 
70 
91 
70 
56 
57 
72 
46 
35 
15 
220 
193 
156 
103 
73 
50 
35 
35 
109 
55 
25 
11 
9 
7 
4 
9 
73 
59 
61 
55 
55 
55 
89 
91 
76 
61 
70 
103 
102 
70 
27 
60 
45 
38 
71 
55 
23 
40 
56 
41 
25 
9 
73 
73 
73 
7 
8 
22 
21 
3 
23 
11 
34 
71 
52 
18 
8 
36 
34 
87 
85 
67 
56 
5 
34 
63 
156 
113 
92 
72 
43 
29 
56 
86 
101 
51 
9 
7 
42 
124 
198 
71 
72 
104 
24 
73 
72 
136 
102 
37 
12 
7 
5 
3 
23 
26 
61 
87 
18 
4 
45 
9 
23 
55 
22 
77 
133 
131 
137 
55 
50 
11 
61 
55 
49 
28 
22 
62 
130 
110 
112 
147 
84 
33 
176 
86 
20 
24 
36 
152 
196 
105 
11 
64 
45 
65 
70 
90 
39 
11 
24 
20 
40 
20 
16 
3 
0 
12 
0 
3 
7 
11 
8 
10 
9 
1 
3 
23 
20 
25 
14 
3 
72 
37 
25 
30 
51 
55 
36 
56 
36 
31 
2 
5 
0 
12 
14 
57 
27 
176 
166 
75 
71 
213 
169 
142 
153 
117 
111 
74 
12 
27 
139 
58 
26 
5 
21 
30 
47 
80 
74 
83 
68 
52 
37 
21 
27 
27 
11 
11 
91 
43 
26 
1 
14 
31 
15 
46 
78 
37 
35 
52 
11 
27 
59 
91 
171 
171 
74 
17 
48 
81 
74 
51 
84 
53 
69 
17 
49 
65 
65 
32 
16 
47 
0 
15 
14 
5 
133 
212 
204 
5 
143 
65 
67 
133 
190 
222 
17 
131 
165 
127 
128 
129 
113 
17 
62 
111 
96 
97 
129 
1 
126 
142 
110 
78 
46 
21 
18 
20 
21 
46 
31 
15 
16 
15 
47 
96 
79 
0 
29 
59 
31 
145 
123 
43 
4 
10 
63 
49 
26 
19 
44 
91 
75 
58 
42 
10 
26 
17 
17 
15 
96 
49 
10 
5 
26 
74 
26 
46 
63 
80 
64 
64 
32 
64 
32 
15 
16 
65 
67 
148 
172 
139 
21 
223 
240 
58 
114 
100 
68 
42 
154 
42 
53 
62 
62 
14 
10 
5 
19 
84 
36 
5 
26 
26 
74 
58 
113 
113 
31 
80 
65 
26 
5 
69 
101 
132 
156 
42 
31 
50 
132 
127 
48 
5 
12 
11 
26 
10 
33 
33 
32 
0 
0 
15 
47 
46 
5 
28 
11 
65 
16 
33 
26 
51 
37 
14 
14 
48 
16 
32 
47 
78 
117 
92 
43 
1 
15 
1 
12 
69 
63 
81 
19 
4 
5 
5 
17 
17 
10 
21 
3 
11 
27 
37 
5 
85 
85 
3 
36 
85 
78 
30 
48 
192 
208 
144 
79 
37 
51 
117 
111 
64 
33 
5 
20 
44 
27 
10 
1 
15 
15 
96 
16 
79 
47 
95 
79 
63 
1 
33 
42 
27 
19 
43 
27 
11 
43 
4 
20 
11 
42 
10 
17 
0 
15 
0 
0 
15 
15 
31 
46 
37 
12 
5 
17 
0 
32 
32 
17 
0 
111 
112 
64 
15 
16 
33 
35 
11 
20 
5 
21 
5 
10 
10 
10 
52 
36 
27 
75 
74 
74 
42 
42 
27 
11 
11 
20 
69 
10 
49 
65 
65 
14 
14 
31 
32 
48 
0 
16 
32 
65 
49 
79 
64 
65 
74 
59 
4 
19 
3 
11 
11 
4 
21 
53 
14 
0 
0 
16 
48 
65 
49 
32 
32 
15 
15 
1 
17 
17 
14 
30 
21 
53 
36 
12 
4 
5 
37 
14 
14 
0 
16 
16 
32 
16 
31 
31 
31 
31 
1 
17 
42 
75 
27 
11 
36 
85 
78 
46 
15 
0 
0 
0 
0 
1 
1 
5 
5 
10 
27 
11 
10 
21 
1 
14 
47 
63 
31 
17 
1 
62 
21 
28 
27 
10 
5 
5 
14 
5 
5 
5 
4 
35 
20 
27 
11 
5 
1 
0 
15 
16 
17 
17 
10 
5 
10 
11 
19 
36 
37 
53 
53 
37 
4 
19 
4 
4 
20 
28 
11 
20 
5 
46 
78 
47 
79 
47 
65 
74 
42 
26 
21 
21 
30 
14 
17 
32 
0 
32 
65 
49 
33 
26 
10 
10 
42 
27 
11 
19 
11 
20 
44 
43 
27 
10 
1 
31 
48 
0 
1 
14 
46 
15 
0 
32 
64 
31 
32 
17 
14 
30 
46 
5 
58 
37 
36 
28 
43 
10 
30 
0 
15 
31 
30 
14 
37 
12 
4 
37 
30 
0 
31 
79 
78 
46 
21 
19 
10 
17 
48 
138 
99 
36 
36 
35 
68 
100 
101 
78 
46 
21 
11 
3 
4 
21 
5 
33 
65 
64 
47 
13 
4 
46 
48 
1 
26 
51 
36 
27 
59 
59 
43 
26 
10 
33 
33 
16 
0 
0 
1 
5 
3 
11 
10 
10 
17 
16 
0 
1 
1 
21 
37 
36 
44 
11 
21 
94 
0 
47 
63 
30 
5 
19 
27 
27 
42 
49 
16 
0 
49 
1 
37 
28 
21 
30 
15 
31 
46 
37 
12 
27 
10 
1 
14 
31 
31 
32 
47 
31 
15 
65 
106 
107 
75 
20 
69 
78 
143 
143 
48 
15 
31 
32 
49 
49 
26 
26 
11 
4 
4 
20 
36 
20 
20 
11 
19 
11 
19 
20 
20 
44 
43 
27 
26 
10 
21 
46 
1 
1 
30 
5 
5 
58 
90 
65 
32 
31 
1 
10 
4 
27 
27 
11 
5 
5 
5 
21 
5 
10 
21 
21 
21 
21 
5 
5 
11 
11 
4 
20 
36 
52 
60 
27 
5 
1 
16 
0 
1 
5 
12 
27 
27 
10 
1 
31 
0 
15 
46 
37 
12 
27 
11 
42 
65 
48 
1 
58 
131 
100 
12 
4 
52 
52 
44 
59 
74 
58 
17 
0 
0 
1 
10 
58 
27 
4 
20 
28 
59 
43 
42 
48 
47 
13 
11 
14 
0 
5 
12 
10 
17 
0 
16 
1 
18 
4 
10 
32 
31 
21 
3 
10 
17 
0 
0 
0 
1 
21 
19 
4 
5 
17 
17 
48 
31 
49 
5 
53 
28 
27 
10 
17 
16 
15 
21 
3 
11 
5 
33 
31 
1 
2 
27 
26 
16 
0 
10 
44 
27 
17 
15 
21 
28 
10 
15 
18 
20 
14 
0 
1 
3 
27 
58 
48 
14 
3 
10 
1 
15 
37 
44 
26 
32 
1 
19 
37 
47 
33 
42 
35 
4 
43 
74 
81 
31 
21 
28 
27 
1 
0 
16 
1 
5 
12 
11 
27 
42 
64 
0 
10 
19 
53 
79 
16 
15 
14 
46 
69 
13 
11 
26 
65 
31 
21 
28 
42 
33 
0 
17 
3 
11 
1 
16 
50 
36 
17 
64 
78 
61 
43 
17 
16 
17 
19 
53 
14 
31 
16 
31 
62 
45 
75 
65 
32 
18 
11 
30 
65 
51 
53 
65 
80 
15 
37 
44 
42 
33 
0 
19 
52 
46 
0 
33 
10 
4 
12 
43 
42 
26 
17 
16 
31 
47 
30 
12 
5 
33 
15 
13 
27 
49 
48 
22 
20 
0 
22 
11 
47 
34 
37 
95 
81 
42 
58 
62 
175 
175 
143 
70 
11 
14 
129 
195 
116 
21 
59 
83 
68 
92 
91 
74 
97 
79 
60 
1 
9 
52 
159 
90 
3 
43 
58 
1 
16 
97 
99 
148 
156 
171 
47 
147 
191 
178 
158 
192 
161 
106 
17 
16 
9 
4 
47 
67 
126 
121 
84 
46 
47 
15 
63 
79 
79 
0 
15 
33 
74 
65 
15 
81 
51 
59 
106 
97 
49 
32 
14 
21 
44 
26 
1 
0 
17 
34 
4 
5 
1 
16 
15 
13 
27 
33 
15 
28 
10 
16 
1 
35 
4 
5 
33 
48 
31 
30 
44 
26 
16 
34 
101 
47 
1 
21 
19 
4 
42 
58 
58 
58 
33 
16 
0 
0 
46 
13 
11 
21 
46 
15 
0 
30 
21 
10 
3 
11 
21 
17 
48 
31 
33 
11 
67 
108 
27 
37 
30 
31 
32 
17 
10 
3 
4 
1 
0 
26 
35 
21 
0 
0 
0 
1 
21 
12 
5 
14 
32 
49 
66 
68 
36 
4 
11 
11 
4 
11 
85 
85 
76 
90 
95 
60 
32 
44 
32 
28 
17 
25 
5 
0 
6 
27 
1 
1 
28 
1 
18 
69 
96 
74 
19 
27 
26 
26 
42 
33 
17 
64 
93 
107 
80 
77 
49 
22 
43 
7 
20 
88 
84 
112 
147 
190 
95 
48 
32 
129 
154 
139 
59 
59 
59 
75 
58 
33 
48 
46 
12 
30 
73 
36 
62 
64 
58 
19 
43 
58 
65 
64 
30 
44 
26 
0 
1 
3 
27 
17 
31 
30 
28 
74 
96 
45 
21 
64 
67 
110 
64 
42 
19 
27 
43 
59 
43 
10 
10 
42 
33 
1 
15 
0 
30 
37 
28 
11 
10 
1 
0 
0 
0 
30 
62 
61 
59 
17 
1 
28 
10 
16 
1 
19 
10 
95 
64 
49 
10 
1 
30 
31 
31 
32 
48 
33 
33 
33 
32 
32 
31 
30 
44 
42 
31 
41 
4 
1 
0 
2 
11 
16 
14 
28 
26 
32 
30 
28 
10 
16 
6 
27 
17 
0 
12 
5 
0 
1 
3 
58 
48 
29 
27 
16 
2 
21 
15 
82 
68 
53 
46 
47 
47 
46 
45 
100 
78 
95 
80 
80 
48 
48 
47 
1 
2 
11 
17 
31 
45 
10 
32 
45 
42 
15 
12 
17 
6 
11 
16 
2 
5 
16 
19 
21 
31 
16 
17 
10 
5 
21 
37 
5 
10 
17 
17 
5 
37 
76 
123 
49 
0 
34 
20 
30 
64 
65 
34 
52 
21 
49 
48 
32 
47 
79 
96 
16 
15 
0 
32 
47 
30 
46 
92 
91 
49 
6 
52 
127 
137 
100 
133 
17 
80 
47 
46 
62 
5 
26 
4 
11 
10 
30 
46 
31 
15 
16 
16 
16 
32 
15 
15 
1 
10 
21 
3 
11 
10 
33 
64 
30 
34 
20 
74 
64 
30 
3 
21 
0 
1 
2 
36 
52 
37 
4 
4 
12 
27 
4 
37 
69 
30 
46 
30 
1 
37 
53 
44 
4 
5 
1 
15 
0 
1 
21 
21 
21 
12 
27 
42 
33 
16 
0 
21 
44 
42 
81 
79 
77 
26 
48 
67 
62 
65 
51 
53 
78 
15 
15 
79 
111 
79 
63 
16 
81 
49 
33 
0 
0 
33 
58 
58 
74 
58 
1 
30 
0 
0 
1 
21 
21 
28 
43 
43 
58 
32 
0 
10 
35 
37 
14 
16 
15 
14 
37 
44 
27 
42 
33 
96 
78 
12 
37 
32 
50 
69 
47 
64 
33 
37 
52 
28 
27 
27 
5 
5 
5 
10 
26 
42 
26 
17 
32 
15 
30 
37 
12 
43 
42 
80 
46 
28 
21 
48 
50 
52 
46 
48 
17 
21 
53 
28 
43 
43 
26 
1 
64 
63 
45 
11 
14 
63 
81 
42 
19 
27 
26 
26 
33 
48 
31 
79 
62 
37 
76 
5 
47 
81 
99 
84 
37 
17 
49 
49 
65 
48 
0 
0 
0 
31 
14 
1 
1 
37 
53 
53 
28 
20 
14 
0 
14 
5 
12 
27 
42 
32 
0 
17 
3 
27 
26 
0 
32 
17 
5 
53 
44 
27 
10 
0 
32 
33 
42 
58 
58 
10 
14 
46 
111 
127 
95 
30 
26 
67 
36 
5 
14 
14 
14 
16 
17 
17 
17 
10 
10 
10 
4 
27 
59 
59 
75 
42 
81 
95 
109 
58 
48 
130 
133 
95 
48 
127 
142 
45 
4 
94 
160 
112 
48 
0 
49 
19 
21 
14 
48 
34 
20 
46 
96 
106 
91 
59 
10 
1 
0 
16 
14 
46 
69 
28 
37 
95 
96 
65 
26 
26 
4 
76 
107 
106 
113 
64 
0 
10 
12 
5 
1 
1 
0 
15 
32 
65 
81 
26 
14 
46 
94 
158 
101 
28 
11 
46 
127 
129 
122 
106 
49 
31 
48 
82 
132 
85 
78 
47 
32 
17 
1 
14 
1 
1 
17 
33 
97 
145 
96 
111 
45 
101 
64 
66 
85 
110 
111 
96 
31 
33 
50 
52 
78 
64 
18 
4 
14 
15 
33 
10 
3 
37 
46 
47 
16 
15 
15 
17 
33 
10 
10 
5 
139 
139 
42 
47 
128 
178 
100 
21 
138 
90 
90 
90 
74 
74 
58 
33 
1 
31 
48 
33 
42 
10 
19 
20 
36 
20 
11 
58 
90 
106 
90 
161 
144 
30 
3 
113 
45 
62 
178 
238 
242 
148 
171 
139 
123 
107 
107 
59 
10 
10 
21 
14 
15 
16 
5 
12 
5 
1 
15 
0 
15 
46 
85 
77 
59 
42 
32 
14 
44 
81 
166 
74 
50 
151 
148 
96 
19 
10 
15 
13 
43 
10 
16 
0 
0 
30 
46 
45 
43 
42 
32 
13 
27 
1 
16 
3 
58 
144 
70 
58 
7 
52 
120 
116 
95 
2 
42 
48 
1 
19 
53 
1 
15 
0 
46 
174 
188 
106 
0 
99 
94 
112 
74 
19 
27 
27 
26 
49 
49 
64 
63 
30 
18 
36 
21 
14 
16 
21 
44 
74 
112 
70 
11 
47 
35 
5 
16 
18 
37 
47 
33 
13 
107 
138 
96 
2 
36 
79 
81 
82 
52 
5 
42 
65 
49 
33 
49 
65 
33 
32 
63 
109 
43 
0 
18 
42 
8 
36 
72 
68 
79 
51 
37 
0 
0 
14 
21 
5 
21 
53 
101 
132 
92 
26 
15 
65 
99 
85 
46 
31 
47 
206 
204 
58 
32 
83 
94 
97 
99 
52 
20 
11 
75 
59 
27 
27 
27 
43 
35 
52 
124 
155 
154 
80 
18 
101 
169 
164 
95 
49 
5 
3 
20 
10 
10 
10 
42 
107 
139 
107 
74 
33 
0 
16 
33 
33 
26 
27 
12 
4 
5 
17 
33 
32 
63 
46 
60 
90 
144 
93 
33 
61 
46 
98 
158 
210 
164 
78 
33 
58 
99 
100 
84 
69 
46 
30 
30 
1 
32 
48 
111 
127 
1 
83 
133 
94 
30 
33 
97 
209 
161 
47 
34 
68 
62 
48 
26 
35 
20 
26 
90 
49 
1 
47 
79 
31 
16 
49 
90 
123 
107 
75 
10 
46 
47 
31 
0 
1 
33 
26 
10 
84 
92 
59 
33 
16 
17 
12 
10 
1 
15 
0 
14 
30 
53 
52 
76 
59 
49 
48 
50 
36 
30 
32 
50 
52 
46 
30 
0 
16 
80 
161 
192 
207 
118 
75 
33 
18 
37 
73 
100 
272 
266 
251 
123 
69 
16 
17 
51 
1 
22 
26 
73 
142 
98 
14 
61 
65 
61 
30 
35 
31 
35 
48 
83 
47 
2 
37 
64 
26 
3 
5 
1 
15 
48 
65 
58 
58 
10 
21 
53 
53 
53 
12 
4 
30 
63 
64 
17 
33 
49 
74 
58 
10 
36 
52 
60 
27 
10 
17 
15 
48 
65 
91 
67 
36 
20 
4 
4 
11 
19 
27 
11 
21 
30 
14 
33 
65 
129 
65 
16 
33 
42 
59 
75 
43 
21 
5 
46 
31 
0 
48 
79 
78 
13 
52 
94 
128 
154 
107 
43 
12 
4 
28 
11 
4 
106 
80 
30 
35 
110 
161 
179 
148 
92 
10 
31 
105 
100 
47 
50 
85 
96 
74 
35 
69 
85 
101 
117 
44 
30 
48 
99 
117 
111 
161 
42 
78 
78 
62 
31 
15 
15 
48 
17 
21 
28 
21 
30 
111 
160 
128 
111 
46 
3 
62 
185 
196 
126 
79 
64 
64 
32 
90 
115 
101 
62 
48 
42 
3 
10 
63 
208 
161 
97 
32 
98 
133 
15 
78 
60 
26 
16 
12 
1 
17 
67 
133 
142 
95 
30 
18 
84 
174 
240 
202 
107 
90 
14 
63 
129 
115 
132 
21 
42 
49 
48 
32 
30 
21 
11 
59 
43 
27 
21 
31 
64 
90 
99 
133 
62 
1 
17 
10 
58 
51 
20 
42 
81 
31 
50 
52 
69 
47 
15 
0 
32 
49 
74 
107 
99 
60 
27 
4 
37 
30 
30 
15 
48 
32 
47 
47 
79 
46 
5 
3 
42 
30 
64 
26 
44 
122 
96 
9 
132 
126 
95 
32 
47 
32 
31 
14 
10 
35 
36 
30 
31 
33 
42 
51 
148 
84 
76 
74 
32 
25 
52 
143 
178 
132 
37 
21 
10 
37 
3 
20 
69 
79 
81 
83 
53 
0 
48 
65 
58 
58 
58 
81 
80 
54 
4 
15 
51 
127 
114 
117 
95 
0 
95 
143 
111 
46 
42 
10 
68 
60 
27 
5 
62 
111 
96 
96 
79 
62 
28 
46 
57 
68 
95 
137 
148 
165 
94 
30 
26 
67 
21 
31 
33 
82 
20 
53 
14 
33 
64 
48 
15 
31 
31 
78 
26 
131 
181 
126 
62 
78 
26 
19 
4 
33 
111 
45 
5 
137 
132 
111 
97 
90 
27 
37 
69 
62 
96 
65 
18 
11 
1 
48 
42 
35 
20 
52 
21 
4 
35 
36 
10 
49 
0 
15 
5 
44 
59 
42 
32 
0 
33 
42 
43 
27 
27 
26 
10 
17 
15 
65 
115 
117 
94 
79 
15 
1 
62 
44 
59 
48 
29 
17 
82 
94 
57 
21 
79 
113 
171 
171 
81 
128 
291 
222 
159 
16 
31 
31 
15 
31 
15 
15 
31 
30 
1 
26 
188 
154 
144 
125 
48 
12 
9 
23 
45 
36 
12 
29 
2 
2 
18 
29 
13 
13 
27 
28 
29 
61 
77 
82 
51 
35 
35 
34 
34 
41 
39 
57 
43 
44 
45 
23 
23 
54 
68 
268 
214 
214 
189 
148 
153 
133 
128 
174 
109 
91 
49 
16 
9 
43 
65 
39 
75 
88 
123 
102 
8 
39 
199 
230 
406 
148 
88 
36 
80 
157 
202 
183 
106 
9 
71 
52 
2 
23 
61 
148 
210 
191 
99 
17 
94 
124 
129 
93 
65 
2 
63 
67 
47 
67 
63 
51 
14 
2 
10 
0 
19 
46 
57 
36 
31 
18 
20 
15 
33 
34 
20 
5 
0 
32 
26 
67 
20 
37 
14 
49 
48 
48 
90 
106 
75 
27 
5 
37 
46 
94 
101 
173 
43 
63 
153 
148 
127 
49 
60 
58 
64 
61 
91 
0 
82 
53 
16 
3 
33 
22 
11 
0 
18 
62 
6 
59 
0 
147 
222 
224 
129 
80 
0 
49 
83 
117 
126 
95 
79 
30 
2 
52 
62 
175 
45 
46 
226 
261 
271 
144 
96 
31 
98 
148 
158 
143 
144 
112 
63 
13 
11 
46 
66 
69 
105 
132 
95 
82 
