10 
26 
27 
27 
19 
4 
20 
5 
5 
1 
0 
15 
16 
16 
17 
5 
10 
12 
11 
10 
16 
32 
49 
49 
26 
42 
42 
26 
5 
5 
5 
19 
4 
4 
10 
16 
0 
14 
28 
26 
0 
16 
17 
3 
20 
37 
46 
47 
64 
65 
49 
49 
33 
17 
14 
14 
1 
14 
30 
21 
37 
3 
11 
5 
0 
25 
4 
1 
0 
2 
11 
0 
33 
35 
36 
30 
31 
17 
10 
19 
20 
21 
14 
15 
16 
17 
5 
3 
4 
5 
1 
0 
15 
21 
28 
26 
0 
17 
34 
36 
37 
63 
64 
81 
74 
58 
81 
80 
79 
61 
58 
55 
75 
71 
91 
77 
55 
72 
73 
73 
72 
87 
54 
4 
12 
45 
61 
61 
68 
50 
56 
53 
34 
47 
51 
47 
34 
21 
16 
19 
21 
15 
17 
19 
21 
14 
0 
0 
1 
17 
10 
5 
5 
10 
42 
64 
14 
19 
36 
68 
108 
122 
111 
108 
96 
108 
80 
60 
48 
28 
47 
51 
30 
49 
51 
52 
37 
37 
46 
46 
0 
0 
15 
31 
30 
37 
12 
11 
11 
10 
17 
16 
0 
32 
48 
47 
15 
1 
18 
20 
37 
46 
31 
16 
16 
1 
10 
3 
11 
26 
32 
22 
59 
64 
77 
56 
43 
38 
25 
11 
29 
7 
33 
3 
25 
30 
67 
87 
84 
79 
50 
69 
48 
18 
10 
25 
5 
8 
4 
15 
18 
10 
23 
42 
45 
24 
11 
6 
1 
34 
94 
160 
202 
193 
128 
79 
30 
5 
42 
65 
49 
47 
62 
45 
43 
17 
1 
12 
1 
22 
27 
16 
28 
33 
45 
17 
41 
37 
72 
36 
15 
51 
46 
57 
21 
32 
3 
1 
9 
5 
0 
3 
0 
29 
33 
45 
33 
60 
55 
41 
11 
34 
47 
83 
78 
80 
50 
21 
7 
27 
22 
7 
11 
7 
10 
41 
101 
143 
160 
145 
97 
64 
32 
0 
14 
14 
5 
28 
26 
65 
31 
13 
4 
1 
0 
33 
19 
37 
31 
31 
77 
81 
60 
7 
21 
64 
82 
84 
69 
53 
53 
14 
6 
43 
48 
44 
0 
34 
36 
37 
46 
64 
49 
35 
20 
5 
0 
0 
10 
3 
5 
14 
32 
17 
5 
12 
5 
1 
0 
13 
26 
15 
12 
14 
48 
65 
42 
51 
20 
4 
14 
0 
1 
3 
36 
37 
30 
30 
30 
30 
46 
14 
14 
1 
16 
47 
46 
60 
42 
31 
29 
10 
16 
29 
10 
0 
35 
62 
80 
74 
58 
91 
90 
65 
64 
31 
30 
5 
10 
26 
58 
81 
47 
21 
12 
10 
15 
1 
44 
26 
0 
13 
21 
63 
33 
26 
3 
27 
49 
9 
53 
112 
161 
112 
79 
62 
29 
59 
97 
79 
18 
36 
53 
31 
32 
26 
3 
27 
5 
14 
31 
31 
32 
0 
15 
31 
15 
0 
15 
14 
21 
3 
4 
21 
21 
30 
15 
15 
31 
47 
62 
62 
53 
36 
3 
4 
4 
44 
75 
74 
64 
13 
4 
15 
16 
5 
35 
52 
69 
53 
21 
5 
30 
14 
31 
78 
101 
92 
42 
17 
15 
1 
10 
35 
20 
68 
76 
123 
113 
70 
74 
16 
51 
69 
78 
63 
95 
95 
78 
53 
53 
68 
28 
4 
20 
21 
21 
36 
28 
59 
42 
0 
16 
48 
49 
48 
48 
48 
47 
30 
14 
1 
33 
48 
62 
124 
112 
76 
7 
36 
78 
111 
111 
95 
94 
92 
123 
97 
80 
22 
11 
1 
32 
49 
58 
42 
10 
10 
26 
42 
42 
10 
5 
5 
17 
16 
0 
17 
2 
4 
5 
0 
30 
44 
33 
29 
26 
54 
26 
18 
53 
112 
122 
51 
4 
1 
65 
83 
101 
110 
117 
108 
49 
66 
140 
123 
32 
2 
36 
69 
53 
21 
28 
74 
128 
93 
74 
39 
11 
79 
113 
75 
27 
26 
65 
63 
29 
58 
64 
31 
49 
106 
122 
129 
128 
77 
58 
31 
77 
58 
48 
30 
3 
36 
85 
126 
78 
46 
30 
14 
21 
12 
43 
42 
32 
1 
35 
37 
30 
32 
33 
35 
4 
21 
14 
0 
13 
5 
0 
44 
33 
9 
36 
62 
78 
94 
94 
69 
44 
43 
26 
33 
17 
17 
14 
46 
62 
61 
43 
42 
48 
45 
10 
17 
19 
53 
30 
47 
49 
26 
58 
83 
92 
91 
97 
95 
92 
65 
22 
11 
0 
33 
58 
35 
36 
85 
85 
85 
92 
74 
48 
14 
35 
5 
15 
28 
33 
44 
24 
27 
45 
39 
41 
43 
44 
45 
29 
45 
36 
35 
41 
103 
21 
12 
45 
70 
87 
87 
86 
86 
109 
84 
67 
57 
71 
53 
19 
40 
37 
18 
23 
4 
25 
14 
18 
30 
34 
30 
41 
21 
25 
5 
6 
26 
45 
81 
60 
23 
17 
3 
24 
21 
50 
62 
82 
78 
89 
68 
62 
64 
66 
20 
21 
14 
16 
17 
3 
4 
1 
16 
1 
3 
5 
15 
18 
10 
16 
22 
27 
33 
6 
11 
16 
18 
21 
16 
3 
15 
18 
1 
13 
17 
29 
24 
59 
29 
24 
21 
18 
47 
51 
47 
34 
37 
32 
19 
1 
13 
17 
29 
8 
27 
13 
7 
5 
18 
14 
19 
31 
3 
31 
3 
7 
27 
54 
25 
4 
9 
7 
4 
18 
71 
52 
72 
52 
31 
3 
1 
19 
30 
50 
53 
32 
3 
10 
0 
3 
5 
9 
4 
7 
11 
16 
12 
15 
13 
14 
2 
21 
41 
26 
6 
1 
2 
8 
11 
40 
21 
9 
4 
8 
4 
9 
5 
2 
15 
35 
47 
34 
30 
41 
52 
63 
66 
36 
15 
33 
3 
10 
0 
34 
36 
30 
31 
17 
2 
4 
10 
47 
60 
39 
59 
38 
17 
18 
37 
79 
97 
90 
51 
36 
30 
32 
35 
1 
32 
42 
35 
4 
10 
1 
0 
30 
44 
42 
31 
28 
33 
6 
10 
32 
66 
100 
78 
63 
47 
48 
32 
33 
5 
28 
10 
33 
31 
44 
26 
15 
34 
36 
30 
0 
25 
27 
64 
76 
23 
5 
41 
53 
63 
65 
82 
68 
68 
53 
14 
31 
0 
2 
11 
5 
16 
31 
44 
49 
13 
5 
0 
34 
52 
62 
127 
143 
126 
77 
43 
1 
46 
78 
77 
75 
49 
47 
13 
11 
14 
47 
80 
81 
65 
49 
33 
32 
32 
15 
1 
14 
1 
33 
128 
141 
122 
77 
0 
35 
101 
143 
127 
111 
94 
76 
75 
42 
1 
30 
30 
53 
44 
27 
10 
17 
16 
17 
13 
27 
10 
1 
47 
61 
26 
6 
4 
31 
50 
37 
47 
80 
90 
74 
67 
52 
68 
44 
43 
43 
26 
10 
21 
60 
91 
64 
30 
12 
4 
14 
30 
47 
47 
47 
32 
16 
1 
5 
28 
26 
32 
29 
27 
32 
29 
21 
31 
65 
74 
90 
106 
129 
112 
79 
46 
12 
20 
36 
68 
92 
90 
64 
38 
43 
48 
28 
30 
49 
66 
68 
52 
53 
37 
14 
15 
16 
26 
19 
11 
33 
15 
10 
12 
33 
15 
3 
53 
78 
94 
78 
45 
59 
26 
30 
53 
44 
26 
15 
2 
27 
17 
32 
33 
26 
19 
4 
11 
26 
0 
16 
65 
90 
91 
59 
27 
43 
42 
26 
17 
16 
0 
16 
32 
32 
31 
15 
17 
10 
10 
10 
49 
49 
32 
16 
0 
0 
0 
15 
14 
13 
27 
5 
1 
0 
1 
12 
11 
10 
14 
16 
17 
50 
20 
5 
16 
0 
18 
4 
21 
47 
64 
49 
51 
36 
5 
1 
0 
1 
12 
4 
5 
14 
0 
0 
31 
14 
18 
20 
21 
1 
16 
26 
51 
36 
36 
37 
21 
5 
1 
0 
16 
33 
42 
27 
12 
27 
10 
15 
16 
1 
33 
33 
33 
16 
15 
1 
17 
48 
14 
3 
21 
14 
15 
15 
48 
48 
48 
33 
17 
5 
5 
5 
4 
19 
4 
4 
5 
17 
15 
1 
12 
4 
14 
16 
17 
19 
11 
33 
47 
45 
26 
0 
2 
37 
64 
83 
84 
124 
171 
192 
189 
183 
169 
146 
137 
120 
119 
69 
50 
39 
4 
13 
40 
98 
130 
137 
104 
70 
28 
3 
19 
35 
50 
57 
40 
55 
54 
38 
22 
6 
9 
6 
6 
25 
72 
70 
52 
57 
46 
19 
25 
17 
12 
9 
33 
13 
8 
27 
7 
20 
8 
20 
0 
12 
0 
28 
48 
28 
16 
3 
14 
2 
5 
8 
11 
23 
43 
7 
11 
0 
3 
16 
13 
10 
8 
27 
23 
27 
7 
26 
45 
49 
12 
64 
83 
69 
63 
48 
64 
17 
13 
75 
96 
124 
87 
74 
54 
42 
22 
4 
15 
13 
21 
25 
21 
9 
26 
13 
17 
29 
5 
25 
36 
30 
64 
65 
49 
17 
17 
5 
28 
42 
48 
38 
75 
48 
38 
27 
33 
15 
28 
33 
6 
27 
0 
18 
21 
15 
17 
19 
20 
37 
30 
31 
0 
14 
37 
28 
26 
33 
31 
37 
28 
5 
30 
31 
31 
31 
15 
0 
32 
47 
30 
44 
42 
48 
46 
60 
26 
1 
0 
21 
28 
26 
15 
13 
42 
16 
2 
4 
5 
16 
1 
28 
42 
16 
2 
4 
1 
1 
3 
10 
32 
1 
3 
10 
16 
17 
26 
43 
27 
11 
27 
59 
58 
97 
46 
28 
17 
16 
42 
83 
108 
123 
122 
112 
78 
60 
26 
1 
0 
14 
28 
17 
0 
13 
26 
16 
18 
52 
69 
62 
46 
46 
37 
44 
43 
49 
47 
28 
1 
64 
74 
91 
106 
81 
48 
47 
46 
69 
44 
27 
10 
1 
47 
47 
0 
31 
46 
28 
43 
49 
15 
13 
10 
16 
14 
2 
4 
5 
30 
31 
31 
16 
32 
32 
16 
0 
15 
31 
0 
17 
33 
10 
5 
3 
4 
21 
1 
15 
48 
65 
42 
42 
26 
26 
26 
10 
10 
10 
26 
58 
42 
10 
21 
30 
14 
30 
37 
37 
28 
43 
33 
0 
12 
21 
32 
35 
21 
14 
47 
80 
80 
65 
17 
30 
28 
26 
16 
17 
26 
42 
74 
96 
78 
108 
97 
54 
43 
0 
1 
19 
53 
62 
79 
79 
30 
21 
20 
28 
27 
21 
14 
31 
31 
47 
63 
31 
14 
14 
14 
14 
1 
1 
33 
16 
0 
1 
2 
27 
10 
0 
16 
26 
51 
36 
52 
52 
52 
60 
43 
11 
28 
27 
42 
48 
15 
1 
1 
5 
3 
11 
26 
47 
60 
32 
3 
47 
97 
106 
106 
97 
95 
85 
92 
90 
79 
61 
26 
15 
33 
18 
20 
37 
30 
31 
63 
64 
33 
10 
5 
10 
10 
26 
17 
16 
0 
17 
26 
19 
20 
21 
17 
32 
14 
3 
21 
30 
48 
33 
10 
3 
5 
1 
15 
16 
33 
42 
35 
20 
21 
1 
1 
15 
16 
17 
17 
10 
11 
11 
19 
20 
4 
28 
43 
43 
42 
49 
32 
30 
60 
58 
64 
29 
42 
23 
27 
23 
43 
39 
42 
45 
24 
27 
22 
9 
11 
38 
9 
11 
6 
7 
4 
6 
25 
43 
38 
24 
11 
2 
7 
4 
9 
1 
19 
55 
4 
7 
11 
25 
26 
29 
17 
13 
26 
45 
33 
3 
31 
3 
24 
43 
38 
33 
28 
7 
65 
60 
22 
25 
11 
22 
7 
36 
40 
52 
40 
20 
31 
34 
85 
47 
49 
33 
26 
5 
12 
43 
81 
79 
76 
80 
93 
81 
61 
33 
13 
5 
57 
52 
31 
18 
4 
1 
16 
19 
5 
0 
28 
10 
15 
14 
28 
10 
17 
0 
13 
27 
17 
0 
5 
12 
5 
0 
1 
28 
42 
15 
2 
4 
14 
15 
16 
26 
27 
27 
43 
11 
4 
4 
20 
12 
43 
58 
81 
111 
108 
129 
102 
65 
61 
40 
59 
61 
24 
5 
18 
46 
50 
78 
105 
84 
62 
49 
3 
33 
70 
90 
86 
90 
77 
80 
44 
7 
20 
56 
52 
47 
65 
35 
53 
15 
17 
3 
11 
33 
31 
29 
27 
33 
0 
13 
11 
14 
16 
17 
3 
4 
5 
17 
48 
62 
60 
65 
38 
43 
32 
25 
20 
37 
31 
0 
13 
27 
17 
6 
27 
16 
2 
11 
17 
15 
26 
75 
59 
43 
3 
27 
43 
26 
32 
38 
75 
65 
22 
27 
33 
30 
28 
5 
15 
18 
20 
30 
32 
26 
43 
43 
27 
11 
4 
28 
43 
27 
10 
10 
17 
33 
48 
31 
21 
28 
11 
17 
32 
31 
1 
1 
26 
42 
26 
5 
5 
4 
4 
11 
4 
4 
4 
4 
11 
27 
26 
17 
33 
15 
17 
42 
59 
59 
27 
27 
19 
11 
11 
5 
0 
15 
29 
27 
17 
0 
18 
4 
15 
17 
3 
14 
31 
33 
42 
3 
20 
20 
37 
37 
37 
37 
4 
20 
20 
4 
11 
10 
26 
17 
0 
14 
2 
11 
17 
31 
44 
33 
6 
11 
7 
11 
0 
3 
30 
34 
21 
48 
35 
37 
31 
49 
50 
36 
37 
30 
31 
32 
32 
33 
33 
17 
17 
33 
1 
5 
5 
12 
27 
26 
17 
16 
33 
26 
43 
43 
43 
75 
74 
65 
47 
61 
59 
63 
28 
49 
6 
11 
15 
18 
20 
37 
47 
32 
32 
17 
33 
42 
10 
33 
49 
47 
45 
90 
87 
59 
6 
10 
25 
37 
80 
83 
117 
126 
126 
109 
91 
90 
64 
22 
75 
49 
30 
28 
14 
16 
2 
5 
14 
32 
33 
42 
74 
58 
65 
48 
31 
30 
28 
10 
32 
0 
10 
51 
52 
68 
85 
69 
60 
59 
58 
65 
63 
61 
74 
63 
60 
33 
9 
4 
15 
18 
20 
14 
47 
48 
17 
26 
3 
11 
10 
33 
31 
30 
60 
49 
47 
60 
42 
38 
27 
16 
12 
1 
0 
19 
37 
46 
78 
30 
0 
31 
62 
92 
81 
54 
90 
109 
81 
76 
39 
49 
44 
38 
40 
34 
43 
45 
22 
39 
24 
8 
9 
25 
25 
25 
24 
40 
23 
22 
13 
12 
4 
19 
3 
13 
45 
45 
60 
36 
34 
25 
23 
5 
19 
24 
5 
2 
1 
13 
0 
3 
0 
3 
48 
51 
30 
33 
3 
14 
0 
13 
27 
48 
29 
58 
47 
60 
49 
45 
49 
45 
33 
60 
55 
41 
43 
38 
24 
5 
12 
29 
7 
5 
3 
24 
21 
18 
46 
66 
69 
48 
35 
21 
32 
29 
42 
22 
49 
45 
32 
44 
23 
43 
23 
26 
6 
26 
13 
1 
29 
0 
2 
14 
18 
21 
25 
20 
15 
18 
4 
15 
17 
19 
14 
15 
13 
27 
17 
15 
29 
26 
16 
14 
12 
10 
0 
10 
12 
5 
17 
0 
48 
48 
32 
31 
62 
76 
58 
64 
61 
42 
31 
28 
10 
0 
12 
21 
63 
65 
26 
19 
11 
27 
26 
64 
38 
27 
17 
0 
28 
10 
0 
18 
21 
15 
0 
17 
26 
43 
42 
49 
32 
15 
17 
42 
42 
42 
42 
42 
65 
64 
47 
37 
28 
42 
33 
15 
17 
17 
1 
5 
10 
3 
11 
10 
1 
0 
14 
12 
11 
5 
17 
0 
0 
14 
37 
4 
19 
4 
4 
3 
27 
43 
26 
1 
0 
16 
17 
10 
26 
35 
20 
36 
52 
44 
43 
26 
17 
15 
0 
15 
15 
1 
1 
1 
21 
5 
5 
5 
5 
5 
21 
5 
5 
4 
11 
10 
10 
10 
21 
5 
14 
33 
16 
16 
0 
17 
10 
26 
43 
59 
59 
74 
97 
111 
108 
113 
109 
80 
76 
39 
33 
13 
15 
19 
47 
83 
94 
80 
3 
17 
22 
27 
39 
43 
7 
4 
31 
33 
19 
5 
32 
22 
43 
64 
76 
40 
27 
8 
27 
31 
12 
16 
28 
17 
9 
52 
30 
16 
19 
21 
0 
3 
26 
38 
59 
48 
28 
48 
60 
48 
44 
16 
13 
1 
18 
21 
40 
36 
31 
66 
52 
21 
16 
31 
62 
76 
33 
6 
11 
0 
33 
35 
27 
33 
22 
43 
32 
76 
48 
60 
64 
44 
16 
2 
37 
64 
51 
53 
63 
63 
31 
16 
30 
77 
74 
63 
44 
26 
31 
29 
26 
16 
2 
11 
17 
0 
3 
21 
31 
32 
33 
35 
27 
65 
63 
60 
48 
29 
26 
15 
18 
37 
30 
15 
1 
12 
10 
32 
45 
58 
47 
28 
17 
0 
26 
35 
36 
37 
14 
16 
0 
17 
33 
10 
10 
19 
4 
4 
43 
42 
10 
5 
19 
36 
4 
27 
43 
17 
15 
48 
80 
79 
62 
60 
74 
80 
46 
28 
26 
31 
2 
20 
30 
48 
65 
97 
113 
64 
70 
75 
64 
61 
10 
49 
83 
117 
133 
140 
122 
112 
93 
91 
81 
62 
28 
1 
16 
50 
100 
101 
46 
30 
5 
17 
17 
0 
32 
17 
37 
28 
43 
26 
1 
15 
31 
16 
15 
16 
17 
10 
3 
4 
21 
37 
37 
37 
20 
12 
59 
27 
20 
37 
4 
11 
11 
3 
27 
42 
96 
141 
65 
2 
52 
94 
143 
142 
140 
138 
150 
155 
103 
75 
22 
11 
16 
35 
62 
97 
90 
107 
123 
107 
74 
42 
33 
49 
15 
47 
63 
79 
95 
78 
92 
74 
79 
60 
10 
30 
30 
14 
37 
37 
4 
43 
43 
49 
32 
38 
75 
80 
108 
80 
76 
39 
27 
25 
21 
48 
51 
69 
63 
80 
58 
26 
36 
60 
74 
80 
70 
75 
39 
59 
7 
42 
54 
49 
44 
54 
56 
66 
51 
67 
67 
66 
73 
72 
54 
45 
4 
29 
38 
54 
54 
69 
83 
120 
117 
144 
106 
99 
68 
37 
0 
15 
2 
36 
53 
5 
26 
10 
27 
27 
43 
75 
75 
58 
33 
0 
32 
17 
17 
33 
17 
1 
14 
15 
0 
16 
17 
5 
44 
74 
32 
13 
26 
31 
44 
32 
3 
30 
65 
99 
52 
53 
47 
32 
33 
19 
36 
46 
47 
95 
95 
93 
75 
32 
21 
19 
20 
28 
75 
122 
160 
173 
168 
130 
59 
2 
78 
97 
50 
4 
1 
34 
85 
121 
69 
41 
10 
38 
58 
61 
24 
27 
61 
86 
119 
118 
101 
99 
104 
69 
73 
68 
79 
17 
29 
42 
71 
91 
71 
91 
70 
9 
11 
6 
1 
3 
8 
20 
32 
67 
85 
78 
79 
47 
31 
31 
30 
5 
43 
43 
74 
144 
189 
185 
187 
172 
173 
125 
38 
7 
30 
83 
143 
146 
149 
63 
28 
86 
119 
103 
102 
102 
86 
87 
71 
87 
103 
54 
11 
76 
92 
52 
35 
89 
46 
51 
57 
22 
43 
125 
141 
141 
132 
130 
87 
52 
57 
21 
29 
23 
25 
2 
43 
44 
45 
22 
22 
7 
7 
8 
24 
8 
6 
6 
22 
38 
38 
29 
13 
45 
45 
68 
83 
105 
158 
178 
197 
190 
189 
187 
184 
203 
125 
54 
7 
22 
36 
57 
55 
36 
120 
85 
89 
68 
64 
35 
30 
16 
34 
11 
1 
0 
1 
3 
11 
26 
49 
33 
32 
16 
15 
30 
21 
28 
10 
15 
32 
48 
64 
79 
70 
75 
80 
76 
48 
44 
23 
10 
34 
46 
66 
69 
96 
97 
50 
11 
0 
13 
14 
16 
19 
5 
48 
77 
65 
13 
62 
113 
171 
170 
176 
156 
135 
170 
141 
87 
42 
25 
101 
176 
193 
224 
230 
177 
124 
102 
73 
27 
16 
51 
158 
206 
206 
204 
170 
119 
91 
80 
60 
49 
14 
3 
68 
188 
218 
221 
135 
137 
138 
140 
141 
109 
22 
71 
132 
176 
218 
218 
257 
198 
203 
214 
216 
217 
162 
147 
83 
35 
68 
114 
142 
178 
180 
174 
159 
160 
144 
113 
80 
47 
45 
26 
39 
75 
118 
135 
135 
126 
51 
7 
98 
131 
178 
222 
239 
287 
278 
267 
231 
170 
141 
71 
26 
35 
41 
37 
66 
69 
112 
115 
133 
111 
96 
80 
48 
33 
14 
17 
49 
32 
0 
49 
2 
75 
87 
73 
27 
56 
84 
126 
126 
159 
158 
125 
107 
122 
127 
19 
14 
41 
20 
16 
60 
48 
60 
119 
33 
3 
31 
65 
51 
11 
81 
102 
40 
34 
66 
115 
162 
207 
210 
213 
111 
18 
26 
45 
72 
105 
121 
185 
247 
228 
208 
147 
94 
80 
26 
3 
20 
17 
48 
93 
155 
135 
91 
48 
6 
4 
30 
0 
30 
28 
17 
6 
11 
1 
33 
3 
17 
15 
28 
49 
14 
12 
14 
6 
75 
87 
106 
108 
61 
6 
31 
35 
0 
28 
8 
11 
40 
52 
31 
51 
149 
188 
144 
92 
17 
63 
157 
177 
172 
141 
119 
90 
22 
27 
39 
43 
6 
14 
19 
16 
12 
14 
34 
46 
97 
131 
100 
69 
37 
76 
74 
47 
19 
75 
64 
45 
24 
27 
6 
23 
10 
45 
7 
20 
73 
85 
97 
99 
78 
15 
1 
26 
35 
53 
62 
63 
48 
33 
17 
49 
64 
63 
46 
28 
11 
21 
62 
62 
53 
44 
26 
32 
13 
27 
32 
13 
5 
31 
65 
67 
69 
62 
62 
62 
62 
85 
76 
74 
65 
15 
26 
43 
91 
139 
138 
135 
154 
157 
102 
55 
8 
101 
176 
224 
246 
266 
236 
230 
168 
138 
108 
38 
16 
35 
40 
69 
34 
23 
20 
9 
14 
19 
40 
52 
31 
34 
4 
17 
22 
20 
47 
65 
90 
59 
59 
58 
42 
1 
94 
140 
138 
118 
113 
109 
48 
28 
0 
34 
36 
0 
2 
11 
0 
29 
10 
16 
50 
36 
85 
125 
187 
166 
129 
60 
31 
113 
160 
134 
155 
175 
156 
112 
54 
43 
21 
94 
133 
92 
19 
43 
106 
103 
91 
31 
28 
17 
49 
90 
65 
32 
31 
47 
30 
0 
15 
78 
140 
106 
47 
44 
42 
16 
2 
11 
32 
13 
53 
126 
110 
92 
58 
0 
0 
32 
48 
31 
46 
76 
106 
128 
110 
60 
5 
30 
31 
15 
16 
1 
3 
1 
0 
58 
107 
74 
32 
14 
19 
68 
53 
43 
26 
14 
47 
80 
144 
143 
76 
33 
54 
129 
124 
103 
90 
45 
62 
129 
147 
164 
101 
53 
44 
59 
65 
47 
28 
5 
31 
80 
96 
80 
47 
31 
15 
30 
46 
69 
44 
27 
17 
16 
31 
118 
171 
173 
103 
72 
4 
64 
122 
193 
263 
314 
284 
221 
134 
40 
52 
143 
224 
207 
252 
241 
188 
48 
51 
92 
155 
176 
252 
262 
264 
185 
106 
3 
95 
146 
148 
132 
124 
139 
106 
112 
78 
60 
26 
0 
34 
4 
15 
33 
42 
91 
107 
138 
177 
159 
125 
58 
31 
34 
36 
37 
15 
32 
49 
65 
64 
47 
53 
12 
27 
26 
48 
38 
11 
14 
64 
113 
145 
144 
95 
30 
10 
33 
63 
46 
44 
75 
33 
15 
15 
48 
80 
81 
81 
81 
64 
46 
76 
58 
87 
107 
39 
43 
0 
35 
69 
63 
48 
42 
59 
91 
91 
59 
33 
0 
48 
80 
111 
141 
90 
48 
14 
10 
27 
43 
59 
91 
58 
42 
17 
16 
1 
19 
36 
30 
31 
0 
16 
32 
79 
94 
101 
44 
11 
11 
4 
20 
11 
27 
27 
26 
1 
15 
16 
1 
37 
37 
4 
4 
11 
58 
65 
47 
61 
58 
23 
27 
0 
13 
21 
31 
49 
58 
122 
122 
106 
65 
32 
47 
79 
69 
44 
74 
96 
76 
32 
3 
30 
64 
74 
90 
145 
134 
170 
157 
113 
13 
110 
191 
230 
219 
135 
107 
80 
13 
4 
37 
46 
46 
53 
37 
5 
5 
4 
28 
59 
90 
96 
93 
74 
38 
10 
18 
53 
80 
115 
116 
132 
140 
122 
80 
31 
16 
32 
79 
108 
90 
79 
13 
11 
21 
46 
78 
78 
101 
124 
106 
80 
62 
28 
11 
37 
46 
30 
62 
78 
78 
69 
44 
10 
33 
47 
44 
64 
92 
48 
19 
94 
159 
207 
236 
209 
173 
129 
76 
1 
65 
90 
123 
123 
107 
81 
16 
14 
28 
4 
17 
15 
15 
16 
32 
0 
0 
80 
96 
79 
46 
30 
1 
17 
32 
46 
28 
11 
5 
1 
16 
31 
96 
96 
48 
15 
0 
15 
31 
14 
10 
3 
11 
4 
21 
21 
5 
20 
36 
21 
21 
1 
0 
31 
37 
44 
26 
14 
32 
49 
58 
106 
144 
108 
97 
38 
27 
21 
53 
53 
76 
91 
74 
48 
30 
13 
4 
30 
47 
16 
1 
49 
74 
81 
81 
65 
42 
26 
20 
44 
74 
65 
79 
38 
11 
17 
0 
58 
106 
122 
113 
96 
63 
30 
37 
11 
59 
74 
81 
64 
31 
2 
20 
1 
16 
2 
11 
37 
47 
64 
32 
16 
31 
31 
0 
0 
15 
16 
16 
1 
5 
3 
52 
37 
14 
0 
16 
32 
16 
15 
31 
15 
31 
13 
27 
80 
93 
80 
44 
0 
35 
94 
190 
205 
203 
160 
156 
80 
13 
36 
101 
126 
157 
139 
17 
16 
64 
95 
142 
108 
33 
15 
21 
12 
20 
37 
46 
37 
61 
91 
42 
15 
48 
65 
64 
48 
0 
0 
15 
47 
15 
0 
0 
16 
31 
30 
1 
43 
35 
20 
10 
17 
15 
0 
21 
12 
5 
15 
17 
51 
20 
4 
20 
36 
53 
37 
30 
30 
14 
16 
48 
47 
30 
12 
21 
15 
48 
49 
33 
33 
49 
49 
33 
16 
15 
14 
21 
3 
4 
21 
14 
15 
0 
14 
29 
75 
65 
64 
129 
112 
94 
92 
42 
16 
1 
33 
49 
48 
15 
16 
0 
16 
1 
46 
94 
85 
69 
4 
19 
36 
36 
20 
21 
20 
28 
43 
49 
47 
21 
19 
37 
30 
47 
33 
2 
27 
26 
0 
17 
42 
51 
84 
84 
36 
20 
5 
5 
30 
14 
14 
16 
32 
32 
31 
14 
12 
4 
21 
0 
0 
21 
12 
37 
78 
79 
31 
16 
0 
46 
45 
11 
5 
31 
32 
33 
1 
21 
28 
10 
15 
32 
49 
81 
81 
81 
65 
64 
63 
46 
17 
65 
80 
47 
62 
69 
44 
26 
17 
16 
26 
3 
21 
15 
33 
50 
36 
0 
29 
42 
22 
43 
7 
4 
0 
3 
46 
96 
113 
113 
128 
126 
77 
59 
10 
37 
53 
20 
4 
12 
27 
58 
16 
16 
49 
33 
5 
3 
4 
4 
5 
5 
17 
0 
1 
5 
12 
5 
14 
16 
2 
27 
17 
0 
18 
21 
47 
49 
58 
19 
10 
64 
54 
74 
38 
5 
64 
122 
154 
177 
143 
108 
74 
63 
13 
20 
68 
100 
108 
107 
97 
47 
2 
4 
21 
0 
1 
12 
37 
79 
79 
64 
48 
33 
5 
28 
43 
49 
38 
43 
0 
18 
21 
15 
33 
19 
37 
46 
63 
48 
33 
49 
65 
32 
47 
62 
53 
28 
59 
58 
5 
46 
46 
14 
37 
21 
12 
27 
10 
33 
15 
32 
49 
26 
26 
42 
65 
64 
63 
77 
75 
64 
22 
43 
16 
61 
81 
124 
150 
151 
151 
118 
116 
73 
55 
20 
13 
39 
56 
56 
105 
104 
103 
85 
66 
87 
68 
56 
52 
15 
13 
17 
45 
49 
45 
49 
12 
7 
11 
7 
27 
7 
11 
16 
44 
48 
12 
16 
12 
14 
41 
36 
47 
25 
4 
0 
18 
27 
32 
44 
49 
22 
10 
0 
3 
30 
80 
26 
3 
11 
17 
31 
15 
14 
13 
27 
1 
16 
0 
21 
44 
42 
48 
38 
43 
33 
15 
2 
10 
16 
18 
36 
37 
16 
15 
14 
18 
52 
21 
17 
16 
16 
17 
17 
5 
21 
21 
28 
74 
65 
31 
37 
28 
10 
15 
32 
49 
17 
17 
5 
5 
21 
3 
11 
27 
42 
48 
31 
44 
42 
65 
46 
28 
10 
31 
112 
144 
95 
13 
20 
60 
59 
65 
64 
46 
44 
59 
65 
31 
17 
26 
35 
20 
5 
1 
17 
0 
15 
32 
32 
32 
31 
31 
1 
26 
19 
4 
21 
21 
10 
37 
85 
101 
92 
58 
48 
0 
33 
26 
11 
12 
20 
37 
37 
5 
33 
33 
33 
32 
16 
0 
15 
0 
32 
31 
30 
14 
5 
10 
27 
10 
21 
21 
5 
10 
26 
58 
17 
46 
94 
93 
75 
33 
32 
31 
30 
12 
20 
14 
47 
80 
48 
0 
47 
30 
21 
4 
28 
43 
42 
49 
47 
14 
26 
43 
74 
81 
48 
15 
5 
10 
19 
20 
21 
37 
53 
46 
30 
14 
14 
1 
1 
0 
0 
0 
1 
5 
3 
4 
5 
1 
15 
16 
10 
12 
11 
17 
0 
14 
3 
4 
14 
16 
33 
35 
20 
37 
30 
46 
47 
31 
32 
32 
32 
15 
0 
0 
15 
0 
16 
16 
17 
17 
17 
1 
14 
1 
17 
1 
1 
10 
5 
19 
21 
21 
14 
15 
16 
16 
16 
33 
33 
32 
16 
16 
0 
0 
0 
16 
16 
15 
0 
14 
21 
44 
26 
16 
1 
3 
21 
15 
1 
18 
4 
1 
16 
18 
20 
53 
46 
31 
47 
79 
95 
94 
108 
81 
63 
60 
49 
22 
11 
16 
13 
14 
16 
3 
1 
9 
11 
0 
13 
42 
23 
27 
16 
28 
33 
29 
10 
9 
4 
8 
4 
0 
13 
17 
9 
27 
15 
12 
16 
2 
5 
0 
12 
10 
15 
13 
10 
16 
18 
11 
16 
1 
12 
5 
0 
1 
12 
1 
0 
17 
3 
4 
1 
16 
17 
10 
27 
27 
27 
5 
37 
69 
92 
58 
79 
77 
42 
15 
13 
5 
1 
32 
26 
35 
5 
1 
16 
15 
17 
10 
11 
3 
4 
21 
10 
10 
1 
5 
21 
5 
12 
68 
76 
91 
129 
86 
42 
15 
65 
27 
27 
27 
27 
3 
4 
4 
10 
21 
61 
75 
42 
16 
17 
42 
58 
74 
113 
80 
63 
46 
53 
11 
59 
59 
42 
49 
32 
15 
1 
3 
4 
5 
21 
14 
53 
69 
69 
53 
5 
5 
21 
10 
17 
33 
16 
0 
14 
21 
44 
26 
17 
16 
33 
26 
58 
58 
58 
81 
49 
32 
16 
16 
15 
1 
1 
17 
1 
15 
0 
15 
0 
16 
1 
30 
5 
5 
3 
11 
5 
1 
16 
26 
67 
36 
36 
36 
20 
20 
20 
44 
43 
26 
10 
5 
5 
37 
60 
59 
42 
48 
15 
2 
5 
14 
64 
113 
113 
80 
47 
15 
31 
47 
15 
31 
30 
5 
19 
36 
20 
5 
21 
5 
4 
12 
4 
21 
37 
53 
53 
53 
44 
59 
42 
49 
31 
28 
5 
15 
28 
33 
6 
27 
23 
43 
31 
28 
16 
13 
5 
16 
19 
5 
0 
2 
11 
17 
0 
18 
4 
1 
31 
45 
59 
47 
44 
16 
3 
1 
9 
11 
32 
28 
0 
34 
4 
15 
1 
12 
14 
32 
10 
3 
10 
17 
31 
30 
44 
10 
1 
32 
26 
35 
20 
20 
4 
4 
27 
26 
33 
32 
47 
21 
3 
27 
11 
58 
48 
30 
28 
5 
14 
15 
32 
49 
17 
30 
45 
27 
48 
46 
12 
4 
1 
16 
16 
32 
49 
17 
5 
5 
5 
5 
10 
33 
33 
17 
1 
63 
31 
31 
32 
0 
14 
5 
19 
4 
10 
1 
1 
16 
15 
1 
10 
43 
43 
43 
27 
35 
20 
20 
44 
75 
58 
65 
63 
77 
58 
48 
61 
42 
6 
4 
30 
49 
35 
20 
1 
15 
12 
10 
16 
13 
11 
1 
15 
13 
11 
1 
16 
26 
19 
11 
10 
17 
0 
0 
1 
5 
12 
43 
49 
31 
45 
43 
49 
63 
60 
49 
22 
43 
32 
2 
5 
0 
3 
1 
25 
4 
0 
18 
5 
15 
50 
4 
48 
76 
87 
106 
92 
86 
103 
88 
72 
56 
41 
25 
9 
29 
36 
19 
18 
40 
54 
52 
50 
55 
68 
56 
36 
47 
50 
52 
30 
32 
17 
10 
19 
4 
4 
5 
5 
5 
26 
26 
26 
26 
26 
33 
33 
48 
31 
14 
14 
5 
21 
21 
21 
4 
3 
4 
4 
11 
10 
10 
5 
1 
1 
14 
30 
30 
17 
26 
33 
17 
17 
16 
16 
32 
32 
16 
16 
16 
0 
15 
0 
15 
1 
33 
1 
1 
33 
49 
17 
0 
32 
16 
0 
15 
14 
37 
37 
12 
20 
21 
14 
30 
31 
47 
47 
31 
31 
15 
15 
31 
31 
31 
15 
15 
1 
1 
1 
17 
33 
32 
0 
0 
1 
10 
10 
11 
27 
19 
20 
20 
12 
27 
27 
26 
26 
33 
32 
15 
14 
1 
5 
5 
5 
5 
5 
10 
10 
10 
17 
32 
16 
1 
37 
12 
4 
5 
14 
15 
32 
33 
49 
26 
35 
20 
21 
30 
30 
0 
0 
15 
14 
13 
27 
10 
0 
16 
26 
19 
5 
16 
16 
10 
3 
5 
32 
16 
34 
36 
21 
15 
16 
33 
3 
5 
17 
17 
12 
5 
0 
17 
2 
36 
37 
30 
32 
17 
19 
10 
17 
0 
44 
5 
15 
49 
58 
35 
36 
52 
21 
1 
31 
33 
10 
3 
10 
33 
16 
17 
18 
4 
5 
0 
17 
12 
10 
16 
14 
3 
5 
0 
33 
83 
68 
69 
37 
46 
46 
15 
0 
15 
37 
44 
33 
0 
2 
4 
46 
31 
16 
1 
2 
4 
1 
6 
27 
16 
33 
19 
5 
1 
32 
81 
90 
74 
42 
10 
10 
10 
3 
4 
5 
17 
16 
14 
29 
27 
1 
47 
33 
3 
4 
1 
15 
13 
11 
14 
31 
49 
2 
11 
17 
16 
34 
21 
15 
17 
19 
5 
0 
33 
35 
4 
21 
15 
1 
13 
4 
30 
32 
17 
3 
36 
30 
15 
17 
5 
19 
20 
21 
1 
15 
32 
33 
10 
3 
5 
1 
0 
16 
21 
12 
4 
1 
0 
1 
2 
20 
21 
15 
0 
2 
20 
14 
31 
33 
42 
51 
20 
4 
10 
17 
16 
17 
18 
11 
10 
15 
32 
48 
49 
32 
32 
17 
1 
21 
28 
5 
1 
0 
1 
18 
11 
5 
14 
16 
18 
27 
33 
45 
42 
9 
20 
46 
81 
74 
74 
90 
74 
43 
19 
4 
20 
5 
1 
15 
15 
15 
0 
16 
15 
1 
10 
3 
27 
42 
33 
16 
49 
51 
37 
30 
15 
1 
5 
12 
4 
37 
1 
15 
30 
12 
21 
15 
33 
18 
20 
30 
31 
33 
18 
4 
21 
14 
0 
14 
12 
10 
0 
17 
18 
20 
30 
47 
48 
33 
10 
35 
4 
10 
17 
15 
29 
27 
1 
16 
33 
34 
36 
37 
31 
16 
42 
51 
20 
20 
5 
14 
14 
16 
16 
46 
76 
42 
63 
44 
0 
66 
84 
117 
101 
85 
53 
52 
28 
3 
27 
27 
33 
32 
31 
1 
26 
35 
20 
20 
21 
1 
17 
16 
30 
37 
3 
21 
15 
16 
10 
3 
21 
15 
16 
18 
4 
1 
16 
14 
3 
37 
31 
16 
33 
58 
51 
4 
20 
37 
30 
30 
15 
1 
29 
43 
33 
15 
28 
26 
31 
28 
32 
76 
16 
18 
53 
63 
97 
74 
75 
83 
84 
68 
36 
20 
4 
21 
21 
10 
10 
10 
10 
33 
33 
16 
15 
21 
28 
42 
47 
60 
33 
45 
17 
41 
37 
32 
19 
1 
25 
37 
32 
3 
17 
45 
17 
18 
14 
9 
21 
9 
1 
2 
15 
35 
30 
57 
52 
63 
49 
51 
37 
15 
25 
27 
17 
22 
27 
48 
13 
10 
0 
3 
0 
19 
30 
34 
5 
0 
3 
31 
50 
37 
16 
3 
21 
16 
3 
1 
25 
4 
1 
25 
20 
14 
16 
3 
1 
6 
11 
1 
25 
20 
31 
34 
52 
47 
33 
12 
10 
15 
29 
10 
9 
11 
0 
19 
15 
2 
10 
9 
5 
8 
4 
24 
36 
63 
97 
90 
42 
19 
5 
0 
9 
11 
16 
29 
26 
6 
11 
30 
49 
51 
53 
30 
15 
14 
28 
10 
16 
35 
21 
31 
33 
18 
4 
5 
0 
13 
27 
14 
16 
18 
11 
1 
32 
50 
20 
14 
1 
3 
21 
15 
17 
3 
5 
0 
9 
27 
16 
18 
21 
31 
34 
36 
30 
32 
33 
35 
20 
37 
14 
0 
14 
28 
10 
0 
18 
20 
30 
32 
33 
19 
5 
0 
13 
27 
32 
13 
21 
47 
48 
26 
35 
36 
46 
47 
32 
32 
17 
35 
20 
5 
33 
16 
0 
0 
1 
5 
3 
20 
37 
14 
0 
0 
1 
2 
4 
21 
14 
47 
33 
10 
28 
27 
17 
15 
21 
3 
37 
47 
32 
1 
18 
11 
17 
0 
49 
67 
52 
68 
44 
27 
11 
3 
20 
37 
17 
32 
47 
14 
12 
27 
49 
38 
59 
39 
11 
0 
74 
83 
84 
85 
69 
46 
30 
15 
0 
2 
4 
5 
14 
15 
16 
16 
1 
5 
12 
26 
1 
16 
10 
19 
37 
14 
15 
17 
10 
12 
11 
10 
16 
0 
2 
36 
46 
63 
80 
80 
95 
94 
108 
113 
109 
89 
91 
86 
56 
41 
43 
28 
6 
8 
39 
5 
3 
2 
24 
14 
19 
25 
14 
3 
8 
5 
2 
1 
12 
8 
11 
8 
4 
16 
19 
14 
41 
20 
1 
0 
28 
26 
31 
44 
48 
60 
40 
27 
7 
10 
25 
20 
16 
3 
37 
15 
18 
4 
16 
22 
58 
55 
75 
38 
26 
6 
10 
6 
27 
15 
3 
15 
18 
5 
16 
2 
21 
15 
33 
35 
36 
14 
15 
1 
34 
36 
21 
17 
17 
48 
31 
47 
14 
29 
43 
26 
16 
15 
37 
28 
21 
14 
31 
31 
31 
63 
30 
5 
26 
42 
42 
74 
97 
64 
14 
60 
58 
48 
14 
19 
10 
14 
0 
16 
64 
16 
32 
63 
95 
85 
3 
68 
101 
124 
90 
80 
93 
58 
32 
14 
12 
20 
21 
46 
63 
48 
32 
31 
31 
14 
3 
4 
53 
53 
53 
60 
43 
26 
5 
14 
14 
14 
30 
33 
33 
33 
33 
33 
33 
32 
15 
14 
5 
28 
27 
42 
49 
31 
14 
12 
10 
32 
29 
43 
48 
22 
27 
48 
29 
26 
15 
12 
5 
15 
13 
53 
63 
65 
35 
4 
17 
15 
13 
11 
33 
47 
60 
81 
93 
81 
61 
32 
12 
0 
3 
31 
18 
20 
15 
13 
5 
0 
3 
21 
0 
18 
27 
17 
1 
12 
5 
0 
1 
3 
26 
0 
14 
28 
20 
62 
78 
46 
5 
43 
90 
80 
77 
42 
15 
28 
49 
38 
43 
1 
16 
2 
4 
1 
15 
14 
18 
4 
5 
15 
32 
10 
12 
10 
17 
0 
1 
5 
3 
20 
21 
33 
48 
47 
30 
10 
19 
11 
27 
26 
26 
65 
16 
48 
65 
42 
3 
43 
59 
58 
48 
47 
21 
35 
68 
84 
52 
12 
20 
21 
14 
30 
53 
60 
75 
42 
17 
16 
15 
1 
26 
27 
4 
20 
4 
3 
11 
11 
10 
1 
15 
0 
0 
1 
1 
14 
14 
21 
37 
28 
27 
4 
4 
3 
27 
42 
33 
15 
31 
48 
32 
47 
79 
69 
44 
26 
16 
16 
32 
32 
1 
1 
14 
21 
21 
5 
11 
20 
20 
4 
43 
43 
4 
12 
11 
11 
12 
11 
10 
17 
16 
16 
33 
49 
33 
17 
33 
33 
17 
17 
16 
33 
33 
33 
30 
1 
48 
48 
16 
0 
32 
32 
16 
31 
30 
2 
36 
52 
28 
43 
43 
26 
26 
10 
5 
20 
28 
11 
36 
60 
59 
74 
49 
32 
15 
1 
17 
5 
26 
26 
26 
26 
10 
5 
5 
5 
5 
10 
5 
5 
10 
17 
1 
31 
47 
31 
46 
37 
28 
11 
11 
10 
10 
10 
10 
5 
21 
21 
4 
3 
4 
5 
21 
14 
15 
0 
0 
31 
32 
32 
16 
0 
17 
17 
5 
5 
4 
3 
11 
10 
17 
16 
0 
17 
26 
19 
20 
21 
30 
46 
15 
15 
32 
48 
32 
0 
0 
0 
14 
21 
3 
20 
20 
20 
20 
20 
12 
27 
27 
35 
4 
4 
4 
4 
11 
11 
11 
4 
5 
10 
33 
16 
0 
17 
3 
20 
14 
15 
32 
49 
49 
17 
10 
10 
27 
27 
27 
27 
11 
11 
11 
27 
19 
20 
21 
1 
17 
16 
0 
16 
32 
15 
31 
14 
1 
1 
1 
14 
1 
0 
16 
15 
14 
3 
11 
10 
16 
17 
34 
36 
53 
62 
62 
53 
53 
37 
5 
5 
10 
33 
48 
31 
1 
10 
27 
3 
4 
21 
17 
31 
31 
47 
62 
61 
91 
97 
54 
59 
48 
29 
10 
15 
28 
17 
17 
3 
1 
17 
19 
5 
0 
2 
10 
16 
9 
4 
1 
16 
14 
28 
10 
15 
33 
35 
11 
17 
31 
29 
43 
17 
1 
12 
42 
15 
28 
26 
0 
12 
26 
16 
14 
3 
5 
14 
16 
17 
10 
3 
4 
21 
17 
17 
16 
0 
17 
10 
11 
4 
12 
27 
27 
26 
49 
48 
30 
28 
10 
32 
31 
5 
3 
5 
1 
15 
17 
17 
10 
12 
4 
5 
5 
5 
10 
10 
10 
10 
33 
49 
32 
16 
0 
15 
15 
1 
10 
42 
49 
48 
30 
12 
4 
21 
17 
17 
1 
1 
1 
32 
48 
47 
30 
5 
3 
20 
20 
20 
10 
17 
17 
1 
1 
1 
0 
15 
17 
33 
33 
49 
33 
1 
1 
14 
17 
17 
1 
14 
1 
1 
32 
63 
69 
76 
26 
33 
16 
15 
0 
1 
17 
35 
20 
20 
10 
17 
33 
32 
0 
32 
48 
32 
0 
32 
48 
47 
15 
1 
1 
1 
14 
21 
21 
21 
37 
37 
5 
11 
11 
27 
4 
20 
28 
20 
11 
4 
5 
5 
10 
27 
4 
3 
20 
20 
20 
20 
4 
4 
4 
20 
4 
20 
12 
43 
42 
33 
16 
0 
0 
0 
15 
15 
14 
14 
1 
5 
26 
43 
42 
26 
33 
17 
0 
32 
32 
31 
0 
16 
16 
0 
16 
32 
15 
1 
5 
4 
4 
12 
4 
19 
11 
11 
10 
5 
14 
14 
15 
0 
0 
16 
16 
16 
16 
16 
16 
16 
1 
17 
42 
42 
10 
21 
36 
44 
10 
14 
31 
0 
32 
48 
33 
17 
1 
17 
49 
49 
48 
16 
16 
15 
0 
16 
16 
31 
15 
1 
5 
12 
11 
5 
14 
15 
16 
10 
35 
36 
37 
30 
14 
14 
1 
15 
15 
15 
32 
16 
31 
14 
5 
19 
4 
4 
5 
21 
14 
15 
0 
14 
13 
4 
14 
31 
32 
32 
17 
1 
18 
20 
5 
1 
0 
0 
17 
49 
65 
81 
33 
17 
1 
1 
37 
20 
19 
28 
27 
43 
42 
33 
0 
16 
16 
15 
31 
15 
31 
14 
21 
19 
36 
52 
36 
28 
59 
43 
42 
64 
47 
31 
17 
42 
58 
26 
26 
10 
5 
21 
4 
4 
5 
5 
5 
17 
0 
32 
16 
16 
33 
17 
1 
1 
10 
11 
27 
11 
11 
27 
43 
43 
58 
58 
65 
32 
15 
1 
26 
26 
42 
42 
33 
32 
31 
14 
2 
4 
21 
14 
31 
31 
16 
17 
26 
26 
27 
43 
35 
36 
28 
27 
11 
11 
11 
10 
5 
5 
4 
28 
43 
26 
16 
14 
12 
10 
15 
12 
17 
6 
11 
0 
34 
36 
31 
17 
3 
1 
1 
3 
16 
2 
21 
16 
19 
30 
33 
3 
1 
16 
3 
14 
48 
65 
42 
35 
20 
21 
30 
16 
18 
27 
33 
15 
28 
10 
15 
19 
53 
47 
32 
17 
28 
26 
16 
1 
19 
30 
16 
3 
5 
16 
18 
36 
31 
17 
12 
1 
0 
18 
21 
15 
33 
3 
1 
0 
12 
1 
16 
19 
21 
15 
33 
35 
37 
15 
16 
10 
3 
21 
14 
15 
18 
20 
21 
15 
17 
3 
42 
1 
16 
19 
4 
1 
1 
12 
10 
15 
13 
10 
0 
2 
21 
32 
82 
52 
37 
31 
32 
17 
3 
21 
14 
16 
2 
27 
49 
15 
18 
4 
0 
29 
10 
0 
3 
14 
16 
35 
53 
46 
48 
34 
27 
1 
0 
19 
20 
14 
16 
17 
19 
21 
14 
17 
3 
5 
0 
1 
12 
5 
0 
29 
4 
30 
47 
48 
65 
81 
80 
95 
94 
61 
59 
26 
16 
0 
10 
12 
4 
5 
14 
31 
15 
16 
16 
32 
32 
32 
16 
0 
0 
16 
17 
1 
10 
26 
27 
27 
35 
20 
4 
10 
5 
14 
31 
16 
1 
10 
42 
27 
19 
27 
11 
27 
10 
1 
15 
16 
49 
10 
28 
26 
17 
32 
49 
42 
51 
4 
20 
21 
1 
0 
17 
26 
19 
11 
42 
64 
38 
26 
16 
18 
37 
78 
47 
47 
16 
17 
34 
20 
37 
30 
30 
30 
21 
37 
21 
37 
37 
1 
17 
48 
47 
1 
5 
3 
11 
10 
17 
16 
1 
26 
51 
36 
37 
30 
16 
17 
10 
3 
4 
1 
32 
0 
17 
3 
4 
5 
30 
31 
32 
33 
10 
3 
4 
21 
1 
15 
16 
17 
10 
3 
4 
10 
1 
16 
1 
12 
26 
32 
29 
1 
25 
4 
0 
25 
20 
30 
17 
19 
21 
15 
33 
35 
20 
37 
15 
32 
33 
17 
10 
3 
4 
21 
14 
31 
31 
16 
17 
1 
5 
10 
11 
35 
4 
4 
4 
5 
5 
1 
1 
15 
32 
17 
10 
3 
4 
5 
17 
48 
31 
49 
19 
37 
30 
32 
33 
26 
35 
36 
21 
5 
1 
14 
14 
1 
0 
0 
0 
15 
15 
14 
21 
19 
37 
14 
14 
47 
32 
33 
17 
5 
26 
12 
11 
10 
1 
16 
32 
33 
33 
17 
17 
17 
10 
11 
3 
20 
37 
21 
1 
1 
16 
0 
0 
17 
10 
27 
35 
4 
4 
5 
14 
15 
15 
16 
1 
5 
35 
20 
4 
5 
1 
15 
16 
17 
5 
19 
4 
21 
1 
15 
32 
33 
33 
10 
10 
19 
20 
21 
21 
49 
0 
0 
1 
26 
19 
4 
21 
14 
0 
0 
17 
26 
27 
35 
20 
20 
21 
5 
10 
5 
1 
1 
16 
16 
0 
17 
42 
43 
19 
4 
5 
1 
0 
15 
14 
13 
20 
37 
30 
16 
17 
18 
20 
36 
60 
59 
81 
48 
30 
5 
4 
11 
42 
65 
48 
14 
42 
58 
49 
48 
47 
30 
21 
5 
11 
27 
27 
11 
5 
10 
10 
21 
21 
5 
5 
5 
21 
5 
5 
10 
10 
5 
1 
1 
1 
31 
15 
16 
16 
17 
33 
26 
26 
26 
10 
5 
10 
5 
5 
5 
10 
27 
35 
20 
4 
4 
5 
5 
5 
1 
1 
15 
15 
16 
1 
17 
33 
33 
33 
17 
17 
17 
17 
33 
16 
0 
16 
0 
16 
16 
16 
15 
15 
1 
17 
17 
49 
49 
32 
15 
33 
58 
67 
52 
36 
20 
36 
21 
5 
10 
17 
33 
32 
0 
33 
10 
11 
3 
20 
21 
37 
37 
21 
5 
4 
4 
4 
4 
11 
10 
10 
1 
14 
15 
31 
14 
14 
14 
1 
1 
1 
0 
0 
0 
1 
10 
35 
20 
21 
1 
0 
0 
14 
13 
27 
16 
14 
3 
21 
46 
78 
62 
46 
62 
30 
30 
46 
30 
1 
17 
1 
16 
16 
0 
16 
16 
0 
0 
17 
5 
5 
19 
20 
1 
0 
0 
10 
3 
5 
14 
15 
32 
32 
33 
10 
10 
27 
19 
4 
10 
16 
0 
5 
3 
4 
14 
15 
16 
1 
28 
10 
0 
32 
49 
26 
43 
43 
59 
59 
43 
42 
26 
10 
5 
20 
12 
11 
10 
17 
16 
1 
10 
3 
5 
1 
15 
16 
10 
19 
4 
10 
14 
15 
16 
10 
3 
4 
1 
0 
17 
10 
35 
36 
21 
1 
15 
16 
16 
5 
3 
11 
1 
15 
17 
26 
10 
35 
20 
4 
5 
15 
16 
17 
18 
11 
5 
15 
16 
10 
3 
20 
14 
15 
16 
17 
10 
3 
11 
17 
16 
14 
12 
5 
15 
17 
34 
52 
53 
53 
53 
53 
53 
21 
5 
10 
26 
26 
33 
0 
15 
1 
10 
19 
20 
5 
21 
30 
47 
47 
47 
46 
44 
59 
26 
1 
0 
16 
15 
32 
32 
31 
0 
0 
1 
1 
10 
10 
10 
4 
12 
11 
5 
1 
0 
30 
28 
20 
46 
47 
48 
48 
65 
49 
33 
17 
10 
10 
5 
4 
19 
4 
20 
20 
5 
5 
26 
17 
0 
16 
17 
26 
42 
27 
27 
11 
10 
10 
19 
11 
11 
5 
53 
37 
20 
20 
4 
20 
4 
4 
11 
10 
5 
10 
1 
17 
0 
15 
16 
17 
1 
10 
26 
26 
11 
11 
