21 
16 
14 
2 
4 
1 
0 
5 
3 
5 
0 
48 
80 
63 
46 
60 
26 
14 
0 
16 
33 
81 
128 
127 
93 
91 
49 
0 
32 
33 
33 
17 
17 
58 
65 
31 
14 
10 
59 
43 
4 
44 
27 
33 
47 
28 
1 
1 
51 
68 
68 
140 
123 
129 
127 
124 
97 
45 
21 
111 
144 
95 
62 
37 
4 
11 
27 
65 
63 
77 
75 
80 
46 
28 
37 
62 
63 
47 
31 
31 
30 
21 
44 
27 
10 
1 
15 
32 
33 
10 
3 
4 
1 
0 
17 
2 
4 
14 
16 
18 
27 
33 
9 
4 
47 
80 
81 
80 
48 
31 
30 
53 
53 
52 
20 
43 
74 
81 
80 
111 
108 
48 
3 
14 
33 
51 
117 
141 
219 
224 
204 
119 
90 
45 
15 
50 
62 
112 
193 
176 
134 
107 
49 
15 
33 
58 
90 
106 
112 
111 
77 
59 
26 
17 
0 
32 
48 
63 
47 
30 
29 
59 
49 
0 
18 
20 
53 
30 
32 
54 
74 
6 
5 
41 
52 
46 
48 
58 
106 
90 
90 
81 
64 
31 
1 
26 
26 
5 
5 
26 
49 
31 
29 
43 
33 
0 
1 
18 
4 
14 
16 
17 
19 
26 
48 
76 
87 
121 
121 
136 
151 
116 
105 
62 
34 
1 
28 
40 
74 
108 
134 
150 
149 
178 
206 
209 
203 
203 
155 
106 
64 
31 
33 
97 
112 
77 
75 
80 
45 
42 
31 
28 
32 
45 
33 
60 
39 
26 
12 
6 
7 
5 
34 
56 
53 
73 
62 
82 
69 
64 
50 
85 
62 
32 
17 
28 
10 
14 
32 
10 
12 
5 
15 
6 
59 
48 
45 
17 
2 
14 
18 
37 
64 
35 
37 
31 
17 
12 
21 
32 
49 
51 
52 
68 
53 
69 
53 
20 
42 
81 
111 
76 
33 
0 
18 
4 
33 
22 
27 
9 
37 
81 
83 
69 
46 
30 
47 
63 
63 
47 
15 
0 
0 
0 
0 
0 
30 
61 
58 
79 
60 
17 
9 
11 
15 
34 
20 
15 
13 
17 
29 
21 
57 
52 
95 
97 
74 
59 
35 
20 
21 
30 
14 
17 
32 
62 
108 
112 
108 
102 
56 
5 
35 
62 
113 
139 
171 
187 
177 
111 
1 
10 
17 
14 
46 
76 
49 
30 
12 
17 
1 
28 
10 
31 
96 
111 
94 
61 
43 
10 
33 
16 
14 
18 
11 
65 
61 
33 
3 
24 
20 
63 
97 
106 
123 
138 
145 
111 
93 
75 
49 
15 
49 
90 
160 
205 
209 
140 
54 
21 
64 
113 
177 
207 
189 
186 
134 
91 
15 
82 
156 
171 
128 
108 
64 
2 
52 
52 
76 
91 
97 
95 
140 
138 
95 
12 
14 
49 
51 
36 
53 
53 
69 
93 
123 
97 
46 
12 
21 
31 
49 
34 
4 
0 
33 
35 
53 
63 
32 
1 
60 
10 
31 
50 
68 
21 
14 
32 
33 
42 
81 
128 
94 
76 
49 
14 
3 
5 
14 
15 
32 
32 
32 
32 
32 
32 
32 
0 
0 
14 
12 
27 
33 
14 
3 
37 
62 
47 
48 
64 
48 
64 
79 
78 
45 
43 
26 
0 
16 
33 
49 
33 
49 
64 
46 
13 
27 
17 
31 
13 
11 
0 
18 
37 
47 
48 
42 
51 
20 
21 
30 
47 
48 
80 
96 
95 
62 
44 
11 
1 
15 
31 
63 
63 
79 
101 
92 
49 
15 
12 
30 
63 
81 
49 
10 
19 
37 
47 
49 
58 
74 
58 
49 
32 
31 
14 
5 
4 
4 
27 
43 
10 
5 
26 
42 
33 
0 
16 
0 
33 
42 
43 
19 
20 
53 
21 
21 
12 
27 
26 
17 
17 
5 
12 
10 
5 
21 
37 
5 
4 
4 
20 
5 
26 
65 
48 
31 
17 
42 
75 
75 
58 
42 
42 
33 
17 
17 
5 
29 
59 
81 
32 
14 
10 
26 
3 
4 
17 
0 
19 
37 
63 
64 
49 
17 
5 
10 
35 
4 
27 
26 
33 
0 
31 
64 
80 
80 
79 
78 
76 
42 
1 
0 
1 
10 
43 
43 
27 
58 
74 
65 
15 
10 
3 
20 
53 
69 
60 
59 
42 
26 
33 
17 
14 
53 
92 
97 
30 
3 
37 
79 
95 
78 
62 
36 
12 
19 
52 
20 
4 
19 
20 
21 
1 
15 
13 
59 
81 
95 
61 
27 
1 
32 
33 
26 
58 
97 
111 
94 
60 
10 
15 
49 
42 
35 
52 
85 
124 
122 
112 
93 
90 
64 
13 
11 
15 
80 
90 
90 
58 
42 
65 
49 
31 
14 
12 
21 
15 
16 
2 
11 
1 
17 
19 
36 
53 
62 
31 
15 
0 
1 
26 
35 
20 
21 
15 
32 
96 
96 
79 
61 
58 
64 
29 
4 
30 
47 
32 
48 
48 
32 
0 
16 
32 
15 
14 
1 
2 
11 
10 
1 
31 
48 
49 
34 
20 
5 
33 
47 
61 
42 
16 
58 
91 
107 
97 
96 
86 
107 
81 
47 
29 
11 
46 
94 
142 
141 
138 
102 
90 
61 
1 
65 
90 
138 
177 
175 
125 
27 
28 
10 
15 
48 
48 
30 
2 
20 
5 
32 
30 
2 
11 
10 
1 
15 
32 
32 
16 
0 
15 
46 
37 
44 
42 
0 
17 
19 
20 
30 
32 
49 
42 
58 
42 
42 
10 
2 
27 
26 
32 
45 
58 
71 
122 
108 
54 
8 
46 
66 
85 
95 
144 
144 
144 
95 
30 
30 
0 
15 
46 
44 
26 
31 
29 
42 
47 
28 
16 
13 
33 
45 
10 
9 
21 
25 
11 
7 
5 
50 
62 
66 
85 
64 
34 
4 
0 
33 
51 
69 
31 
0 
18 
20 
14 
16 
10 
19 
5 
33 
31 
13 
4 
17 
54 
58 
76 
7 
21 
64 
67 
53 
31 
64 
66 
84 
78 
79 
64 
0 
61 
75 
32 
45 
42 
31 
44 
49 
13 
21 
80 
130 
132 
117 
69 
14 
16 
0 
17 
10 
12 
26 
17 
15 
21 
28 
10 
31 
33 
3 
10 
47 
60 
49 
38 
58 
6 
53 
73 
52 
31 
57 
36 
47 
66 
69 
31 
16 
26 
19 
37 
46 
48 
33 
12 
58 
112 
92 
64 
44 
8 
11 
8 
4 
41 
52 
79 
97 
99 
84 
69 
62 
31 
16 
17 
26 
42 
43 
27 
3 
27 
42 
33 
15 
5 
28 
26 
47 
61 
65 
61 
65 
44 
86 
24 
5 
18 
55 
84 
80 
51 
31 
34 
46 
89 
68 
47 
34 
21 
0 
3 
1 
15 
12 
1 
16 
26 
83 
68 
53 
15 
30 
92 
80 
60 
7 
11 
15 
41 
52 
46 
65 
98 
84 
53 
37 
14 
1 
0 
0 
30 
60 
58 
38 
42 
22 
26 
6 
4 
0 
3 
31 
82 
84 
47 
65 
51 
68 
69 
46 
47 
16 
14 
29 
11 
17 
15 
28 
10 
0 
2 
43 
48 
2 
52 
63 
49 
3 
37 
31 
17 
28 
26 
31 
28 
16 
29 
1 
18 
53 
81 
99 
85 
85 
85 
60 
43 
20 
3 
4 
5 
5 
17 
16 
48 
63 
77 
59 
32 
13 
21 
48 
50 
52 
69 
79 
79 
80 
32 
15 
30 
29 
11 
1 
32 
49 
26 
42 
42 
42 
26 
33 
48 
16 
0 
47 
94 
77 
75 
48 
29 
10 
8 
4 
31 
73 
68 
94 
95 
95 
63 
15 
1 
17 
48 
79 
140 
151 
136 
105 
41 
20 
113 
163 
204 
218 
208 
220 
193 
141 
74 
38 
4 
47 
81 
115 
116 
92 
91 
90 
113 
111 
93 
90 
38 
11 
40 
52 
47 
82 
84 
85 
110 
111 
95 
64 
16 
1 
5 
44 
58 
81 
63 
28 
10 
0 
10 
19 
37 
46 
48 
65 
58 
51 
20 
21 
1 
15 
31 
31 
14 
21 
44 
59 
43 
5 
29 
75 
65 
46 
44 
10 
16 
14 
5 
19 
20 
37 
31 
16 
17 
50 
52 
53 
46 
15 
0 
2 
11 
26 
32 
31 
28 
10 
31 
49 
10 
19 
5 
32 
45 
58 
29 
30 
57 
68 
85 
78 
110 
109 
91 
58 
33 
17 
0 
15 
48 
32 
16 
0 
0 
31 
46 
44 
42 
48 
22 
4 
30 
48 
65 
42 
58 
59 
59 
51 
20 
10 
33 
31 
29 
27 
17 
15 
16 
33 
33 
5 
28 
10 
0 
14 
35 
53 
46 
15 
15 
47 
47 
47 
63 
80 
48 
32 
16 
0 
0 
17 
49 
65 
64 
62 
13 
4 
21 
30 
15 
32 
33 
2 
75 
80 
44 
17 
18 
53 
63 
96 
80 
80 
80 
48 
48 
32 
16 
1 
30 
37 
28 
10 
0 
0 
33 
10 
3 
4 
21 
5 
10 
26 
26 
1 
47 
80 
81 
81 
64 
48 
32 
16 
31 
31 
47 
46 
37 
44 
43 
33 
31 
44 
33 
45 
49 
28 
8 
36 
64 
83 
116 
117 
124 
139 
97 
47 
14 
21 
12 
27 
10 
17 
0 
14 
13 
27 
32 
22 
27 
16 
13 
10 
0 
28 
17 
9 
4 
14 
17 
3 
5 
62 
63 
48 
48 
32 
48 
16 
15 
31 
31 
46 
29 
59 
58 
64 
54 
59 
64 
45 
75 
63 
60 
33 
22 
5 
0 
2 
37 
63 
64 
65 
58 
58 
74 
49 
49 
0 
15 
47 
31 
31 
0 
16 
14 
10 
43 
43 
43 
58 
42 
64 
63 
46 
28 
43 
26 
16 
0 
5 
3 
5 
0 
16 
33 
26 
26 
10 
42 
26 
10 
1 
1 
1 
0 
15 
32 
33 
33 
33 
26 
10 
10 
19 
11 
10 
1 
16 
48 
80 
95 
78 
60 
49 
47 
60 
42 
15 
12 
5 
0 
10 
19 
37 
46 
63 
96 
111 
94 
76 
42 
15 
19 
37 
63 
79 
80 
33 
2 
11 
0 
34 
52 
53 
53 
45 
43 
58 
80 
109 
123 
48 
33 
42 
74 
43 
11 
4 
3 
4 
37 
37 
30 
14 
0 
48 
32 
0 
15 
15 
14 
21 
28 
5 
0 
17 
19 
4 
5 
30 
46 
46 
63 
63 
63 
62 
30 
21 
5 
4 
11 
43 
43 
11 
5 
20 
4 
11 
26 
17 
0 
0 
37 
44 
42 
16 
17 
67 
84 
92 
91 
74 
64 
31 
37 
60 
11 
21 
36 
52 
20 
20 
4 
20 
4 
27 
27 
11 
28 
27 
42 
32 
14 
18 
36 
21 
16 
22 
27 
0 
51 
117 
149 
140 
90 
63 
60 
42 
32 
14 
3 
20 
68 
68 
52 
36 
20 
36 
44 
11 
17 
0 
15 
15 
47 
63 
79 
63 
30 
1 
16 
16 
16 
15 
1 
10 
19 
11 
5 
37 
30 
0 
15 
30 
28 
43 
64 
54 
75 
39 
11 
40 
100 
110 
144 
128 
111 
78 
37 
28 
59 
26 
33 
16 
30 
60 
26 
15 
13 
26 
15 
65 
58 
35 
20 
5 
10 
17 
1 
30 
1 
1 
30 
21 
21 
12 
42 
48 
30 
44 
49 
29 
17 
25 
20 
47 
97 
138 
145 
176 
150 
138 
71 
43 
23 
11 
15 
49 
35 
37 
30 
63 
80 
96 
79 
46 
37 
18 
11 
10 
17 
16 
42 
35 
37 
53 
78 
78 
85 
76 
75 
65 
62 
44 
33 
6 
4 
30 
32 
42 
51 
36 
20 
21 
5 
1 
0 
0 
32 
79 
77 
59 
17 
15 
17 
5 
28 
27 
10 
16 
15 
17 
35 
4 
49 
32 
14 
10 
3 
20 
5 
14 
14 
0 
16 
16 
0 
0 
0 
47 
47 
46 
30 
37 
28 
26 
0 
32 
49 
49 
32 
15 
1 
5 
10 
27 
11 
27 
35 
52 
52 
44 
43 
26 
5 
14 
47 
31 
0 
17 
10 
19 
20 
52 
76 
75 
26 
46 
78 
76 
58 
15 
26 
59 
58 
49 
16 
32 
79 
126 
140 
90 
31 
34 
20 
1 
1 
19 
21 
1 
32 
81 
97 
33 
15 
32 
16 
14 
28 
26 
16 
16 
17 
10 
35 
36 
36 
37 
21 
14 
31 
32 
1 
37 
44 
5 
30 
15 
48 
48 
48 
33 
33 
33 
65 
48 
47 
31 
1 
14 
1 
33 
49 
81 
80 
63 
37 
28 
4 
30 
47 
48 
65 
42 
42 
67 
68 
52 
20 
5 
10 
26 
65 
81 
33 
31 
64 
64 
64 
49 
49 
33 
1 
14 
1 
14 
37 
53 
19 
20 
21 
30 
15 
0 
1 
2 
11 
10 
1 
16 
1 
12 
4 
1 
15 
33 
34 
20 
14 
16 
18 
4 
17 
15 
2 
4 
37 
47 
64 
64 
64 
48 
32 
16 
0 
31 
62 
45 
43 
17 
47 
95 
79 
94 
125 
123 
96 
76 
33 
18 
68 
85 
117 
124 
74 
16 
14 
13 
43 
10 
15 
32 
42 
58 
35 
20 
37 
30 
30 
31 
31 
31 
0 
15 
15 
1 
33 
42 
42 
65 
48 
0 
32 
48 
47 
46 
28 
43 
17 
0 
10 
51 
52 
68 
69 
53 
53 
37 
37 
5 
43 
58 
58 
48 
14 
3 
17 
16 
17 
35 
20 
5 
0 
32 
58 
51 
36 
21 
14 
31 
31 
47 
31 
0 
48 
63 
45 
43 
16 
49 
75 
91 
75 
42 
49 
79 
94 
108 
106 
103 
75 
32 
3 
46 
49 
90 
123 
122 
128 
110 
92 
65 
15 
26 
67 
85 
78 
62 
63 
80 
80 
48 
32 
0 
0 
16 
31 
63 
77 
75 
48 
44 
15 
41 
84 
101 
117 
92 
75 
90 
81 
63 
30 
19 
20 
20 
37 
69 
76 
75 
65 
46 
12 
4 
30 
31 
32 
17 
26 
67 
36 
21 
14 
30 
47 
0 
54 
75 
71 
43 
0 
35 
53 
53 
85 
108 
123 
129 
112 
94 
76 
10 
31 
49 
58 
58 
43 
43 
59 
59 
42 
48 
15 
5 
19 
53 
53 
46 
1 
14 
14 
15 
15 
46 
28 
17 
16 
5 
3 
20 
37 
31 
32 
26 
19 
21 
15 
33 
58 
74 
74 
42 
10 
1 
1 
17 
5 
21 
20 
28 
27 
26 
17 
0 
16 
1 
12 
26 
31 
28 
1 
25 
4 
0 
34 
53 
64 
49 
51 
36 
37 
53 
69 
85 
69 
36 
28 
43 
11 
10 
17 
32 
15 
1 
28 
42 
48 
45 
74 
70 
97 
92 
70 
23 
9 
4 
2 
15 
3 
24 
20 
40 
20 
8 
43 
39 
58 
45 
8 
21 
18 
30 
34 
37 
32 
19 
14 
32 
2 
26 
32 
6 
4 
1 
0 
2 
5 
0 
1 
60 
58 
47 
2 
4 
14 
15 
16 
33 
2 
11 
26 
32 
15 
2 
27 
17 
0 
16 
64 
31 
1 
10 
49 
32 
47 
37 
60 
74 
80 
77 
75 
48 
13 
5 
24 
4 
15 
73 
84 
21 
32 
47 
29 
11 
17 
16 
49 
58 
58 
26 
5 
20 
12 
11 
11 
42 
58 
65 
49 
48 
16 
0 
0 
17 
17 
33 
26 
26 
10 
28 
59 
65 
80 
46 
44 
10 
1 
0 
0 
1 
1 
10 
11 
35 
36 
12 
27 
11 
5 
53 
53 
5 
26 
49 
32 
0 
42 
74 
74 
81 
79 
29 
11 
5 
33 
17 
1 
14 
14 
30 
1 
17 
32 
63 
61 
75 
49 
0 
3 
5 
0 
0 
1 
10 
10 
27 
51 
60 
59 
42 
17 
0 
17 
26 
42 
42 
26 
26 
42 
58 
58 
42 
21 
69 
76 
58 
16 
33 
51 
52 
53 
53 
60 
75 
65 
62 
76 
42 
33 
0 
1 
2 
20 
52 
53 
52 
92 
123 
97 
30 
12 
37 
78 
94 
94 
108 
107 
97 
63 
45 
59 
33 
0 
65 
42 
35 
36 
52 
60 
43 
42 
49 
32 
15 
33 
26 
35 
20 
14 
0 
2 
11 
33 
0 
18 
20 
37 
15 
17 
51 
68 
69 
62 
21 
5 
21 
37 
37 
36 
44 
43 
26 
33 
32 
15 
17 
58 
65 
32 
15 
16 
32 
16 
15 
16 
1 
14 
46 
69 
60 
91 
65 
0 
65 
81 
112 
109 
74 
32 
33 
83 
68 
60 
75 
91 
74 
81 
49 
16 
17 
10 
27 
27 
43 
43 
42 
48 
47 
61 
59 
48 
28 
1 
50 
52 
46 
80 
96 
112 
111 
125 
139 
112 
30 
19 
53 
69 
69 
36 
20 
4 
4 
11 
10 
26 
65 
17 
0 
0 
16 
0 
14 
30 
21 
21 
3 
4 
5 
17 
17 
0 
48 
48 
33 
26 
35 
20 
21 
21 
37 
53 
53 
53 
52 
44 
27 
5 
30 
78 
93 
91 
64 
13 
11 
5 
31 
16 
33 
42 
91 
99 
92 
107 
74 
65 
31 
1 
5 
19 
36 
36 
44 
43 
43 
27 
10 
10 
17 
32 
1 
3 
37 
30 
46 
14 
0 
0 
17 
49 
74 
59 
59 
27 
11 
28 
26 
49 
46 
28 
1 
0 
33 
26 
26 
42 
42 
42 
42 
19 
20 
5 
17 
16 
0 
15 
30 
44 
10 
0 
33 
19 
37 
30 
48 
64 
65 
80 
96 
94 
108 
97 
70 
90 
93 
88 
90 
76 
45 
38 
39 
23 
7 
24 
40 
56 
55 
39 
24 
40 
24 
8 
8 
24 
23 
22 
22 
2 
2 
13 
29 
29 
9 
41 
88 
54 
36 
18 
56 
68 
64 
51 
30 
25 
27 
23 
59 
55 
59 
55 
59 
77 
40 
25 
11 
44 
38 
8 
26 
3 
40 
52 
56 
52 
72 
4 
23 
58 
93 
56 
74 
44 
22 
23 
52 
89 
69 
48 
13 
26 
38 
42 
38 
42 
29 
16 
3 
47 
50 
69 
48 
2 
26 
55 
75 
64 
76 
33 
2 
21 
32 
66 
52 
14 
48 
34 
11 
58 
63 
60 
49 
30 
28 
33 
31 
76 
81 
61 
33 
28 
6 
17 
12 
8 
52 
64 
67 
85 
78 
79 
31 
15 
47 
37 
44 
10 
16 
15 
5 
11 
19 
11 
27 
26 
32 
78 
92 
81 
70 
42 
22 
4 
79 
144 
111 
63 
14 
17 
32 
47 
45 
59 
80 
102 
106 
103 
75 
8 
36 
63 
57 
20 
14 
48 
81 
74 
42 
19 
27 
26 
33 
63 
61 
59 
64 
62 
60 
33 
16 
58 
59 
75 
59 
59 
26 
5 
37 
53 
44 
59 
58 
32 
17 
42 
42 
10 
21 
37 
60 
42 
33 
15 
30 
28 
27 
49 
47 
2 
36 
69 
30 
0 
16 
31 
30 
28 
10 
17 
15 
14 
12 
11 
5 
30 
14 
15 
46 
76 
74 
47 
45 
11 
14 
48 
65 
42 
42 
42 
33 
16 
31 
30 
29 
11 
5 
30 
62 
79 
79 
63 
78 
46 
14 
14 
14 
14 
29 
43 
33 
38 
59 
49 
30 
28 
26 
0 
32 
33 
42 
43 
35 
36 
21 
21 
46 
53 
76 
58 
32 
13 
11 
15 
28 
0 
35 
110 
160 
160 
143 
156 
129 
102 
74 
1 
51 
84 
84 
108 
91 
90 
42 
5 
44 
75 
97 
96 
86 
75 
48 
6 
4 
1 
16 
42 
67 
52 
52 
60 
59 
42 
16 
14 
44 
26 
16 
34 
20 
52 
85 
69 
84 
60 
43 
11 
28 
27 
10 
17 
16 
0 
32 
48 
63 
77 
91 
96 
77 
74 
47 
12 
30 
64 
58 
58 
59 
67 
52 
60 
43 
27 
5 
14 
16 
30 
44 
1 
17 
19 
21 
15 
17 
50 
68 
101 
69 
53 
53 
60 
59 
49 
30 
12 
5 
1 
0 
16 
32 
32 
32 
15 
15 
30 
44 
27 
33 
0 
33 
26 
10 
11 
67 
52 
52 
52 
60 
91 
90 
48 
15 
2 
11 
1 
0 
49 
74 
59 
27 
11 
4 
20 
36 
4 
27 
43 
10 
1 
30 
30 
14 
1 
1 
0 
0 
14 
2 
4 
21 
30 
31 
47 
46 
46 
62 
78 
53 
44 
10 
1 
47 
79 
78 
61 
27 
1 
16 
17 
10 
26 
43 
43 
75 
75 
59 
26 
10 
33 
33 
32 
0 
16 
15 
15 
14 
37 
37 
44 
43 
17 
0 
42 
59 
51 
52 
68 
60 
75 
91 
90 
65 
15 
10 
83 
76 
91 
75 
33 
16 
31 
21 
28 
20 
37 
46 
47 
32 
33 
67 
68 
60 
75 
74 
64 
30 
13 
11 
5 
0 
16 
33 
26 
26 
33 
33 
17 
33 
49 
47 
29 
10 
30 
96 
96 
95 
62 
76 
58 
64 
62 
60 
5 
15 
33 
42 
51 
52 
53 
21 
5 
26 
26 
5 
11 
35 
4 
43 
65 
63 
29 
11 
15 
17 
18 
5 
31 
49 
83 
84 
68 
36 
20 
5 
5 
30 
62 
46 
61 
59 
49 
15 
2 
11 
17 
0 
17 
58 
42 
19 
4 
4 
3 
11 
4 
5 
1 
17 
15 
0 
15 
0 
0 
16 
17 
17 
10 
35 
36 
21 
5 
17 
16 
0 
1 
26 
42 
42 
27 
11 
12 
11 
5 
30 
47 
63 
47 
31 
15 
14 
21 
44 
42 
33 
32 
64 
63 
62 
60 
26 
33 
15 
1 
42 
83 
92 
107 
90 
97 
63 
13 
4 
1 
16 
31 
1 
10 
11 
19 
20 
20 
37 
53 
60 
75 
97 
70 
43 
0 
25 
52 
79 
113 
122 
106 
97 
64 
31 
46 
53 
44 
27 
21 
21 
62 
69 
60 
75 
81 
16 
17 
42 
19 
36 
53 
46 
30 
0 
16 
17 
13 
59 
65 
15 
19 
53 
47 
48 
48 
32 
33 
33 
17 
10 
3 
5 
33 
32 
15 
10 
43 
75 
91 
91 
58 
17 
16 
15 
14 
53 
28 
43 
33 
16 
1 
10 
19 
36 
53 
69 
60 
43 
26 
0 
32 
42 
51 
20 
36 
21 
5 
1 
14 
30 
46 
46 
15 
0 
0 
0 
14 
14 
21 
28 
11 
33 
32 
13 
11 
30 
64 
74 
90 
90 
97 
95 
70 
59 
49 
47 
21 
19 
52 
69 
69 
69 
37 
28 
11 
5 
14 
14 
15 
32 
16 
33 
10 
3 
27 
58 
64 
61 
42 
16 
13 
37 
64 
67 
101 
94 
94 
63 
63 
63 
62 
37 
5 
12 
20 
53 
76 
90 
80 
45 
4 
30 
47 
48 
48 
65 
65 
49 
65 
33 
17 
0 
15 
15 
0 
15 
14 
14 
21 
20 
12 
4 
4 
4 
5 
14 
31 
32 
48 
64 
63 
47 
14 
10 
27 
4 
20 
4 
12 
11 
4 
5 
21 
1 
1 
49 
17 
17 
10 
10 
10 
26 
42 
5 
5 
17 
33 
32 
30 
61 
75 
81 
62 
60 
64 
61 
33 
9 
21 
16 
19 
14 
48 
51 
53 
30 
16 
33 
26 
5 
5 
5 
4 
20 
20 
60 
43 
58 
80 
77 
74 
54 
58 
38 
74 
77 
48 
28 
8 
5 
18 
47 
67 
63 
41 
11 
32 
44 
55 
26 
45 
8 
11 
0 
12 
1 
33 
51 
53 
15 
17 
2 
11 
21 
15 
14 
28 
26 
32 
46 
44 
49 
31 
12 
5 
16 
18 
36 
37 
15 
16 
1 
12 
27 
49 
31 
28 
26 
16 
14 
12 
5 
0 
1 
12 
11 
1 
15 
15 
0 
14 
5 
5 
3 
4 
5 
17 
15 
31 
0 
32 
48 
63 
30 
76 
58 
48 
30 
28 
17 
0 
18 
11 
33 
0 
10 
3 
37 
30 
46 
62 
53 
44 
11 
5 
37 
5 
10 
1 
47 
63 
79 
79 
62 
76 
58 
32 
45 
42 
31 
18 
20 
30 
15 
15 
29 
11 
46 
62 
78 
94 
76 
42 
1 
63 
80 
47 
46 
61 
75 
65 
79 
45 
43 
17 
16 
0 
32 
33 
33 
33 
65 
80 
64 
31 
17 
49 
74 
74 
97 
80 
63 
29 
27 
49 
15 
1 
26 
59 
75 
74 
81 
47 
28 
10 
0 
0 
21 
12 
20 
85 
126 
117 
124 
106 
96 
63 
45 
11 
17 
16 
49 
90 
138 
176 
125 
65 
13 
21 
63 
79 
79 
78 
108 
122 
112 
94 
92 
42 
16 
1 
12 
5 
15 
16 
26 
67 
84 
100 
84 
60 
27 
10 
1 
31 
31 
32 
33 
17 
10 
19 
37 
14 
15 
16 
17 
10 
11 
35 
52 
36 
4 
10 
5 
5 
14 
30 
15 
16 
0 
14 
21 
4 
11 
27 
59 
42 
42 
17 
33 
10 
10 
10 
27 
26 
10 
21 
101 
172 
144 
76 
8 
69 
96 
129 
106 
113 
96 
47 
30 
46 
46 
37 
12 
11 
1 
15 
21 
28 
58 
65 
31 
1 
19 
21 
30 
15 
16 
16 
16 
64 
80 
110 
108 
97 
109 
104 
105 
82 
5 
83 
152 
196 
229 
253 
251 
199 
139 
109 
104 
122 
92 
7 
69 
112 
131 
165 
181 
165 
140 
74 
47 
13 
10 
0 
3 
33 
6 
20 
31 
65 
67 
68 
92 
139 
155 
106 
33 
62 
205 
200 
155 
77 
0 
35 
100 
101 
85 
140 
235 
272 
253 
121 
43 
24 
52 
95 
65 
42 
67 
100 
133 
117 
117 
60 
43 
42 
31 
12 
1 
9 
20 
24 
52 
78 
65 
35 
5 
15 
48 
81 
97 
113 
112 
126 
92 
10 
16 
18 
11 
5 
30 
79 
111 
127 
45 
10 
16 
42 
75 
107 
139 
145 
71 
75 
23 
4 
7 
74 
93 
32 
12 
47 
65 
35 
20 
30 
63 
49 
12 
58 
86 
74 
41 
52 
21 
5 
17 
63 
108 
113 
92 
55 
74 
54 
17 
2 
1 
2 
14 
34 
21 
48 
51 
85 
63 
81 
90 
123 
90 
55 
43 
15 
35 
100 
101 
92 
106 
159 
204 
208 
156 
71 
26 
57 
85 
95 
74 
83 
149 
188 
186 
150 
113 
49 
139 
187 
208 
236 
263 
232 
153 
73 
10 
67 
79 
81 
74 
67 
36 
14 
16 
50 
68 
79 
49 
34 
4 
5 
32 
30 
12 
20 
37 
20 
3 
43 
42 
32 
17 
19 
52 
14 
0 
9 
4 
14 
31 
48 
65 
80 
96 
94 
92 
58 
48 
2 
36 
53 
46 
14 
15 
48 
48 
16 
0 
16 
32 
64 
47 
0 
33 
32 
0 
48 
47 
63 
61 
59 
65 
63 
60 
26 
16 
1 
12 
21 
95 
81 
26 
44 
59 
42 
17 
16 
16 
33 
42 
42 
26 
42 
33 
16 
31 
46 
28 
5 
0 
1 
29 
37 
73 
68 
78 
110 
101 
92 
42 
32 
1 
17 
0 
32 
0 
0 
0 
0 
17 
35 
11 
26 
33 
49 
49 
48 
48 
16 
80 
94 
76 
90 
128 
77 
43 
1 
64 
144 
160 
128 
111 
94 
69 
20 
3 
11 
27 
11 
21 
21 
17 
16 
0 
1 
1 
10 
33 
17 
33 
49 
33 
0 
16 
17 
21 
28 
42 
39 
11 
15 
65 
106 
106 
106 
97 
95 
78 
44 
42 
33 
16 
65 
81 
58 
74 
74 
65 
32 
1 
3 
42 
71 
42 
9 
84 
165 
204 
193 
173 
104 
107 
71 
59 
15 
35 
78 
112 
97 
74 
75 
59 
90 
128 
173 
113 
60 
23 
27 
48 
83 
142 
175 
191 
174 
140 
81 
32 
15 
46 
60 
91 
81 
63 
31 
32 
94 
172 
209 
189 
113 
28 
46 
80 
90 
74 
74 
81 
65 
16 
0 
15 
31 
47 
47 
30 
37 
12 
11 
1 
0 
0 
15 
47 
47 
32 
32 
16 
64 
63 
46 
12 
11 
21 
53 
53 
53 
37 
4 
4 
37 
30 
0 
0 
31 
62 
30 
19 
4 
10 
16 
14 
44 
43 
16 
49 
115 
132 
140 
123 
122 
80 
45 
10 
31 
32 
0 
48 
47 
30 
62 
93 
107 
81 
71 
123 
86 
33 
51 
174 
230 
283 
246 
184 
138 
109 
96 
60 
32 
2 
62 
81 
67 
101 
127 
112 
96 
80 
79 
78 
53 
12 
21 
15 
0 
45 
26 
16 
25 
4 
31 
67 
62 
79 
128 
159 
54 
27 
49 
31 
30 
21 
3 
12 
59 
91 
58 
49 
0 
32 
17 
33 
33 
17 
1 
14 
1 
17 
17 
14 
29 
43 
17 
16 
18 
36 
69 
62 
30 
30 
62 
46 
37 
60 
43 
5 
30 
30 
14 
46 
61 
59 
17 
0 
17 
26 
58 
74 
81 
79 
78 
109 
91 
80 
45 
10 
31 
49 
10 
27 
91 
107 
91 
65 
64 
31 
14 
29 
58 
31 
12 
46 
96 
128 
128 
110 
76 
91 
74 
65 
48 
30 
2 
20 
1 
15 
33 
65 
65 
65 
63 
46 
61 
27 
5 
14 
31 
64 
49 
49 
42 
74 
74 
90 
58 
14 
62 
94 
124 
106 
54 
27 
47 
97 
113 
65 
96 
144 
190 
172 
129 
70 
4 
127 
129 
19 
4 
14 
31 
49 
26 
5 
11 
43 
36 
60 
11 
52 
68 
60 
27 
37 
30 
16 
31 
34 
4 
1 
16 
26 
51 
20 
4 
20 
36 
20 
37 
68 
68 
36 
36 
4 
3 
4 
4 
36 
36 
36 
52 
60 
11 
5 
14 
15 
32 
33 
26 
35 
52 
84 
36 
4 
5 
17 
16 
1 
17 
17 
0 
15 
53 
92 
106 
111 
77 
43 
33 
64 
81 
81 
97 
128 
95 
29 
27 
32 
1 
50 
68 
85 
85 
52 
76 
91 
65 
31 
61 
43 
5 
14 
15 
16 
31 
47 
31 
15 
15 
0 
0 
31 
14 
1 
10 
10 
4 
12 
4 
5 
1 
0 
32 
33 
19 
21 
15 
17 
42 
42 
42 
49 
49 
81 
32 
0 
0 
30 
53 
68 
52 
60 
11 
46 
95 
96 
96 
33 
30 
30 
37 
28 
11 
21 
37 
30 
47 
49 
42 
58 
80 
30 
44 
17 
30 
44 
42 
49 
47 
29 
4 
53 
94 
79 
62 
69 
60 
42 
33 
15 
21 
3 
5 
15 
12 
1 
2 
21 
48 
58 
58 
74 
106 
145 
144 
95 
45 
11 
21 
62 
31 
14 
62 
78 
85 
53 
44 
59 
5 
30 
63 
112 
129 
129 
81 
65 
33 
15 
48 
96 
143 
157 
113 
93 
33 
34 
53 
47 
96 
129 
129 
129 
159 
125 
138 
119 
123 
118 
104 
105 
82 
82 
89 
87 
69 
51 
55 
36 
24 
20 
24 
11 
6 
10 
2 
7 
27 
6 
17 
12 
6 
7 
11 
29 
39 
57 
43 
12 
18 
57 
56 
24 
8 
9 
9 
25 
25 
25 
9 
13 
29 
36 
51 
73 
72 
71 
38 
45 
35 
35 
50 
57 
72 
54 
2 
34 
51 
19 
11 
3 
13 
22 
38 
54 
61 
20 
3 
18 
34 
34 
18 
2 
20 
51 
50 
89 
87 
37 
45 
56 
58 
45 
7 
14 
115 
120 
52 
40 
4 
7 
10 
28 
55 
122 
140 
118 
56 
9 
4 
34 
71 
20 
25 
10 
6 
36 
56 
52 
15 
13 
37 
63 
49 
19 
5 
47 
108 
120 
123 
118 
88 
58 
28 
40 
21 
25 
46 
50 
30 
9 
5 
9 
4 
7 
11 
6 
26 
38 
59 
48 
12 
21 
64 
83 
62 
48 
50 
4 
33 
47 
28 
26 
0 
16 
33 
18 
11 
33 
63 
76 
65 
93 
129 
141 
88 
27 
24 
52 
64 
51 
53 
64 
66 
52 
46 
47 
48 
1 
21 
21 
12 
11 
26 
65 
79 
108 
113 
70 
59 
47 
28 
1 
66 
69 
63 
112 
112 
127 
78 
5 
19 
28 
91 
138 
144 
157 
138 
102 
107 
48 
2 
37 
64 
82 
52 
62 
79 
80 
48 
47 
47 
5 
35 
52 
76 
107 
97 
54 
59 
32 
44 
42 
80 
78 
28 
21 
15 
49 
67 
68 
46 
15 
14 
2 
20 
5 
5 
17 
33 
33 
32 
47 
30 
5 
20 
28 
11 
21 
21 
5 
26 
26 
26 
1 
63 
33 
17 
5 
37 
84 
76 
43 
27 
26 
0 
16 
0 
33 
65 
17 
14 
30 
14 
53 
44 
10 
14 
15 
14 
37 
37 
28 
4 
10 
1 
0 
0 
0 
1 
0 
15 
15 
0 
15 
0 
15 
15 
14 
1 
17 
14 
46 
31 
31 
15 
63 
14 
10 
3 
27 
10 
17 
17 
32 
15 
15 
79 
79 
0 
49 
97 
49 
0 
16 
0 
0 
16 
48 
64 
31 
17 
90 
43 
52 
68 
36 
20 
11 
10 
10 
10 
1 
16 
16 
16 
17 
5 
10 
42 
65 
49 
16 
0 
15 
47 
46 
14 
26 
26 
26 
11 
12 
11 
26 
10 
37 
21 
28 
27 
21 
31 
15 
32 
64 
63 
46 
29 
27 
26 
16 
31 
15 
14 
46 
21 
5 
12 
11 
5 
14 
64 
10 
19 
4 
42 
113 
33 
0 
31 
81 
170 
106 
5 
46 
47 
31 
16 
17 
58 
74 
75 
11 
68 
52 
12 
4 
37 
30 
14 
0 
32 
31 
14 
12 
36 
46 
48 
33 
10 
3 
20 
14 
31 
47 
48 
32 
32 
31 
30 
28 
43 
49 
46 
60 
49 
45 
49 
77 
49 
44 
32 
12 
15 
18 
14 
41 
52 
47 
34 
5 
15 
34 
5 
32 
61 
106 
86 
74 
38 
97 
29 
0 
19 
31 
19 
31 
18 
21 
16 
12 
17 
9 
11 
16 
9 
11 
15 
1 
92 
58 
31 
3 
69 
160 
106 
12 
90 
97 
64 
30 
44 
26 
0 
14 
28 
26 
0 
66 
21 
15 
48 
5 
43 
59 
4 
11 
27 
5 
78 
101 
69 
92 
113 
70 
74 
22 
11 
32 
34 
37 
63 
65 
51 
4 
10 
17 
14 
14 
1 
1 
0 
0 
16 
31 
30 
53 
60 
42 
33 
32 
15 
29 
27 
14 
31 
49 
42 
42 
4 
36 
28 
43 
4 
4 
26 
74 
49 
80 
46 
13 
11 
1 
47 
16 
53 
28 
101 
94 
16 
47 
47 
14 
49 
1 
78 
62 
53 
53 
28 
36 
69 
62 
46 
37 
26 
42 
42 
49 
63 
77 
91 
97 
47 
45 
27 
1 
31 
65 
74 
83 
36 
4 
11 
10 
10 
5 
21 
53 
37 
10 
58 
58 
74 
81 
48 
47 
15 
14 
1 
5 
5 
10 
26 
11 
20 
4 
11 
11 
20 
20 
11 
74 
5 
26 
26 
53 
53 
53 
44 
43 
27 
10 
10 
1 
30 
14 
14 
17 
49 
49 
17 
21 
12 
11 
5 
14 
30 
46 
85 
92 
26 
15 
65 
10 
4 
20 
20 
28 
43 
42 
49 
30 
28 
42 
32 
5 
19 
37 
14 
0 
16 
31 
46 
37 
108 
90 
16 
146 
84 
94 
192 
304 
272 
162 
213 
192 
122 
35 
53 
62 
62 
1 
33 
30 
47 
0 
15 
14 
21 
28 
43 
10 
14 
15 
48 
64 
48 
16 
16 
16 
32 
16 
16 
0 
16 
14 
5 
5 
12 
4 
5 
1 
0 
15 
16 
14 
21 
35 
52 
60 
75 
75 
42 
33 
33 
32 
16 
32 
64 
48 
31 
15 
1 
48 
79 
62 
44 
20 
10 
33 
30 
17 
1 
1 
10 
26 
36 
44 
43 
37 
30 
0 
15 
47 
63 
78 
85 
60 
11 
10 
15 
80 
161 
129 
32 
48 
42 
19 
68 
21 
0 
0 
33 
58 
59 
59 
51 
52 
20 
20 
10 
26 
26 
11 
12 
11 
10 
10 
17 
17 
1 
0 
0 
16 
31 
15 
16 
0 
1 
1 
21 
36 
11 
59 
91 
58 
33 
31 
32 
32 
15 
16 
17 
33 
48 
63 
31 
1 
10 
5 
21 
20 
36 
28 
59 
10 
49 
16 
0 
33 
138 
170 
74 
14 
46 
63 
47 
63 
95 
95 
78 
62 
53 
28 
11 
52 
85 
78 
62 
21 
44 
43 
26 
1 
14 
47 
48 
32 
49 
49 
74 
59 
35 
20 
5 
26 
49 
48 
15 
1 
10 
51 
36 
20 
20 
36 
12 
11 
11 
5 
21 
27 
59 
91 
107 
139 
74 
78 
224 
257 
97 
0 
32 
58 
51 
21 
78 
80 
17 
37 
3 
21 
1 
63 
80 
81 
42 
19 
4 
4 
26 
42 
26 
90 
154 
17 
47 
48 
58 
67 
36 
53 
62 
47 
32 
1 
13 
27 
5 
46 
31 
15 
0 
0 
1 
5 
12 
11 
5 
1 
15 
31 
31 
48 
48 
32 
16 
0 
1 
26 
51 
36 
60 
91 
74 
49 
16 
145 
106 
90 
49 
0 
0 
34 
36 
14 
48 
16 
64 
64 
64 
64 
64 
113 
129 
97 
16 
32 
65 
145 
177 
97 
1 
16 
79 
58 
19 
21 
15 
25 
36 
30 
48 
33 
10 
59 
83 
69 
30 
48 
33 
37 
69 
60 
43 
10 
46 
95 
128 
64 
111 
190 
173 
27 
47 
97 
99 
84 
101 
117 
62 
30 
30 
30 
1 
81 
49 
16 
16 
0 
1 
10 
5 
44 
74 
33 
15 
17 
58 
43 
59 
58 
74 
97 
81 
65 
33 
1 
30 
17 
33 
1 
15 
15 
64 
113 
97 
113 
64 
46 
99 
62 
63 
97 
90 
83 
36 
53 
14 
16 
17 
5 
36 
124 
187 
90 
0 
18 
69 
79 
50 
36 
30 
33 
19 
21 
15 
17 
83 
84 
85 
85 
30 
1 
17 
17 
0 
0 
15 
15 
46 
149 
140 
37 
63 
0 
65 
83 
84 
69 
15 
16 
18 
4 
5 
15 
31 
48 
49 
49 
26 
42 
5 
37 
37 
44 
4 
4 
42 
42 
48 
32 
66 
27 
33 
80 
82 
68 
85 
78 
0 
31 
63 
110 
93 
75 
46 
41 
36 
62 
65 
3 
26 
47 
113 
90 
74 
42 
10 
21 
10 
28 
43 
58 
97 
0 
35 
21 
47 
16 
10 
27 
43 
43 
26 
42 
42 
12 
5 
14 
32 
14 
61 
4 
14 
47 
64 
17 
17 
17 
33 
10 
10 
27 
43 
20 
68 
20 
12 
20 
85 
79 
64 
65 
5 
60 
75 
58 
1 
47 
16 
1 
2 
75 
26 
15 
33 
51 
68 
78 
95 
64 
17 
3 
27 
33 
31 
14 
19 
4 
5 
15 
17 
13 
75 
17 
63 
80 
112 
128 
128 
95 
45 
27 
49 
0 
32 
48 
48 
96 
95 
1 
53 
76 
11 
46 
80 
81 
42 
12 
59 
11 
42 
33 
127 
143 
96 
80 
80 
64 
15 
81 
161 
113 
113 
48 
33 
35 
69 
95 
65 
50 
36 
21 
97 
112 
14 
35 
52 
85 
85 
53 
37 
62 
78 
15 
0 
15 
30 
46 
37 
5 
21 
26 
59 
51 
27 
59 
26 
97 
32 
48 
66 
68 
53 
31 
31 
32 
16 
49 
33 
17 
5 
19 
4 
28 
43 
59 
27 
3 
4 
4 
27 
74 
81 
0 
48 
14 
37 
37 
12 
36 
62 
95 
97 
67 
20 
5 
26 
26 
10 
4 
43 
43 
5 
46 
80 
1 
19 
4 
33 
48 
1 
26 
74 
90 
90 
58 
33 
33 
33 
1 
15 
14 
14 
14 
30 
30 
46 
30 
17 
49 
42 
51 
20 
21 
21 
1 
17 
5 
5 
21 
5 
1 
30 
47 
63 
47 
31 
0 
16 
15 
31 
47 
62 
37 
44 
11 
46 
207 
112 
32 
47 
112 
17 
14 
33 
58 
74 
27 
28 
59 
26 
30 
46 
46 
46 
30 
46 
30 
14 
0 
16 
48 
47 
47 
31 
0 
65 
81 
10 
4 
3 
36 
21 
10 
69 
69 
37 
37 
14 
16 
32 
15 
30 
62 
53 
44 
27 
37 
94 
142 
127 
62 
1 
10 
10 
10 
5 
10 
33 
17 
16 
15 
47 
30 
14 
1 
1 
0 
15 
16 
16 
32 
17 
17 
5 
28 
27 
26 
32 
15 
65 
81 
97 
64 
47 
31 
1 
17 
16 
16 
15 
30 
1 
10 
26 
51 
4 
20 
4 
43 
122 
33 
47 
48 
58 
12 
4 
14 
15 
32 
17 
10 
43 
19 
20 
5 
0 
0 
33 
26 
19 
11 
26 
1 
15 
0 
1 
18 
11 
5 
0 
48 
81 
58 
33 
17 
17 
10 
10 
4 
19 
20 
21 
5 
10 
26 
5 
21 
1 
0 
0 
17 
10 
27 
3 
11 
4 
53 
53 
21 
1 
81 
32 
17 
35 
5 
31 
32 
17 
33 
49 
17 
17 
17 
1 
14 
14 
17 
10 
35 
36 
53 
46 
14 
0 
15 
15 
15 
15 
0 
16 
15 
0 
64 
96 
16 
49 
90 
67 
20 
10 
17 
1 
16 
16 
33 
58 
42 
27 
3 
11 
11 
26 
17 
0 
32 
17 
42 
26 
27 
27 
43 
59 
43 
10 
28 
27 
26 
33 
16 
15 
1 
10 
35 
36 
21 
30 
14 
0 
0 
5 
19 
4 
5 
46 
30 
15 
16 
17 
33 
26 
27 
35 
27 
11 
4 
10 
5 
1 
14 
31 
15 
15 
0 
0 
16 
33 
17 
17 
26 
26 
26 
10 
37 
21 
19 
20 
36 
5 
33 
16 
0 
16 
33 
42 
74 
74 
74 
81 
79 
70 
91 
80 
77 
81 
60 
24 
27 
9 
5 
13 
17 
13 
111 
83 
78 
50 
53 
48 
82 
68 
26 
33 
81 
80 
48 
31 
14 
5 
12 
42 
81 
31 
13 
10 
16 
1 
34 
52 
37 
30 
14 
1 
16 
16 
16 
31 
15 
1 
26 
26 
12 
11 
10 
26 
58 
26 
42 
42 
58 
42 
49 
78 
144 
112 
64 
47 
128 
80 
64 
33 
49 
48 
0 
47 
0 
31 
14 
14 
10 
91 
75 
4 
5 
1 
15 
79 
32 
15 
1 
5 
3 
20 
21 
53 
69 
85 
53 
28 
4 
20 
4 
52 
36 
20 
4 
27 
42 
26 
10 
5 
27 
27 
27 
43 
11 
4 
4 
4 
4 
20 
51 
92 
59 
43 
5 
69 
62 
30 
37 
44 
4 
30 
0 
49 
19 
20 
30 
80 
65 
5 
12 
4 
21 
14 
15 
31 
32 
48 
48 
15 
17 
5 
19 
84 
124 
4 
53 
47 
64 
33 
27 
51 
52 
20 
26 
26 
33 
1 
1 
0 
47 
47 
31 
15 
16 
32 
33 
33 
1 
30 
46 
21 
5 
11 
3 
20 
21 
37 
30 
16 
15 
32 
33 
17 
33 
26 
26 
42 
33 
1 
1 
5 
21 
44 
27 
1 
31 
32 
49 
33 
33 
17 
33 
33 
14 
15 
31 
31 
1 
17 
17 
10 
3 
36 
37 
46 
31 
0 
15 
31 
1 
26 
43 
35 
20 
11 
11 
4 
20 
37 
53 
21 
26 
4 
11 
19 
11 
11 
27 
20 
20 
43 
51 
20 
5 
21 
14 
46 
15 
16 
32 
48 
63 
33 
58 
58 
43 
59 
27 
4 
3 
4 
11 
123 
58 
1 
48 
81 
90 
75 
19 
20 
4 
27 
59 
58 
42 
30 
79 
48 
49 
42 
10 
12 
11 
5 
17 
16 
0 
1 
5 
11 
43 
59 
51 
36 
4 
5 
0 
0 
17 
10 
5 
5 
27 
27 
27 
3 
4 
11 
37 
85 
69 
3 
52 
28 
27 
27 
10 
17 
0 
32 
48 
65 
58 
58 
26 
5 
5 
21 
21 
11 
19 
52 
53 
37 
21 
58 
58 
59 
11 
37 
33 
96 
79 
35 
101 
95 
64 
26 
51 
36 
4 
21 
1 
1 
16 
0 
31 
30 
49 
42 
35 
36 
4 
42 
42 
14 
0 
15 
17 
26 
19 
20 
37 
30 
46 
47 
31 
16 
0 
0 
16 
17 
17 
17 
1 
14 
14 
37 
44 
4 
1 
16 
1 
26 
59 
67 
52 
36 
21 
14 
31 
0 
15 
17 
1 
37 
53 
3 
36 
37 
21 
1 
15 
47 
79 
63 
0 
32 
16 
0 
15 
1 
1 
10 
11 
35 
52 
52 
52 
28 
43 
43 
5 
62 
79 
96 
96 
31 
33 
66 
36 
5 
31 
81 
58 
35 
20 
5 
1 
1 
16 
15 
5 
35 
4 
5 
53 
21 
20 
44 
43 
11 
4 
4 
20 
44 
27 
11 
5 
37 
30 
31 
32 
1 
33 
26 
26 
5 
12 
20 
37 
21 
5 
1 
17 
17 
15 
32 
32 
17 
17 
1 
1 
26 
26 
11 
28 
27 
20 
37 
46 
30 
0 
16 
0 
0 
17 
10 
27 
51 
68 
52 
12 
36 
20 
21 
10 
4 
4 
4 
28 
11 
52 
53 
46 
15 
16 
16 
1 
1 
10 
5 
12 
4 
21 
14 
0 
16 
33 
17 
21 
53 
20 
19 
53 
1 
0 
17 
42 
51 
36 
21 
17 
16 
32 
33 
26 
11 
3 
4 
5 
30 
30 
15 
16 
48 
32 
0 
16 
33 
26 
10 
3 
36 
37 
15 
15 
30 
29 
4 
21 
14 
16 
33 
18 
20 
37 
14 
0 
0 
1 
13 
11 
5 
15 
33 
19 
36 
69 
30 
14 
0 
15 
16 
1 
10 
43 
59 
59 
27 
27 
5 
10 
10 
5 
37 
12 
27 
5 
5 
1 
15 
31 
32 
49 
42 
42 
11 
3 
4 
10 
33 
16 
16 
33 
42 
26 
42 
33 
30 
14 
14 
17 
26 
99 
68 
36 
36 
4 
35 
100 
92 
11 
26 
17 
31 
49 
66 
68 
37 
30 
15 
0 
0 
1 
17 
10 
12 
27 
26 
1 
0 
17 
2 
4 
21 
15 
17 
19 
21 
30 
16 
26 
35 
36 
21 
14 
16 
31 
16 
33 
18 
20 
21 
21 
1 
16 
0 
10 
3 
20 
69 
62 
16 
63 
30 
3 
4 
30 
31 
16 
10 
19 
36 
14 
31 
16 
14 
29 
11 
21 
14 
47 
64 
48 
16 
0 
0 
15 
1 
5 
12 
27 
1 
15 
32 
17 
19 
20 
5 
1 
15 
16 
17 
10 
35 
52 
14 
31 
31 
16 
14 
46 
101 
77 
20 
62 
80 
90 
58 
51 
36 
20 
21 
10 
10 
65 
49 
0 
16 
33 
18 
4 
37 
46 
31 
15 
15 
15 
1 
30 
26 
19 
36 
21 
14 
15 
0 
17 
10 
19 
20 
21 
1 
14 
15 
16 
15 
17 
10 
19 
4 
4 
21 
21 
1 
1 
14 
15 
0 
0 
1 
10 
19 
20 
21 
14 
14 
15 
16 
32 
17 
5 
21 
3 
4 
10 
1 
30 
31 
32 
16 
17 
35 
36 
53 
37 
37 
5 
19 
4 
20 
36 
12 
11 
5 
14 
15 
32 
49 
49 
10 
5 
5 
5 
19 
11 
10 
1 
0 
0 
17 
10 
19 
36 
52 
52 
20 
4 
36 
36 
20 
4 
11 
27 
11 
27 
10 
26 
30 
15 
0 
32 
49 
33 
33 
26 
10 
17 
1 
14 
37 
21 
35 
36 
21 
21 
30 
0 
16 
32 
0 
1 
81 
58 
37 
37 
11 
19 
11 
27 
26 
1 
31 
32 
26 
3 
20 
37 
46 
31 
0 
0 
16 
17 
30 
21 
27 
51 
36 
36 
20 
21 
37 
30 
14 
17 
33 
32 
16 
15 
1 
17 
26 
35 
4 
10 
1 
15 
32 
17 
10 
19 
4 
5 
17 
0 
16 
33 
42 
75 
19 
4 
36 
36 
5 
10 
26 
26 
33 
1 
14 
31 
47 
32 
16 
16 
17 
1 
14 
1 
10 
10 
59 
27 
19 
36 
52 
68 
28 
36 
149 
69 
10 
51 
20 
21 
1 
31 
32 
32 
17 
26 
10 
11 
12 
20 
20 
21 
5 
26 
26 
5 
30 
46 
30 
30 
14 
14 
1 
0 
16 
15 
1 
5 
5 
12 
11 
21 
53 
78 
69 
53 
60 
27 
21 
53 
53 
21 
3 
43 
58 
48 
0 
34 
52 
53 
46 
46 
62 
46 
14 
0 
31 
16 
14 
37 
4 
19 
36 
21 
26 
42 
17 
0 
49 
42 
51 
52 
36 
21 
10 
33 
16 
31 
30 
60 
10 
47 
80 
65 
65 
48 
48 
48 
47 
47 
15 
1 
17 
17 
33 
33 
1 
15 
16 
16 
32 
31 
17 
51 
52 
101 
117 
53 
5 
11 
67 
100 
76 
27 
21 
46 
63 
48 
48 
16 
1 
14 
46 
37 
19 
36 
37 
21 
14 
0 
15 
17 
10 
67 
69 
5 
14 
14 
15 
0 
0 
0 
16 
31 
31 
37 
28 
26 
0 
17 
19 
36 
69 
62 
30 
31 
48 
48 
32 
16 
0 
31 
46 
37 
20 
11 
27 
42 
33 
16 
15 
14 
1 
26 
11 
19 
36 
36 
20 
4 
10 
5 
14 
15 
1 
21 
12 
10 
17 
0 
17 
42 
43 
59 
42 
49 
32 
16 
16 
0 
16 
33 
17 
21 
53 
52 
28 
21 
14 
14 
0 
1 
5 
3 
20 
14 
31 
32 
33 
10 
3 
27 
43 
17 
15 
32 
58 
35 
27 
10 
0 
0 
13 
11 
17 
15 
12 
30 
48 
66 
68 
53 
46 
31 
32 
32 
33 
33 
49 
49 
49 
32 
32 
31 
14 
3 
11 
10 
17 
0 
1 
2 
4 
5 
14 
15 
16 
16 
1 
1 
5 
5 
5 
4 
4 
20 
20 
20 
3 
11 
11 
27 
43 
26 
10 
21 
37 
21 
42 
42 
27 
19 
4 
5 
5 
1 
0 
0 
1 
5 
12 
4 
36 
28 
59 
58 
65 
47 
60 
58 
63 
76 
65 
45 
42 
6 
27 
0 
2 
37 
80 
50 
36 
30 
15 
32 
33 
10 
10 
26 
33 
17 
0 
15 
16 
17 
42 
65 
64 
63 
46 
12 
21 
10 
49 
