26 
7 
8 
26 
42 
46 
61 
53 
53 
10 
23 
8 
24 
24 
48 
47 
70 
48 
3 
34 
52 
50 
32 
1 
13 
16 
40 
39 
30 
29 
45 
103 
102 
28 
21 
1 
36 
75 
98 
68 
18 
32 
63 
38 
45 
32 
0 
41 
63 
48 
0 
70 
85 
85 
87 
86 
45 
27 
13 
28 
42 
44 
23 
17 
8 
38 
0 
30 
4 
42 
64 
41 
31 
7 
8 
24 
16 
45 
81 
134 
77 
21 
15 
17 
58 
48 
33 
42 
15 
7 
15 
23 
55 
63 
63 
39 
30 
45 
104 
102 
60 
18 
49 
68 
59 
58 
60 
42 
39 
31 
24 
8 
48 
65 
66 
42 
31 
34 
42 
38 
21 
40 
39 
14 
10 
15 
27 
37 
8 
20 
26 
28 
2 
24 
46 
88 
126 
84 
2 
65 
84 
66 
72 
105 
45 
85 
80 
23 
1 
2 
32 
57 
42 
26 
0 
53 
77 
65 
34 
18 
47 
8 
63 
87 
47 
49 
66 
74 
54 
69 
109 
135 
110 
4 
26 
33 
68 
82 
84 
58 
39 
25 
2 
5 
24 
15 
7 
23 
39 
39 
56 
48 
29 
9 
13 
21 
15 
47 
55 
38 
37 
32 
30 
32 
14 
7 
9 
26 
24 
1 
23 
40 
37 
13 
22 
69 
141 
149 
87 
38 
3 
5 
19 
124 
93 
14 
137 
169 
156 
114 
103 
64 
23 
55 
48 
40 
24 
2 
22 
24 
4 
39 
57 
63 
49 
111 
133 
109 
29 
55 
84 
34 
24 
46 
48 
3 
18 
44 
58 
39 
0 
7 
15 
47 
63 
79 
86 
61 
11 
10 
24 
41 
47 
40 
5 
26 
34 
38 
37 
61 
37 
24 
7 
1 
7 
12 
2 
16 
31 
22 
16 
31 
62 
29 
24 
89 
98 
15 
23 
15 
50 
86 
69 
8 
32 
33 
13 
53 
53 
72 
120 
107 
61 
41 
147 
178 
160 
105 
42 
9 
50 
95 
80 
57 
98 
119 
64 
10 
2 
45 
77 
72 
38 
28 
21 
6 
44 
155 
194 
144 
77 
40 
4 
18 
57 
107 
106 
68 
63 
76 
58 
50 
31 
10 
1 
2 
2 
0 
0 
23 
23 
22 
2 
31 
16 
22 
69 
64 
51 
29 
27 
53 
19 
10 
44 
58 
40 
17 
18 
7 
7 
63 
63 
38 
5 
15 
16 
41 
58 
42 
9 
66 
55 
8 
0 
33 
82 
130 
126 
125 
99 
12 
59 
123 
171 
202 
176 
128 
55 
9 
68 
122 
137 
135 
97 
47 
56 
56 
56 
32 
0 
1 
18 
16 
25 
18 
7 
0 
23 
38 
109 
160 
102 
35 
51 
75 
42 
17 
20 
34 
52 
34 
7 
7 
24 
40 
40 
0 
9 
50 
63 
80 
69 
69 
69 
109 
141 
96 
30 
68 
122 
129 
95 
65 
2 
8 
8 
14 
37 
56 
56 
23 
23 
34 
34 
22 
13 
2 
2 
0 
0 
15 
15 
14 
2 
31 
23 
30 
77 
101 
64 
4 
58 
95 
128 
112 
55 
6 
10 
52 
82 
127 
160 
136 
88 
47 
1 
26 
12 
2 
15 
9 
26 
64 
65 
42 
7 
7 
23 
42 
58 
54 
85 
85 
72 
31 
17 
10 
31 
17 
61 
72 
86 
28 
6 
5 
49 
68 
71 
57 
50 
71 
95 
38 
34 
63 
87 
63 
46 
21 
7 
64 
81 
106 
111 
79 
39 
40 
48 
16 
8 
0 
7 
0 
37 
85 
168 
131 
85 
19 
27 
91 
90 
97 
79 
32 
9 
45 
85 
125 
56 
63 
54 
24 
22 
20 
10 
52 
98 
112 
109 
85 
45 
8 
193 
135 
111 
96 
63 
35 
2 
7 
17 
15 
76 
130 
135 
103 
46 
7 
33 
28 
63 
73 
76 
50 
36 
10 
0 
1 
0 
40 
81 
50 
23 
15 
0 
30 
85 
117 
31 
9 
87 
121 
130 
79 
47 
10 
61 
93 
96 
67 
53 
27 
12 
2 
25 
76 
91 
98 
145 
154 
119 
47 
9 
34 
39 
24 
33 
50 
58 
39 
0 
13 
13 
13 
1 
2 
10 
7 
15 
8 
1 
0 
1 
31 
25 
23 
17 
0 
41 
106 
127 
119 
62 
10 
14 
20 
29 
19 
19 
42 
84 
90 
72 
101 
69 
29 
7 
120 
177 
170 
70 
5 
23 
63 
80 
88 
63 
46 
45 
19 
10 
25 
75 
74 
76 
66 
47 
37 
1 
18 
23 
39 
0 
0 
16 
40 
55 
31 
41 
50 
23 
15 
71 
94 
69 
11 
5 
23 
72 
49 
10 
2 
37 
69 
53 
45 
45 
32 
15 
38 
48 
11 
13 
20 
26 
8 
9 
26 
39 
56 
0 
2 
13 
5 
10 
24 
40 
7 
6 
50 
96 
73 
63 
80 
85 
37 
50 
82 
74 
42 
18 
14 
2 
26 
79 
111 
87 
79 
79 
22 
2 
47 
60 
58 
55 
40 
8 
8 
23 
47 
79 
103 
95 
34 
17 
26 
5 
37 
32 
8 
0 
30 
13 
4 
141 
131 
28 
70 
106 
105 
95 
65 
82 
5 
33 
34 
47 
32 
53 
57 
18 
0 
0 
7 
7 
22 
29 
23 
38 
19 
37 
54 
4 
42 
33 
44 
95 
25 
47 
56 
33 
13 
21 
40 
47 
6 
10 
28 
26 
28 
2 
20 
26 
92 
98 
72 
45 
77 
77 
21 
7 
0 
1 
26 
23 
56 
77 
93 
85 
64 
30 
0 
57 
51 
66 
84 
63 
25 
28 
2 
1 
3 
2 
36 
58 
128 
72 
61 
72 
27 
45 
51 
11 
34 
20 
23 
41 
42 
24 
33 
42 
58 
66 
54 
2 
28 
26 
39 
57 
87 
89 
79 
84 
50 
5 
48 
88 
87 
62 
29 
48 
49 
74 
47 
23 
0 
0 
32 
15 
6 
5 
64 
57 
47 
80 
72 
37 
5 
26 
15 
15 
0 
39 
47 
34 
22 
13 
10 
23 
15 
16 
16 
0 
31 
15 
42 
166 
205 
156 
101 
14 
113 
209 
236 
162 
82 
46 
10 
39 
97 
114 
87 
40 
41 
90 
63 
39 
31 
7 
24 
21 
21 
25 
18 
42 
47 
71 
7 
24 
40 
45 
61 
45 
6 
53 
2 
32 
57 
98 
103 
16 
31 
39 
64 
40 
24 
8 
16 
8 
1 
34 
111 
143 
160 
120 
4 
50 
76 
18 
20 
18 
3 
10 
44 
58 
71 
32 
7 
31 
56 
125 
89 
50 
6 
18 
34 
47 
31 
15 
24 
72 
71 
39 
54 
69 
40 
39 
1 
15 
33 
90 
120 
85 
29 
21 
5 
15 
48 
65 
58 
63 
49 
10 
15 
9 
13 
0 
48 
49 
90 
70 
2 
7 
14 
40 
59 
69 
1 
63 
65 
39 
8 
30 
53 
40 
24 
17 
29 
0 
15 
38 
29 
32 
3 
26 
66 
79 
63 
30 
34 
167 
216 
176 
75 
10 
89 
99 
130 
151 
112 
72 
15 
84 
98 
87 
113 
42 
39 
32 
24 
48 
55 
6 
50 
39 
1 
29 
56 
59 
37 
15 
57 
42 
55 
40 
24 
8 
31 
47 
55 
82 
66 
62 
10 
23 
0 
8 
7 
2 
29 
45 
37 
13 
10 
34 
66 
74 
78 
29 
32 
47 
38 
53 
51 
69 
11 
15 
57 
52 
44 
149 
94 
1 
113 
153 
153 
127 
112 
72 
19 
18 
33 
68 
91 
83 
82 
57 
39 
57 
74 
71 
66 
38 
16 
9 
23 
4 
10 
36 
34 
24 
9 
10 
15 
8 
30 
37 
40 
39 
15 
2 
5 
13 
10 
66 
87 
55 
38 
10 
50 
31 
15 
14 
5 
16 
14 
13 
0 
0 
2 
13 
37 
5 
18 
15 
31 
112 
112 
79 
86 
80 
86 
19 
60 
91 
114 
108 
58 
40 
13 
5 
10 
46 
85 
93 
45 
8 
0 
1 
5 
10 
39 
31 
2 
25 
34 
58 
39 
31 
34 
21 
6 
45 
48 
43 
29 
15 
49 
42 
23 
7 
0 
55 
87 
86 
93 
72 
22 
52 
98 
121 
114 
63 
0 
55 
72 
48 
61 
93 
29 
37 
37 
16 
15 
6 
2 
24 
33 
34 
31 
8 
0 
39 
63 
79 
55 
0 
2 
14 
29 
56 
51 
45 
19 
5 
22 
28 
21 
6 
44 
5 
4 
50 
116 
114 
87 
7 
55 
38 
10 
79 
121 
114 
79 
80 
57 
58 
2 
61 
45 
18 
30 
21 
50 
23 
0 
22 
37 
16 
7 
8 
14 
29 
21 
13 
13 
5 
10 
10 
13 
45 
93 
69 
32 
6 
5 
8 
6 
5 
16 
14 
5 
40 
4 
2 
39 
1 
21 
40 
102 
96 
46 
27 
58 
132 
98 
87 
71 
23 
57 
58 
31 
24 
1 
42 
32 
6 
98 
160 
144 
104 
16 
73 
66 
79 
79 
95 
16 
96 
96 
80 
95 
70 
13 
16 
33 
47 
3 
13 
0 
24 
16 
13 
10 
46 
61 
69 
64 
31 
46 
32 
4 
26 
64 
49 
26 
7 
0 
0 
31 
95 
119 
126 
101 
70 
3 
43 
82 
113 
108 
98 
112 
40 
16 
8 
9 
71 
153 
127 
104 
64 
39 
22 
2 
96 
201 
154 
62 
10 
104 
161 
127 
104 
45 
69 
69 
24 
28 
5 
3 
13 
54 
20 
51 
26 
12 
5 
9 
42 
56 
41 
42 
38 
5 
26 
63 
72 
89 
114 
82 
50 
22 
5 
10 
16 
47 
94 
52 
37 
1 
52 
83 
107 
98 
33 
0 
39 
38 
13 
8 
16 
16 
15 
38 
61 
16 
24 
97 
95 
119 
175 
150 
101 
38 
11 
12 
11 
35 
131 
186 
169 
135 
112 
77 
40 
48 
97 
95 
145 
183 
177 
154 
134 
37 
39 
89 
143 
148 
66 
0 
72 
91 
93 
35 
13 
20 
58 
40 
29 
14 
45 
53 
77 
56 
40 
15 
30 
13 
31 
49 
15 
12 
2 
24 
41 
34 
10 
21 
37 
69 
101 
2 
34 
18 
64 
96 
79 
14 
47 
65 
58 
47 
79 
47 
49 
114 
135 
160 
200 
123 
37 
41 
76 
108 
83 
50 
73 
79 
65 
42 
1 
26 
58 
56 
73 
66 
26 
7 
72 
112 
119 
110 
56 
33 
100 
103 
113 
90 
71 
39 
21 
49 
90 
170 
182 
125 
35 
35 
82 
97 
103 
33 
2 
16 
40 
32 
40 
8 
8 
39 
79 
198 
197 
99 
4 
100 
124 
147 
154 
144 
93 
69 
40 
108 
210 
224 
208 
112 
8 
25 
31 
49 
47 
57 
74 
87 
64 
48 
48 
105 
130 
90 
42 
6 
29 
40 
39 
78 
92 
77 
38 
22 
28 
60 
83 
74 
73 
71 
81 
82 
74 
30 
34 
71 
81 
87 
76 
58 
39 
36 
26 
31 
16 
16 
24 
32 
39 
22 
85 
99 
124 
73 
14 
107 
123 
67 
58 
41 
15 
9 
53 
80 
30 
5 
8 
25 
50 
47 
23 
16 
57 
106 
63 
23 
8 
7 
15 
0 
23 
16 
48 
56 
63 
62 
40 
54 
59 
68 
37 
14 
78 
54 
17 
81 
49 
97 
132 
87 
60 
2 
13 
24 
8 
0 
48 
89 
66 
31 
80 
173 
96 
4 
18 
68 
18 
20 
79 
129 
119 
73 
2 
25 
42 
55 
56 
49 
50 
56 
57 
66 
82 
46 
37 
48 
14 
3 
37 
62 
27 
12 
30 
82 
121 
116 
90 
63 
48 
8 
7 
39 
72 
81 
82 
63 
48 
41 
2 
2 
47 
79 
119 
278 
235 
75 
117 
232 
302 
291 
210 
128 
53 
15 
84 
106 
108 
131 
130 
81 
43 
18 
31 
49 
58 
30 
2 
31 
56 
49 
37 
55 
70 
61 
43 
37 
38 
28 
42 
17 
4 
5 
6 
0 
38 
96 
110 
84 
29 
20 
67 
74 
92 
82 
79 
56 
16 
10 
42 
26 
0 
7 
55 
112 
109 
69 
10 
10 
0 
24 
15 
12 
2 
8 
4 
13 
8 
6 
45 
64 
54 
53 
67 
37 
43 
21 
25 
67 
90 
97 
71 
72 
33 
13 
65 
74 
66 
23 
7 
8 
9 
34 
103 
136 
72 
39 
17 
60 
50 
52 
55 
73 
79 
40 
8 
71 
104 
88 
61 
29 
10 
42 
61 
125 
168 
139 
76 
34 
121 
145 
156 
114 
55 
8 
40 
53 
73 
90 
55 
39 
0 
0 
26 
38 
29 
32 
19 
29 
56 
38 
0 
33 
7 
1 
15 
25 
26 
8 
6 
5 
32 
29 
21 
5 
34 
31 
40 
45 
41 
34 
26 
18 
34 
46 
53 
40 
14 
31 
49 
26 
16 
47 
86 
77 
39 
6 
60 
66 
55 
89 
50 
0 
71 
79 
66 
38 
21 
2 
10 
34 
22 
10 
26 
31 
31 
15 
15 
15 
2 
1 
2 
16 
72 
63 
70 
45 
16 
6 
23 
9 
0 
38 
56 
46 
4 
34 
28 
15 
14 
10 
23 
32 
26 
34 
22 
13 
26 
55 
39 
8 
24 
16 
112 
103 
46 
10 
31 
24 
13 
29 
29 
13 
7 
15 
31 
40 
80 
79 
51 
85 
72 
134 
108 
90 
81 
79 
72 
77 
77 
77 
16 
20 
39 
49 
55 
41 
47 
57 
7 
20 
10 
0 
6 
23 
12 
18 
15 
1 
29 
64 
35 
29 
24 
17 
31 
33 
39 
33 
27 
5 
28 
59 
58 
44 
18 
16 
39 
46 
37 
40 
6 
10 
24 
25 
15 
9 
28 
42 
17 
15 
41 
39 
44 
34 
31 
32 
21 
25 
18 
2 
7 
15 
40 
45 
45 
21 
50 
26 
2 
10 
0 
40 
168 
119 
38 
63 
84 
82 
82 
71 
70 
29 
8 
1 
20 
21 
4 
75 
82 
121 
148 
82 
31 
0 
1 
29 
69 
104 
91 
69 
20 
90 
112 
73 
55 
31 
56 
79 
71 
62 
29 
0 
9 
34 
63 
64 
64 
48 
24 
0 
41 
42 
79 
79 
72 
40 
16 
40 
61 
45 
0 
15 
32 
48 
13 
14 
13 
13 
16 
8 
17 
34 
23 
7 
48 
57 
26 
26 
15 
71 
88 
103 
46 
26 
68 
66 
39 
17 
5 
15 
39 
39 
39 
94 
64 
9 
76 
122 
129 
87 
81 
82 
90 
54 
13 
31 
52 
50 
39 
40 
41 
18 
21 
69 
80 
48 
23 
22 
29 
32 
46 
24 
12 
34 
52 
42 
39 
31 
23 
0 
37 
81 
98 
86 
77 
80 
67 
53 
11 
16 
6 
52 
55 
73 
79 
40 
17 
42 
55 
31 
39 
15 
6 
18 
44 
50 
52 
58 
92 
106 
100 
42 
10 
0 
8 
7 
14 
2 
32 
59 
53 
35 
28 
37 
30 
28 
83 
114 
104 
81 
18 
45 
77 
69 
69 
53 
29 
2 
26 
2 
17 
74 
122 
126 
53 
63 
73 
98 
88 
33 
5 
16 
23 
54 
61 
64 
24 
0 
22 
5 
18 
10 
16 
40 
48 
47 
78 
69 
19 
26 
57 
31 
1 
15 
6 
16 
11 
10 
87 
144 
112 
31 
9 
71 
108 
122 
135 
96 
8 
31 
47 
6 
10 
10 
15 
23 
23 
55 
15 
24 
17 
5 
16 
0 
9 
55 
31 
0 
40 
88 
101 
53 
13 
37 
56 
32 
43 
53 
4 
26 
60 
58 
56 
25 
2 
21 
45 
40 
8 
8 
8 
24 
56 
32 
7 
22 
45 
56 
43 
77 
35 
13 
4 
34 
33 
55 
57 
63 
64 
25 
5 
37 
18 
9 
42 
58 
79 
120 
109 
53 
26 
42 
47 
39 
79 
64 
24 
15 
32 
64 
48 
24 
40 
29 
5 
1 
34 
74 
66 
58 
30 
21 
8 
1 
13 
4 
10 
12 
2 
15 
8 
1 
5 
13 
21 
16 
24 
32 
23 
39 
38 
37 
35 
5 
16 
9 
0 
22 
13 
0 
11 
61 
88 
22 
7 
6 
36 
69 
78 
11 
60 
116 
103 
57 
31 
40 
7 
31 
56 
48 
85 
77 
5 
2 
24 
23 
30 
21 
24 
25 
34 
47 
64 
64 
0 
88 
109 
141 
117 
80 
43 
53 
14 
43 
66 
25 
52 
66 
92 
90 
98 
63 
46 
7 
68 
111 
153 
138 
47 
7 
32 
88 
47 
22 
13 
15 
41 
58 
63 
48 
45 
13 
26 
46 
69 
85 
96 
70 
40 
46 
16 
30 
39 
57 
0 
3 
37 
48 
17 
23 
22 
64 
110 
59 
3 
10 
36 
47 
49 
63 
72 
53 
5 
2 
13 
21 
7 
71 
96 
96 
128 
80 
63 
62 
80 
38 
59 
66 
116 
66 
36 
50 
48 
41 
26 
0 
32 
24 
5 
25 
34 
55 
88 
69 
49 
58 
98 
94 
29 
4 
10 
6 
4 
51 
74 
28 
21 
19 
21 
24 
73 
98 
42 
14 
26 
55 
87 
80 
64 
48 
39 
15 
1 
13 
48 
75 
77 
59 
85 
22 
3 
51 
99 
122 
89 
20 
13 
8 
0 
10 
13 
53 
69 
40 
57 
127 
137 
82 
58 
22 
21 
7 
33 
74 
72 
45 
17 
17 
42 
66 
55 
39 
8 
7 
24 
40 
64 
55 
51 
69 
40 
22 
20 
50 
76 
66 
55 
8 
31 
106 
110 
85 
31 
22 
16 
9 
27 
10 
8 
22 
32 
54 
64 
25 
47 
25 
18 
4 
2 
15 
16 
22 
37 
32 
7 
58 
110 
112 
17 
71 
97 
66 
7 
0 
32 
29 
2 
22 
13 
14 
29 
18 
31 
72 
89 
74 
50 
58 
74 
78 
45 
4 
50 
81 
75 
34 
4 
53 
83 
53 
43 
32 
6 
47 
65 
50 
39 
8 
8 
10 
50 
86 
93 
88 
39 
6 
18 
32 
41 
42 
15 
40 
5 
74 
150 
133 
99 
85 
126 
83 
9 
125 
182 
170 
145 
112 
93 
13 
90 
111 
117 
81 
74 
66 
30 
2 
23 
56 
80 
77 
21 
42 
95 
32 
24 
32 
88 
128 
59 
2 
4 
29 
14 
28 
34 
41 
55 
49 
47 
15 
8 
16 
48 
45 
53 
53 
37 
112 
167 
206 
179 
87 
78 
139 
156 
193 
220 
183 
120 
47 
17 
82 
124 
210 
176 
109 
69 
77 
64 
22 
23 
60 
50 
56 
57 
90 
63 
7 
0 
5 
2 
50 
66 
46 
21 
29 
69 
88 
80 
40 
40 
41 
26 
39 
40 
8 
70 
93 
13 
39 
134 
112 
54 
44 
111 
145 
135 
77 
13 
86 
157 
85 
24 
49 
42 
56 
135 
110 
32 
1 
52 
66 
40 
49 
34 
26 
21 
37 
45 
13 
29 
61 
96 
64 
30 
31 
73 
21 
107 
133 
75 
97 
33 
6 
94 
174 
218 
209 
162 
94 
29 
28 
59 
90 
137 
132 
100 
63 
9 
3 
18 
47 
61 
53 
45 
37 
24 
14 
0 
6 
16 
6 
48 
142 
67 
4 
46 
106 
113 
28 
45 
91 
133 
75 
64 
14 
60 
66 
96 
117 
117 
125 
40 
33 
58 
80 
129 
170 
230 
245 
115 
43 
19 
19 
83 
179 
247 
249 
167 
71 
20 
50 
103 
153 
119 
89 
66 
64 
69 
33 
42 
58 
78 
53 
24 
41 
52 
26 
9 
12 
5 
38 
11 
3 
26 
28 
26 
7 
38 
61 
69 
48 
55 
78 
44 
18 
52 
59 
18 
46 
1 
12 
23 
57 
63 
56 
104 
64 
19 
26 
76 
106 
95 
88 
109 
61 
0 
24 
37 
33 
2 
21 
69 
69 
56 
16 
24 
33 
26 
7 
8 
1 
24 
78 
112 
86 
116 
77 
14 
81 
140 
159 
161 
122 
87 
38 
31 
81 
87 
105 
111 
81 
58 
31 
0 
0 
32 
48 
88 
99 
61 
43 
36 
9 
110 
82 
73 
55 
33 
23 
48 
37 
2 
7 
0 
24 
57 
106 
23 
8 
8 
7 
15 
13 
61 
42 
98 
66 
50 
10 
9 
34 
114 
126 
109 
68 
37 
44 
67 
67 
90 
105 
76 
58 
52 
42 
8 
8 
93 
93 
61 
15 
6 
23 
25 
15 
22 
16 
25 
26 
32 
16 
2 
5 
7 
39 
104 
168 
115 
37 
36 
18 
6 
44 
34 
89 
15 
1 
18 
24 
80 
45 
7 
16 
14 
24 
220 
162 
130 
86 
10 
79 
96 
101 
69 
77 
104 
99 
61 
3 
75 
138 
137 
159 
141 
85 
13 
2 
5 
7 
24 
8 
0 
18 
26 
30 
13 
48 
39 
1 
58 
32 
38 
48 
27 
29 
16 
14 
7 
27 
77 
96 
47 
41 
15 
7 
6 
24 
9 
71 
105 
79 
25 
5 
5 
61 
61 
77 
21 
18 
18 
61 
133 
109 
0 
144 
129 
13 
165 
141 
56 
20 
26 
31 
57 
90 
119 
119 
110 
80 
9 
84 
107 
98 
57 
44 
66 
108 
90 
63 
39 
7 
16 
10 
6 
42 
31 
4 
45 
72 
70 
69 
27 
0 
6 
15 
41 
39 
48 
41 
26 
2 
37 
53 
57 
58 
78 
133 
229 
91 
50 
153 
231 
185 
122 
106 
94 
40 
65 
167 
196 
154 
151 
95 
16 
72 
151 
62 
11 
13 
33 
60 
99 
122 
97 
39 
1 
10 
7 
7 
7 
23 
62 
69 
75 
27 
114 
89 
68 
58 
12 
26 
76 
58 
32 
15 
9 
26 
23 
23 
47 
63 
15 
18 
22 
21 
16 
7 
6 
13 
8 
8 
5 
2 
26 
58 
82 
114 
286 
212 
161 
116 
66 
31 
7 
48 
336 
237 
181 
115 
76 
57 
44 
15 
142 
125 
95 
78 
64 
43 
45 
16 
22 
16 
14 
0 
17 
47 
80 
97 
9 
82 
90 
106 
134 
328 
298 
57 
149 
304 
342 
236 
108 
71 
49 
2 
31 
11 
34 
108 
163 
218 
192 
184 
152 
110 
51 
28 
36 
44 
109 
134 
99 
44 
12 
44 
84 
43 
93 
91 
68 
33 
49 
129 
113 
145 
73 
22 
83 
155 
115 
74 
20 
15 
62 
83 
124 
33 
42 
81 
108 
87 
105 
119 
144 
120 
88 
41 
124 
84 
83 
82 
81 
100 
138 
120 
48 
80 
96 
22 
11 
41 
53 
38 
22 
6 
102 
59 
44 
177 
220 
123 
61 
102 
67 
19 
19 
28 
91 
37 
35 
37 
24 
23 
15 
24 
173 
197 
107 
49 
38 
110 
94 
54 
18 
22 
12 
42 
148 
178 
103 
145 
186 
159 
127 
12 
130 
167 
87 
16 
72 
53 
13 
62 
77 
8 
9 
23 
89 
159 
137 
78 
93 
88 
51 
3 
26 
1 
12 
20 
67 
111 
89 
55 
39 
48 
129 
202 
270 
213 
83 
52 
133 
158 
155 
180 
175 
125 
69 
24 
73 
116 
91 
106 
100 
90 
128 
136 
47 
9 
10 
8 
70 
48 
25 
119 
169 
138 
54 
74 
186 
254 
232 
174 
59 
76 
172 
129 
89 
11 
51 
100 
69 
17 
60 
130 
135 
96 
32 
0 
46 
53 
16 
1 
68 
91 
98 
68 
50 
4 
21 
11 
2 
64 
61 
77 
80 
131 
125 
86 
36 
5 
17 
12 
28 
49 
10 
25 
84 
106 
72 
30 
40 
22 
59 
114 
96 
9 
9 
50 
90 
88 
65 
58 
23 
55 
95 
87 
38 
27 
66 
60 
2 
72 
86 
24 
25 
60 
26 
20 
5 
16 
62 
53 
27 
29 
36 
55 
89 
34 
23 
63 
63 
9 
18 
7 
6 
34 
39 
65 
90 
112 
69 
57 
34 
110 
109 
64 
76 
122 
161 
170 
96 
32 
39 
127 
122 
86 
77 
48 
23 
50 
30 
29 
56 
75 
93 
46 
36 
111 
169 
162 
103 
26 
81 
182 
237 
208 
198 
124 
11 
156 
233 
225 
204 
186 
111 
30 
71 
145 
154 
176 
177 
154 
143 
190 
93 
3 
4 
44 
205 
219 
188 
212 
170 
142 
68 
6 
206 
222 
203 
162 
65 
32 
54 
60 
45 
36 
90 
23 
32 
7 
87 
71 
62 
45 
10 
39 
28 
85 
104 
62 
44 
61 
19 
55 
105 
138 
143 
83 
13 
39 
97 
95 
104 
120 
72 
67 
101 
43 
3 
50 
89 
124 
90 
24 
96 
96 
40 
15 
48 
64 
23 
23 
15 
15 
31 
8 
50 
10 
10 
42 
71 
0 
48 
24 
7 
69 
89 
126 
101 
93 
47 
6 
43 
2 
33 
116 
106 
140 
10 
120 
95 
74 
114 
58 
22 
10 
111 
143 
47 
23 
67 
141 
107 
67 
59 
55 
0 
78 
217 
192 
177 
238 
257 
212 
162 
231 
164 
53 
124 
61 
102 
267 
306 
209 
111 
24 
0 
98 
146 
118 
5 
18 
21 
112 
144 
158 
204 
209 
73 
20 
85 
83 
141 
235 
324 
224 
125 
93 
20 
99 
28 
50 
89 
0 
158 
212 
180 
183 
160 
89 
102 
77 
1 
11 
77 
51 
2 
12 
7 
97 
232 
229 
157 
136 
75 
39 
169 
178 
223 
182 
67 
10 
33 
5 
35 
125 
160 
115 
29 
3 
156 
153 
100 
55 
15 
206 
372 
353 
344 
237 
277 
290 
232 
90 
326 
428 
489 
368 
201 
130 
147 
109 
1 
44 
27 
43 
51 
86 
82 
177 
239 
272 
152 
0 
153 
207 
199 
143 
47 
31 
63 
79 
26 
14 
7 
43 
53 
12 
13 
36 
159 
233 
170 
102 
2 
81 
124 
23 
6 
55 
142 
197 
123 
52 
45 
59 
53 
64 
73 
47 
39 
80 
88 
63 
38 
21 
23 
0 
37 
53 
48 
0 
125 
127 
96 
73 
90 
170 
94 
117 
48 
1 
12 
21 
83 
107 
62 
10 
9 
4 
35 
140 
81 
76 
67 
42 
3 
77 
102 
99 
125 
94 
59 
27 
62 
42 
2 
41 
128 
184 
139 
61 
32 
33 
18 
6 
5 
102 
59 
27 
11 
52 
108 
108 
3 
13 
54 
110 
62 
22 
30 
86 
49 
177 
164 
194 
111 
63 
231 
247 
254 
155 
44 
30 
86 
107 
131 
212 
76 
69 
123 
205 
211 
69 
81 
124 
196 
258 
232 
96 
23 
41 
103 
145 
190 
181 
136 
91 
36 
77 
182 
234 
160 
21 
79 
126 
152 
166 
115 
132 
131 
98 
119 
56 
0 
24 
89 
151 
128 
89 
54 
53 
32 
38 
59 
60 
61 
62 
51 
76 
25 
66 
113 
81 
73 
73 
36 
37 
51 
53 
4 
31 
62 
64 
14 
101 
103 
118 
236 
161 
3 
61 
159 
107 
309 
230 
50 
1 
40 
86 
56 
31 
39 
31 
88 
80 
144 
168 
174 
75 
60 
188 
340 
332 
186 
26 
81 
188 
130 
92 
106 
135 
0 
56 
55 
66 
50 
2 
69 
85 
61 
24 
16 
16 
8 
2 
34 
106 
86 
45 
11 
34 
36 
5 
64 
62 
19 
16 
14 
46 
58 
41 
44 
20 
12 
9 
42 
113 
96 
33 
32 
120 
147 
141 
142 
134 
58 
25 
32 
118 
221 
222 
323 
226 
55 
0 
4 
74 
55 
25 
148 
90 
89 
167 
177 
130 
114 
70 
8 
1 
44 
106 
185 
223 
145 
111 
30 
2 
23 
16 
41 
103 
81 
82 
44 
90 
127 
104 
15 
0 
23 
2 
14 
37 
64 
14 
31 
17 
0 
4 
10 
39 
78 
48 
14 
4 
61 
59 
20 
5 
6 
33 
60 
13 
70 
83 
75 
4 
100 
236 
175 
88 
47 
152 
161 
90 
102 
61 
127 
225 
34 
37 
121 
154 
106 
15 
71 
102 
157 
40 
30 
4 
91 
26 
119 
194 
154 
110 
69 
21 
10 
5 
2 
26 
54 
101 
173 
104 
40 
8 
53 
85 
93 
149 
165 
155 
116 
28 
3 
58 
153 
143 
49 
2 
21 
64 
32 
29 
46 
53 
56 
40 
0 
8 
31 
16 
45 
42 
74 
110 
85 
16 
32 
33 
39 
27 
49 
2 
9 
36 
71 
97 
2 
96 
80 
16 
31 
63 
78 
37 
24 
19 
82 
71 
16 
8 
40 
126 
120 
1 
3 
21 
44 
82 
71 
31 
48 
88 
48 
24 
141 
2 
95 
103 
88 
25 
45 
56 
31 
34 
14 
2 
2 
46 
109 
144 
87 
30 
72 
94 
15 
89 
124 
138 
103 
0 
55 
119 
128 
64 
79 
14 
2 
64 
113 
71 
33 
29 
96 
160 
111 
30 
18 
40 
27 
37 
7 
9 
20 
26 
24 
9 
58 
175 
79 
133 
272 
186 
129 
57 
38 
122 
129 
143 
160 
64 
7 
72 
117 
89 
98 
86 
45 
13 
23 
32 
17 
10 
7 
63 
78 
31 
17 
45 
48 
11 
26 
39 
41 
34 
48 
79 
86 
61 
59 
101 
118 
107 
67 
11 
53 
102 
227 
51 
45 
28 
58 
80 
169 
114 
41 
98 
143 
168 
104 
48 
15 
32 
15 
55 
54 
23 
65 
15 
35 
93 
99 
40 
57 
15 
38 
15 
81 
98 
127 
87 
45 
37 
40 
56 
104 
111 
63 
7 
55 
14 
5 
0 
65 
39 
0 
78 
69 
19 
29 
32 
25 
26 
7 
8 
23 
15 
15 
33 
18 
18 
10 
13 
13 
2 
2 
2 
37 
53 
72 
95 
110 
99 
92 
89 
97 
76 
80 
206 
178 
49 
112 
190 
128 
86 
83 
68 
163 
155 
171 
146 
124 
98 
90 
78 
16 
17 
20 
52 
124 
156 
180 
103 
56 
21 
2 
14 
29 
37 
29 
45 
32 
0 
32 
128 
70 
4 
29 
0 
49 
82 
66 
82 
94 
5 
44 
103 
169 
116 
10 
51 
29 
3 
5 
34 
55 
79 
79 
47 
5 
61 
61 
53 
13 
8 
7 
33 
71 
136 
112 
79 
30 
31 
136 
169 
62 
42 
55 
48 
61 
101 
141 
101 
63 
54 
40 
12 
114 
287 
264 
48 
72 
129 
55 
12 
26 
63 
33 
42 
36 
42 
63 
56 
40 
40 
176 
232 
64 
104 
241 
246 
69 
47 
31 
79 
15 
48 
23 
7 
8 
53 
45 
29 
10 
24 
95 
99 
66 
79 
121 
130 
130 
71 
16 
2 
21 
53 
117 
109 
40 
44 
34 
7 
6 
21 
58 
103 
135 
106 
102 
37 
71 
152 
37 
50 
66 
42 
21 
93 
72 
6 
42 
71 
104 
61 
45 
29 
5 
37 
80 
70 
0 
1 
20 
42 
40 
14 
26 
55 
24 
0 
39 
50 
58 
34 
50 
50 
18 
18 
1 
2 
5 
0 
33 
23 
36 
26 
24 
23 
39 
54 
53 
8 
136 
104 
20 
13 
80 
105 
90 
71 
103 
67 
21 
28 
34 
52 
18 
7 
23 
25 
50 
66 
50 
18 
154 
78 
79 
136 
137 
162 
135 
95 
50 
6 
34 
90 
63 
7 
39 
24 
7 
31 
62 
45 
44 
66 
7 
24 
95 
159 
82 
6 
34 
50 
62 
45 
7 
56 
88 
54 
10 
25 
0 
11 
29 
7 
32 
10 
74 
78 
45 
23 
48 
25 
18 
15 
15 
55 
122 
102 
61 
3 
13 
20 
13 
16 
25 
63 
81 
66 
54 
21 
24 
16 
80 
72 
32 
80 
24 
39 
55 
42 
22 
53 
72 
6 
0 
9 
55 
11 
69 
91 
21 
97 
31 
22 
55 
160 
53 
66 
87 
32 
32 
77 
85 
93 
69 
24 
1 
34 
20 
7 
89 
127 
161 
62 
82 
151 
167 
104 
24 
136 
103 
64 
113 
86 
128 
94 
28 
138 
160 
117 
45 
15 
168 
185 
110 
53 
37 
24 
6 
23 
65 
98 
88 
40 
22 
85 
101 
48 
20 
50 
55 
40 
30 
61 
48 
79 
111 
110 
93 
59 
13 
108 
194 
240 
141 
37 
34 
119 
168 
173 
133 
69 
5 
71 
136 
121 
42 
71 
7 
71 
96 
128 
93 
29 
21 
21 
48 
24 
0 
57 
95 
80 
10 
54 
69 
64 
103 
83 
13 
63 
41 
34 
8 
15 
14 
98 
119 
0 
112 
125 
101 
61 
21 
2 
10 
10 
16 
40 
19 
2 
47 
41 
10 
8 
0 
22 
8 
31 
78 
109 
88 
39 
79 
38 
16 
44 
239 
241 
82 
30 
26 
39 
104 
152 
109 
61 
6 
2 
37 
45 
21 
30 
61 
61 
7 
64 
23 
94 
109 
156 
61 
137 
199 
64 
15 
39 
48 
40 
16 
56 
96 
79 
94 
77 
25 
124 
170 
169 
66 
69 
97 
66 
58 
15 
23 
15 
7 
69 
93 
77 
93 
80 
15 
49 
48 
14 
63 
57 
66 
111 
72 
72 
47 
89 
119 
87 
120 
160 
143 
78 
7 
52 
98 
127 
72 
2 
30 
37 
64 
47 
70 
93 
75 
45 
17 
83 
162 
168 
165 
69 
151 
168 
121 
98 
50 
15 
0 
0 
7 
23 
38 
32 
30 
3 
26 
84 
98 
34 
39 
24 
93 
93 
77 
7 
104 
165 
101 
55 
153 
146 
159 
80 
24 
2 
34 
90 
114 
102 
45 
31 
96 
135 
75 
2 
51 
98 
55 
62 
125 
77 
117 
89 
34 
13 
29 
33 
26 
10 
24 
43 
77 
83 
85 
49 
159 
177 
134 
93 
80 
76 
183 
193 
178 
126 
69 
4 
37 
12 
67 
154 
140 
82 
34 
9 
18 
39 
108 
130 
126 
117 
35 
47 
89 
151 
144 
13 
74 
42 
95 
152 
144 
72 
23 
33 
90 
80 
41 
10 
24 
3 
5 
39 
16 
22 
5 
16 
7 
40 
39 
151 
168 
79 
62 
53 
11 
26 
153 
111 
19 
13 
16 
72 
97 
2 
117 
101 
18 
63 
24 
40 
37 
13 
87 
135 
167 
79 
14 
2 
7 
76 
26 
2 
8 
0 
80 
64 
0 
48 
96 
48 
22 
29 
19 
13 
15 
6 
15 
28 
125 
168 
95 
6 
0 
22 
29 
28 
58 
65 
39 
9 
15 
24 
54 
85 
32 
128 
169 
126 
21 
135 
216 
157 
40 
32 
6 
13 
8 
57 
10 
31 
64 
40 
2 
39 
15 
32 
42 
15 
39 
79 
122 
118 
7 
41 
26 
48 
57 
34 
74 
13 
81 
90 
50 
34 
18 
22 
29 
2 
16 
7 
30 
16 
31 
62 
10 
40 
33 
18 
0 
23 
6 
2 
39 
14 
26 
7 
47 
86 
69 
64 
31 
70 
48 
3 
66 
143 
152 
113 
10 
10 
81 
138 
146 
138 
22 
2 
34 
31 
25 
2 
8 
22 
96 
139 
69 
22 
44 
31 
129 
240 
317 
133 
123 
330 
364 
234 
70 
29 
15 
57 
119 
113 
79 
81 
5 
80 
126 
72 
27 
90 
63 
48 
29 
29 
31 
39 
88 
125 
77 
45 
29 
24 
38 
24 
17 
92 
82 
39 
56 
13 
7 
39 
95 
31 
37 
5 
42 
46 
45 
56 
47 
62 
61 
7 
49 
79 
72 
48 
0 
16 
45 
69 
61 
23 
23 
70 
101 
72 
14 
34 
152 
145 
94 
37 
31 
103 
104 
104 
63 
110 
93 
51 
13 
60 
98 
64 
9 
37 
5 
31 
7 
15 
39 
26 
6 
34 
23 
39 
74 
94 
64 
71 
9 
103 
79 
88 
128 
48 
24 
152 
129 
162 
159 
74 
1 
74 
87 
56 
48 
5 
22 
45 
40 
47 
50 
38 
56 
62 
32 
30 
36 
91 
26 
8 
13 
2 
29 
2 
5 
13 
37 
21 
26 
63 
87 
47 
79 
102 
93 
32 
17 
42 
76 
66 
39 
32 
26 
46 
13 
2 
15 
9 
0 
6 
29 
7 
0 
32 
63 
47 
0 
58 
86 
69 
48 
12 
50 
36 
82 
47 
1 
29 
72 
47 
17 
23 
32 
2 
2 
13 
13 
18 
34 
66 
94 
53 
51 
45 
3 
10 
9 
24 
14 
47 
48 
32 
13 
58 
102 
85 
24 
22 
39 
33 
16 
15 
17 
5 
40 
7 
6 
2 
13 
47 
40 
71 
78 
69 
64 
20 
10 
0 
6 
7 
17 
2 
7 
78 
64 
54 
40 
6 
20 
18 
20 
13 
11 
21 
11 
5 
7 
9 
2 
15 
20 
2 
8 
11 
13 
16 
27 
34 
31 
48 
47 
27 
29 
27 
5 
9 
23 
17 
0 
9 
20 
2 
4 
10 
40 
17 
55 
24 
14 
29 
40 
1 
63 
49 
95 
57 
21 
24 
22 
26 
15 
0 
6 
18 
55 
56 
40 
37 
33 
2 
2 
16 
24 
24 
2 
46 
2 
79 
48 
7 
103 
95 
54 
15 
113 
151 
121 
58 
32 
7 
2 
5 
2 
10 
23 
7 
7 
15 
15 
0 
32 
16 
15 
32 
53 
65 
26 
18 
10 
24 
8 
0 
0 
31 
15 
15 
7 
0 
15 
14 
5 
16 
7 
1 
18 
7 
16 
41 
66 
47 
31 
40 
32 
8 
15 
7 
15 
0 
8 
13 
13 
5 
17 
2 
42 
54 
53 
45 
16 
23 
23 
14 
10 
8 
8 
45 
2 
10 
18 
10 
1 
37 
10 
31 
15 
0 
15 
47 
32 
7 
23 
13 
1 
34 
15 
23 
48 
40 
56 
0 
39 
22 
5 
2 
7 
15 
0 
0 
7 
24 
29 
34 
47 
42 
61 
69 
5 
42 
55 
63 
48 
16 
15 
7 
0 
8 
8 
15 
8 
16 
7 
40 
64 
39 
15 
6 
13 
5 
24 
16 
7 
23 
8 
0 
0 
24 
15 
24 
56 
31 
14 
37 
45 
32 
8 
9 
5 
5 
2 
7 
7 
0 
0 
31 
47 
14 
34 
40 
15 
7 
33 
58 
6 
2 
90 
95 
0 
16 
16 
16 
7 
50 
42 
34 
6 
2 
7 
16 
16 
10 
26 
42 
62 
45 
8 
8 
0 
30 
37 
32 
15 
6 
23 
8 
37 
61 
37 
5 
2 
7 
40 
32 
37 
45 
29 
29 
24 
15 
6 
5 
2 
16 
0 
16 
0 
7 
16 
24 
23 
23 
7 
38 
29 
16 
15 
1 
5 
8 
7 
8 
2 
42 
22 
29 
2 
31 
7 
31 
57 
18 
85 
72 
48 
31 
8 
29 
17 
5 
13 
5 
2 
7 
16 
24 
31 
23 
14 
5 
40 
31 
14 
13 
0 
0 
15 
53 
41 
14 
26 
34 
34 
46 
29 
45 
24 
15 
25 
2 
5 
0 
0 
0 
0 
16 
32 
24 
15 
18 
6 
21 
32 
27 
53 
24 
25 
2 
13 
0 
15 
7 
29 
13 
46 
10 
10 
15 
8 
10 
14 
2 
26 
45 
85 
61 
21 
13 
0 
0 
0 
16 
7 
1 
29 
40 
35 
13 
7 
1 
2 
10 
18 
18 
6 
2 
5 
23 
47 
42 
62 
53 
55 
22 
0 
20 
10 
23 
0 
40 
45 
2 
42 
50 
74 
30 
2 
32 
15 
33 
26 
55 
7 
32 
24 
48 
40 
24 
24 
23 
45 
49 
5 
37 
53 
48 
23 
18 
6 
5 
7 
15 
0 
0 
7 
15 
47 
18 
14 
37 
40 
3 
21 
8 
22 
13 
0 
9 
10 
7 
0 
10 
6 
13 
21 
16 
8 
16 
23 
62 
53 
23 
14 
0 
0 
6 
2 
7 
0 
0 
0 
8 
56 
7 
70 
53 
24 
3 
13 
24 
16 
15 
8 
13 
1 
21 
13 
37 
64 
31 
9 
47 
8 
6 
13 
0 
16 
2 
18 
10 
2 
10 
42 
54 
45 
40 
35 
45 
0 
9 
0 
25 
42 
31 
15 
47 
58 
38 
10 
15 
8 
7 
22 
37 
40 
27 
29 
0 
17 
18 
31 
23 
24 
24 
2 
10 
50 
34 
30 
45 
53 
23 
14 
37 
39 
30 
31 
104 
49 
13 
5 
21 
37 
45 
61 
53 
24 
7 
6 
0 
16 
6 
13 
24 
39 
38 
10 
8 
7 
49 
26 
15 
31 
7 
23 
47 
39 
55 
38 
45 
0 
16 
7 
2 
17 
2 
21 
2 
13 
32 
32 
15 
22 
21 
23 
22 
21 
16 
4 
5 
16 
23 
1 
34 
23 
16 
31 
30 
21 
43 
53 
31 
1 
7 
8 
9 
10 
18 
18 
0 
24 
31 
31 
38 
48 
27 
13 
12 
10 
7 
16 
14 
5 
16 
32 
23 
17 
2 
8 
16 
1 
21 
40 
31 
46 
29 
24 
0 
25 
50 
2 
16 
24 
24 
16 
58 
70 
53 
7 
32 
17 
5 
29 
24 
15 
15 
2 
9 
42 
7 
0 
56 
23 
31 
38 
21 
8 
7 
14 
13 
40 
63 
22 
10 
15 
32 
24 
2 
9 
5 
21 
21 
24 
31 
23 
14 
13 
10 
15 
15 
0 
15 
47 
30 
29 
31 
30 
29 
31 
30 
16 
0 
9 
5 
15 
16 
9 
5 
24 
39 
15 
1 
2 
5 
21 
24 
23 
0 
17 
5 
7 
16 
0 
2 
1 
21 
29 
32 
80 
63 
1 
34 
0 
23 
34 
38 
21 
13 
16 
0 
13 
41 
26 
31 
16 
7 
58 
46 
13 
24 
56 
23 
6 
21 
13 
32 
7 
13 
9 
18 
24 
39 
22 
29 
24 
6 
13 
16 
6 
5 
23 
6 
5 
8 
7 
22 
21 
31 
61 
65 
10 
72 
88 
47 
8 
53 
41 
2 
13 
53 
61 
21 
48 
16 
16 
23 
15 
6 
5 
24 
30 
13 
8 
0 
6 
2 
8 
7 
22 
5 
8 
0 
14 
2 
2 
0 
16 
16 
0 
7 
10 
1 
18 
2 
8 
32 
40 
32 
40 
40 
63 
23 
6 
8 
0 
6 
7 
24 
9 
5 
45 
40 
0 
25 
26 
5 
24 
23 
31 
38 
37 
16 
15 
2 
9 
2 
0 
7 
15 
30 
45 
23 
17 
24 
31 
22 
5 
0 
16 
5 
5 
21 
21 
5 
15 
15 
7 
31 
47 
86 
93 
75 
61 
27 
47 
137 
87 
5 
6 
37 
24 
24 
31 
0 
18 
18 
21 
1 
29 
37 
29 
24 
23 
2 
9 
2 
26 
2 
24 
48 
47 
30 
13 
8 
6 
13 
16 
7 
6 
21 
16 
7 
8 
25 
34 
34 
7 
16 
47 
55 
54 
37 
47 
54 
40 
14 
7 
12 
2 
15 
32 
24 
5 
10 
30 
45 
32 
3 
13 
15 
38 
32 
22 
29 
23 
6 
7 
8 
6 
7 
8 
1 
2 
32 
31 
46 
37 
7 
14 
16 
14 
21 
4 
5 
8 
4 
10 
39 
48 
49 
13 
48 
56 
55 
46 
61 
40 
11 
2 
16 
9 
0 
3 
13 
0 
72 
41 
29 
32 
39 
34 
14 
5 
21 
40 
40 
23 
22 
21 
0 
20 
10 
7 
7 
6 
32 
15 
22 
5 
8 
1 
5 
10 
8 
24 
39 
26 
30 
29 
40 
12 
42 
39 
24 
14 
45 
80 
48 
16 
33 
10 
13 
5 
13 
37 
48 
40 
43 
37 
24 
1 
23 
25 
2 
16 
23 
6 
10 
7 
24 
1 
21 
24 
39 
54 
61 
40 
17 
42 
8 
6 
13 
18 
23 
8 
48 
24 
31 
50 
82 
102 
77 
40 
14 
0 
28 
42 
23 
45 
17 
21 
5 
34 
10 
13 
33 
42 
38 
21 
13 
24 
0 
32 
48 
15 
55 
42 
26 
18 
26 
34 
22 
21 
2 
7 
8 
1 
45 
32 
7 
22 
8 
7 
6 
13 
16 
7 
10 
14 
45 
95 
78 
0 
17 
44 
10 
48 
9 
8 
32 
31 
30 
2 
0 
7 
14 
18 
15 
23 
54 
37 
16 
15 
1 
10 
15 
16 
2 
17 
34 
13 
37 
29 
13 
40 
16 
24 
31 
7 
42 
54 
29 
7 
17 
5 
24 
7 
9 
34 
0 
23 
25 
5 
64 
23 
33 
18 
50 
7 
24 
13 
18 
45 
93 
93 
40 
15 
30 
21 
8 
8 
1 
13 
24 
0 
17 
0 
12 
2 
0 
8 
1 
13 
45 
56 
39 
22 
13 
0 
8 
14 
24 
23 
6 
15 
28 
18 
8 
31 
54 
45 
23 
22 
32 
30 
8 
12 
2 
0 
55 
72 
21 
6 
2 
13 
37 
13 
24 
55 
86 
85 
43 
29 
4 
10 
0 
14 
16 
0 
6 
8 
12 
2 
24 
46 
8 
33 
15 
25 
26 
15 
23 
47 
30 
2 
18 
37 
80 
47 
54 
56 
19 
8 
41 
71 
17 
21 
32 
22 
2 
8 
9 
32 
7 
10 
22 
13 
16 
31 
46 
29 
0 
1 
10 
7 
8 
8 
1 
29 
40 
35 
5 
20 
2 
15 
22 
16 
19 
13 
8 
3 
5 
16 
7 
18 
22 
13 
0 
8 
38 
48 
12 
2 
4 
2 
12 
13 
8 
15 
10 
30 
29 
40 
39 
30 
16 
3 
5 
20 
10 
32 
9 
5 
24 
24 
57 
10 
6 
18 
58 
50 
70 
61 
48 
35 
21 
11 
8 
57 
15 
17 
5 
40 
55 
38 
16 
12 
58 
79 
23 
31 
90 
70 
40 
19 
5 
28 
50 
56 
1 
37 
53 
64 
39 
30 
40 
35 
21 
4 
10 
24 
9 
7 
8 
1 
29 
32 
7 
14 
16 
12 
29 
40 
38 
0 
33 
55 
35 
37 
32 
23 
30 
2 
31 
16 
16 
13 
2 
18 
34 
54 
45 
24 
0 
9 
31 
32 
6 
13 
16 
15 
10 
14 
13 
37 
61 
53 
48 
47 
22 
23 
20 
5 
3 
13 
24 
38 
16 
17 
34 
24 
17 
5 
8 
7 
30 
69 
61 
32 
56 
33 
29 
24 
0 
21 
17 
13 
29 
16 
8 
23 
14 
29 
32 
15 
9 
23 
24 
15 
30 
45 
37 
32 
15 
22 
53 
40 
11 
13 
11 
5 
4 
7 
9 
39 
33 
21 
32 
7 
17 
5 
24 
23 
22 
37 
40 
11 
13 
8 
30 
21 
11 
5 
0 
11 
29 
16 
4 
18 
7 
14 
13 
11 
45 
51 
29 
4 
18 
60 
26 
10 
7 
31 
16 
39 
63 
46 
37 
16 
19 
61 
35 
29 
7 
14 
8 
1 
7 
20 
66 
56 
33 
82 
55 
24 
48 
72 
80 
80 
64 
56 
63 
23 
1 
10 
8 
23 
38 
72 
78 
51 
28 
3 
46 
62 
66 
65 
52 
18 
7 
6 
29 
64 
55 
54 
45 
16 
0 
25 
15 
3 
13 
16 
22 
21 
32 
11 
5 
0 
20 
10 
0 
23 
46 
72 
62 
16 
1 
23 
25 
7 
25 
15 
7 
22 
13 
16 
7 
22 
21 
24 
15 
30 
56 
43 
45 
3 
10 
31 
41 
18 
24 
37 
25 
10 
5 
24 
56 
64 
63 
78 
48 
11 
13 
11 
5 
16 
6 
55 
24 
30 
64 
51 
61 
19 
0 
49 
76 
42 
31 
29 
38 
29 
16 
24 
32 
32 
0 
16 
8 
39 
70 
77 
48 
1 
7 
44 
42 
15 
7 
15 
18 
14 
5 
21 
48 
48 
19 
29 
32 
46 
32 
6 
15 
25 
23 
4 
2 
7 
16 
14 
37 
40 
19 
5 
8 
22 
13 
7 
6 
18 
7 
7 
0 
23 
23 
26 
6 
2 
0 
0 
22 
61 
40 
38 
45 
51 
53 
35 
21 
3 
0 
17 
67 
146 
159 
32 
31 
87 
90 
70 
53 
48 
0 
21 
1 
10 
2 
7 
15 
16 
31 
31 
39 
50 
54 
40 
11 
5 
0 
1 
18 
8 
38 
37 
15 
12 
21 
48 
54 
45 
3 
10 
20 
15 
25 
50 
32 
21 
14 
5 
21 
37 
40 
56 
47 
31 
38 
29 
23 
30 
24 
9 
18 
7 
30 
32 
11 
10 
24 
49 
55 
72 
41 
2 
21 
72 
88 
63 
39 
30 
5 
18 
23 
23 
0 
8 
7 
23 
39 
66 
54 
24 
27 
29 
11 
5 
7 
14 
15 
57 
71 
56 
0 
10 
18 
34 
86 
93 
88 
47 
1 
31 
57 
58 
34 
0 
16 
24 
39 
39 
18 
17 
10 
0 
16 
39 
46 
69 
64 
39 
22 
8 
0 
6 
0 
12 
26 
48 
1 
24 
23 
6 
8 
15 
70 
72 
31 
25 
39 
8 
6 
5 
5 
16 
9 
26 
5 
24 
47 
50 
38 
8 
8 
1 
13 
8 
24 
23 
30 
13 
0 
0 
9 
26 
0 
22 
29 
24 
30 
21 
0 
41 
34 
10 
2 
8 
32 
48 
56 
63 
46 
29 
7 
12 
5 
7 
4 
13 
16 
40 
27 
29 
32 
38 
24 
6 
28 
37 
11 
27 
58 
84 
58 
31 
16 
13 
2 
23 
55 
80 
96 
64 
31 
38 
45 
32 
22 
16 
14 
11 
2 
44 
79 
68 
58 
39 
7 
40 
72 
127 
123 
77 
16 
33 
79 
57 
55 
31 
0 
7 
7 
31 
55 
71 
79 
55 
38 
13 
4 
13 
11 
45 
35 
2 
25 
71 
73 
79 
40 
15 
23 
31 
26 
18 
18 
10 
18 
34 
34 
26 
42 
34 
30 
29 
29 
24 
0 
4 
21 
32 
38 
24 
14 
7 
9 
0 
14 
40 
27 
13 
12 
2 
12 
10 
40 
78 
64 
54 
20 
5 
14 
59 
52 
6 
82 
113 
135 
121 
74 
22 
2 
31 
64 
109 
125 
101 
77 
72 
48 
6 
10 
31 
41 
58 
23 
16 
21 
33 
2 
29 
80 
88 
71 
86 
64 
6 
34 
44 
42 
47 
32 
8 
2 
1 
13 
29 
32 
0 
0 
34 
14 
2 
13 
21 
29 
45 
45 
37 
5 
8 
7 
6 
29 
40 
46 
40 
78 
11 
23 
57 
64 
49 
31 
15 
39 
47 
38 
45 
32 
11 
37 
39 
54 
68 
29 
12 
63 
65 
71 
64 
45 
21 
21 
18 
58 
106 
134 
181 
144 
70 
44 
100 
143 
153 
95 
0 
16 
24 
32 
40 
37 
29 
45 
53 
72 
80 
67 
37 
7 
9 
47 
89 
74 
71 
40 
8 
47 
