90 
87 
63 
31 
22 
8 
28 
2 
15 
32 
49 
66 
50 
10 
37 
77 
69 
45 
37 
29 
32 
30 
21 
0 
17 
7 
7 
22 
45 
16 
0 
1 
2 
0 
9 
5 
0 
9 
13 
16 
7 
18 
26 
6 
5 
17 
22 
21 
61 
45 
40 
27 
13 
12 
2 
4 
34 
20 
2 
16 
15 
2 
62 
37 
7 
36 
21 
8 
17 
2 
8 
46 
93 
47 
17 
79 
104 
93 
45 
7 
63 
72 
129 
166 
69 
40 
20 
74 
88 
49 
18 
0 
24 
47 
55 
31 
2 
17 
34 
34 
0 
48 
47 
23 
6 
10 
7 
15 
8 
8 
16 
13 
9 
2 
39 
39 
55 
79 
94 
69 
35 
4 
10 
44 
31 
17 
31 
40 
25 
18 
2 
0 
24 
88 
88 
104 
174 
124 
45 
17 
68 
116 
79 
49 
55 
41 
10 
23 
79 
87 
55 
57 
122 
111 
72 
56 
48 
40 
16 
7 
15 
15 
32 
40 
16 
7 
9 
18 
5 
80 
62 
24 
14 
15 
25 
23 
16 
6 
5 
8 
40 
48 
55 
38 
13 
16 
17 
0 
4 
13 
8 
15 
14 
2 
0 
0 
7 
23 
10 
6 
21 
53 
80 
54 
13 
33 
63 
36 
42 
31 
39 
31 
69 
61 
41 
26 
1 
21 
101 
133 
88 
38 
20 
90 
156 
122 
55 
23 
5 
25 
42 
71 
112 
136 
128 
120 
51 
5 
33 
67 
82 
28 
26 
39 
52 
42 
26 
15 
8 
24 
53 
69 
101 
93 
72 
35 
29 
39 
86 
8 
57 
95 
81 
26 
56 
75 
61 
44 
5 
44 
47 
41 
7 
1 
5 
15 
23 
0 
7 
8 
41 
98 
119 
111 
110 
53 
1 
59 
74 
81 
55 
33 
40 
55 
22 
18 
48 
24 
10 
26 
34 
14 
29 
45 
24 
0 
16 
5 
1 
21 
21 
29 
37 
13 
8 
7 
7 
42 
62 
72 
91 
69 
54 
19 
3 
18 
57 
44 
23 
17 
23 
9 
8 
15 
110 
104 
102 
92 
73 
57 
33 
17 
20 
12 
18 
25 
23 
25 
23 
28 
26 
79 
72 
65 
50 
26 
18 
10 
6 
90 
66 
50 
30 
13 
8 
7 
14 
31 
41 
42 
52 
42 
39 
33 
34 
24 
1 
2 
4 
5 
3 
21 
19 
2 
20 
26 
40 
41 
47 
48 
48 
18 
6 
2 
10 
10 
10 
7 
7 
8 
7 
7 
6 
5 
7 
14 
16 
14 
4 
19 
34 
41 
12 
12 
29 
38 
27 
11 
42 
57 
60 
39 
9 
12 
10 
28 
24 
22 
35 
60 
53 
73 
49 
20 
4 
12 
2 
41 
76 
39 
17 
11 
36 
65 
41 
81 
97 
44 
15 
6 
56 
86 
68 
45 
19 
16 
30 
27 
37 
38 
44 
41 
45 
22 
22 
10 
9 
1 
19 
24 
22 
27 
28 
60 
52 
19 
21 
43 
77 
51 
56 
38 
43 
52 
25 
6 
19 
11 
11 
11 
11 
4 
20 
9 
13 
1 
36 
68 
50 
9 
20 
45 
35 
32 
30 
11 
28 
45 
43 
20 
5 
9 
44 
50 
41 
0 
22 
67 
149 
142 
54 
17 
69 
14 
90 
65 
60 
47 
41 
7 
15 
6 
21 
48 
56 
35 
45 
64 
25 
18 
16 
9 
7 
8 
1 
21 
31 
38 
45 
23 
30 
24 
30 
40 
46 
43 
45 
38 
35 
19 
12 
9 
9 
21 
14 
14 
14 
19 
11 
11 
11 
27 
35 
27 
30 
18 
17 
17 
36 
27 
34 
28 
19 
18 
9 
11 
18 
14 
4 
3 
2 
1 
4 
3 
2 
22 
14 
3 
4 
3 
11 
11 
22 
22 
14 
6 
4 
19 
26 
33 
52 
5 
19 
20 
9 
13 
6 
43 
19 
36 
51 
59 
58 
44 
2 
23 
26 
38 
53 
72 
40 
12 
18 
39 
44 
2 
24 
46 
53 
43 
53 
27 
13 
1 
7 
17 
31 
41 
34 
40 
1 
21 
55 
62 
69 
43 
45 
40 
30 
32 
3 
5 
12 
26 
52 
10 
3 
29 
35 
69 
70 
35 
12 
27 
50 
41 
23 
3 
21 
48 
46 
40 
38 
16 
1 
4 
45 
59 
11 
74 
105 
95 
56 
16 
7 
39 
72 
72 
40 
16 
0 
40 
183 
166 
68 
1 
74 
121 
140 
114 
72 
16 
58 
122 
86 
93 
56 
6 
47 
68 
34 
40 
22 
37 
24 
6 
5 
7 
24 
8 
2 
6 
21 
21 
32 
63 
54 
40 
54 
64 
38 
8 
41 
71 
89 
74 
39 
8 
64 
64 
48 
7 
54 
61 
32 
22 
0 
6 
8 
12 
18 
39 
8 
14 
10 
23 
8 
23 
39 
50 
46 
61 
48 
31 
30 
13 
8 
6 
2 
15 
38 
7 
41 
72 
65 
23 
0 
6 
21 
16 
24 
24 
23 
48 
32 
24 
72 
32 
7 
34 
14 
8 
8 
14 
13 
3 
21 
7 
14 
16 
35 
29 
8 
1 
10 
27 
45 
11 
13 
12 
42 
33 
34 
32 
25 
21 
37 
29 
37 
21 
37 
32 
24 
0 
0 
6 
5 
16 
27 
61 
72 
59 
37 
3 
2 
36 
66 
79 
97 
74 
34 
13 
85 
101 
77 
37 
128 
71 
6 
34 
96 
81 
34 
2 
5 
29 
53 
61 
40 
24 
23 
30 
45 
32 
22 
29 
23 
6 
2 
24 
9 
15 
8 
22 
32 
54 
56 
70 
32 
9 
60 
58 
55 
29 
33 
2 
25 
86 
101 
69 
39 
30 
32 
126 
83 
3 
62 
106 
121 
95 
64 
49 
29 
85 
77 
61 
45 
23 
40 
24 
21 
13 
6 
85 
101 
93 
72 
47 
6 
34 
80 
97 
74 
42 
45 
117 
125 
88 
35 
10 
44 
34 
15 
8 
9 
18 
0 
0 
15 
30 
37 
61 
72 
63 
38 
16 
1 
0 
4 
2 
7 
25 
2 
0 
4 
13 
16 
91 
109 
75 
28 
5 
41 
41 
51 
50 
47 
49 
50 
50 
15 
45 
157 
173 
157 
116 
69 
6 
52 
83 
90 
89 
79 
81 
58 
10 
93 
133 
69 
26 
26 
29 
56 
24 
7 
25 
34 
31 
31 
31 
15 
41 
58 
50 
47 
31 
15 
23 
47 
71 
54 
29 
7 
1 
0 
1 
2 
8 
54 
53 
11 
34 
47 
33 
5 
40 
30 
53 
27 
34 
32 
41 
18 
15 
0 
7 
13 
33 
66 
74 
38 
37 
37 
40 
30 
21 
27 
37 
4 
26 
36 
34 
40 
41 
50 
8 
88 
103 
86 
16 
33 
42 
0 
14 
29 
24 
15 
8 
17 
29 
37 
8 
0 
24 
9 
21 
32 
11 
2 
0 
0 
8 
2 
1 
2 
2 
21 
41 
54 
45 
45 
128 
107 
61 
6 
52 
90 
73 
55 
41 
2 
8 
72 
23 
13 
17 
18 
24 
56 
63 
51 
21 
0 
7 
6 
18 
15 
0 
0 
63 
26 
6 
26 
42 
8 
48 
47 
54 
45 
31 
22 
2 
32 
32 
10 
38 
53 
85 
72 
46 
0 
49 
52 
47 
25 
28 
2 
7 
22 
13 
16 
0 
15 
64 
56 
48 
39 
46 
21 
8 
1 
42 
56 
49 
18 
21 
32 
7 
7 
2 
21 
49 
98 
118 
85 
23 
1 
23 
25 
15 
9 
0 
7 
30 
29 
0 
13 
46 
29 
15 
38 
29 
11 
16 
14 
3 
2 
19 
69 
19 
18 
49 
71 
72 
5 
46 
45 
45 
64 
31 
14 
8 
7 
1 
0 
63 
38 
18 
24 
25 
34 
15 
7 
30 
53 
80 
150 
125 
94 
35 
44 
99 
106 
65 
23 
1 
10 
8 
17 
18 
5 
48 
56 
31 
1 
18 
7 
23 
55 
42 
2 
1 
21 
29 
40 
40 
27 
13 
23 
49 
71 
49 
18 
24 
48 
56 
64 
48 
71 
39 
7 
17 
10 
15 
0 
30 
48 
86 
68 
93 
38 
84 
103 
89 
79 
48 
5 
42 
58 
58 
54 
61 
128 
91 
29 
36 
111 
121 
66 
32 
40 
24 
16 
7 
8 
15 
23 
31 
50 
38 
37 
32 
27 
21 
40 
43 
5 
24 
25 
8 
3 
18 
44 
18 
7 
8 
14 
8 
0 
8 
34 
34 
58 
50 
34 
1 
26 
18 
5 
32 
72 
79 
70 
24 
9 
15 
9 
15 
25 
39 
40 
5 
10 
30 
37 
53 
77 
96 
67 
93 
78 
20 
75 
138 
145 
103 
32 
7 
39 
56 
85 
49 
26 
34 
34 
30 
53 
40 
27 
5 
7 
49 
66 
55 
15 
15 
40 
64 
63 
55 
30 
37 
48 
11 
5 
35 
53 
91 
61 
17 
100 
98 
108 
106 
79 
31 
8 
64 
104 
144 
104 
47 
6 
26 
31 
0 
15 
26 
26 
38 
13 
0 
15 
30 
32 
54 
68 
61 
38 
52 
99 
90 
64 
17 
5 
29 
32 
40 
112 
63 
30 
7 
65 
42 
15 
46 
45 
47 
38 
5 
32 
71 
78 
37 
36 
87 
97 
47 
0 
14 
40 
39 
30 
8 
24 
25 
10 
10 
5 
25 
34 
58 
54 
45 
45 
24 
22 
21 
19 
29 
22 
7 
33 
63 
44 
5 
5 
8 
8 
0 
46 
69 
72 
35 
13 
8 
14 
8 
12 
10 
7 
32 
99 
77 
12 
34 
44 
37 
43 
64 
38 
6 
27 
36 
51 
130 
161 
130 
47 
0 
25 
50 
74 
71 
56 
32 
32 
48 
40 
48 
32 
32 
23 
10 
17 
26 
15 
16 
6 
45 
72 
62 
40 
30 
7 
25 
60 
50 
23 
7 
18 
10 
2 
21 
13 
18 
58 
90 
86 
77 
48 
54 
43 
5 
33 
84 
58 
60 
34 
7 
7 
23 
18 
10 
9 
13 
37 
40 
32 
31 
34 
38 
61 
56 
3 
18 
31 
32 
17 
10 
48 
67 
117 
107 
52 
34 
97 
92 
55 
4 
10 
15 
32 
45 
66 
130 
102 
101 
104 
6 
75 
66 
80 
73 
26 
16 
32 
39 
23 
15 
39 
31 
26 
14 
10 
7 
31 
46 
32 
7 
17 
31 
23 
7 
15 
15 
26 
30 
21 
21 
8 
0 
30 
61 
56 
46 
16 
1 
23 
28 
58 
47 
39 
39 
39 
46 
45 
44 
74 
60 
50 
44 
26 
15 
25 
18 
8 
8 
21 
33 
50 
58 
58 
54 
45 
40 
23 
14 
15 
48 
73 
10 
53 
133 
149 
80 
4 
66 
100 
90 
96 
57 
5 
37 
104 
119 
86 
5 
31 
87 
96 
31 
33 
50 
63 
71 
63 
111 
99 
53 
4 
18 
52 
63 
41 
23 
16 
6 
13 
32 
31 
30 
53 
48 
46 
37 
19 
13 
11 
0 
17 
23 
25 
18 
0 
8 
6 
29 
53 
32 
23 
6 
2 
0 
6 
16 
15 
22 
53 
72 
43 
21 
7 
33 
47 
33 
26 
0 
70 
85 
75 
45 
6 
23 
57 
79 
65 
66 
34 
13 
57 
74 
114 
66 
46 
45 
32 
6 
10 
28 
34 
32 
46 
45 
12 
10 
7 
7 
14 
0 
48 
61 
25 
2 
5 
29 
61 
85 
77 
61 
29 
8 
7 
16 
16 
5 
22 
29 
32 
30 
29 
83 
101 
43 
11 
34 
36 
23 
30 
32 
14 
35 
58 
76 
42 
23 
31 
71 
90 
102 
45 
7 
25 
10 
0 
16 
9 
29 
48 
35 
37 
3 
18 
52 
58 
72 
93 
37 
10 
66 
103 
95 
48 
88 
96 
3 
34 
63 
65 
18 
24 
46 
53 
47 
54 
24 
1 
2 
8 
14 
42 
23 
17 
2 
8 
7 
1 
5 
13 
24 
39 
46 
45 
48 
150 
133 
134 
118 
98 
81 
82 
63 
127 
103 
94 
85 
51 
37 
22 
11 
44 
35 
27 
19 
35 
60 
52 
60 
67 
66 
25 
27 
45 
78 
99 
99 
26 
134 
115 
43 
12 
60 
115 
91 
34 
6 
52 
93 
99 
68 
61 
54 
35 
36 
76 
41 
17 
3 
4 
2 
46 
43 
60 
45 
22 
17 
36 
9 
2 
1 
28 
26 
4 
29 
83 
88 
102 
102 
70 
26 
1 
27 
61 
86 
91 
83 
51 
18 
12 
2 
20 
5 
72 
107 
117 
75 
36 
29 
6 
17 
20 
27 
10 
14 
3 
21 
22 
19 
12 
3 
6 
37 
94 
62 
10 
38 
54 
62 
74 
57 
55 
33 
21 
48 
31 
30 
13 
32 
67 
69 
64 
30 
19 
5 
12 
0 
14 
8 
6 
48 
62 
75 
100 
52 
51 
61 
134 
123 
100 
60 
0 
6 
8 
9 
34 
10 
6 
18 
50 
87 
96 
88 
88 
51 
29 
12 
42 
44 
23 
14 
16 
22 
12 
21 
27 
29 
38 
52 
21 
9 
44 
59 
34 
28 
2 
0 
6 
29 
64 
51 
45 
32 
11 
5 
3 
29 
51 
68 
45 
14 
20 
76 
95 
105 
95 
48 
0 
23 
31 
40 
32 
45 
61 
69 
69 
48 
23 
7 
6 
2 
8 
11 
13 
8 
4 
2 
0 
54 
72 
30 
11 
13 
17 
51 
50 
31 
33 
26 
8 
24 
32 
39 
55 
66 
62 
61 
16 
62 
140 
109 
17 
92 
100 
95 
57 
39 
40 
41 
26 
0 
40 
64 
64 
64 
71 
103 
94 
88 
30 
23 
81 
119 
129 
122 
87 
7 
33 
82 
138 
135 
119 
54 
21 
0 
24 
49 
50 
42 
5 
8 
8 
7 
15 
42 
46 
29 
24 
23 
22 
32 
23 
14 
2 
8 
15 
14 
7 
7 
6 
2 
7 
33 
26 
16 
55 
47 
38 
13 
16 
7 
78 
69 
8 
36 
74 
79 
48 
1 
13 
16 
32 
55 
39 
18 
10 
10 
42 
50 
18 
17 
42 
15 
64 
63 
78 
213 
179 
67 
76 
172 
180 
143 
41 
29 
88 
55 
14 
2 
42 
34 
18 
5 
17 
42 
66 
58 
50 
14 
2 
10 
34 
38 
5 
34 
66 
66 
46 
21 
23 
72 
53 
9 
37 
53 
45 
61 
53 
53 
32 
8 
16 
49 
42 
10 
32 
31 
38 
37 
24 
14 
13 
7 
8 
10 
14 
69 
53 
24 
17 
42 
39 
9 
69 
88 
70 
40 
9 
44 
50 
39 
40 
17 
21 
69 
160 
112 
46 
43 
74 
76 
66 
40 
25 
5 
8 
32 
80 
109 
77 
101 
61 
8 
89 
143 
121 
90 
10 
53 
85 
45 
45 
33 
34 
26 
23 
15 
32 
48 
56 
40 
7 
17 
26 
3 
13 
32 
38 
24 
22 
8 
3 
10 
23 
40 
33 
18 
0 
40 
71 
62 
45 
40 
19 
21 
32 
31 
30 
2 
8 
25 
34 
23 
8 
14 
21 
95 
94 
40 
17 
44 
58 
36 
2 
7 
7 
31 
74 
38 
5 
8 
0 
1 
5 
8 
7 
1 
93 
88 
36 
98 
95 
0 
47 
39 
18 
9 
34 
23 
15 
16 
48 
64 
56 
0 
15 
0 
10 
9 
10 
7 
16 
21 
29 
37 
53 
61 
56 
43 
45 
27 
29 
12 
34 
76 
66 
55 
32 
0 
26 
50 
78 
93 
72 
35 
13 
4 
5 
11 
13 
0 
9 
2 
7 
7 
30 
61 
87 
94 
59 
17 
18 
73 
73 
92 
90 
76 
10 
32 
56 
96 
47 
15 
14 
5 
18 
0 
15 
14 
13 
2 
0 
31 
135 
110 
37 
23 
65 
63 
36 
2 
32 
22 
16 
9 
0 
38 
45 
23 
6 
18 
23 
15 
74 
94 
21 
20 
42 
31 
6 
5 
4 
18 
31 
8 
22 
29 
29 
37 
16 
8 
48 
31 
14 
37 
40 
11 
2 
20 
7 
28 
10 
23 
32 
21 
2 
50 
103 
122 
62 
16 
1 
23 
1 
12 
13 
4 
10 
17 
42 
48 
32 
2 
26 
18 
0 
7 
31 
74 
62 
45 
40 
11 
21 
15 
1 
15 
30 
45 
7 
9 
42 
64 
41 
23 
15 
15 
31 
58 
50 
46 
29 
16 
8 
64 
24 
16 
16 
8 
10 
46 
53 
40 
30 
24 
22 
7 
14 
12 
10 
8 
14 
13 
7 
17 
18 
15 
24 
1 
13 
16 
40 
91 
61 
8 
24 
25 
26 
5 
24 
0 
7 
42 
22 
13 
24 
19 
37 
48 
38 
16 
33 
7 
6 
23 
16 
9 
50 
23 
24 
40 
15 
0 
2 
10 
34 
54 
21 
5 
2 
2 
10 
17 
26 
18 
18 
38 
37 
56 
47 
22 
0 
1 
7 
12 
2 
7 
54 
53 
16 
33 
50 
39 
16 
26 
46 
37 
32 
31 
38 
40 
15 
38 
53 
24 
28 
74 
95 
47 
8 
103 
87 
86 
61 
3 
2 
51 
77 
67 
5 
65 
100 
130 
127 
64 
16 
23 
56 
80 
48 
16 
24 
39 
23 
7 
0 
0 
1 
26 
47 
64 
37 
29 
5 
2 
5 
16 
27 
29 
0 
33 
34 
15 
7 
22 
29 
21 
32 
56 
47 
22 
5 
0 
6 
8 
12 
26 
23 
16 
1 
21 
37 
37 
45 
69 
77 
40 
7 
1 
7 
14 
53 
27 
16 
17 
47 
41 
23 
0 
5 
25 
18 
2 
21 
53 
64 
56 
23 
9 
26 
32 
16 
8 
29 
53 
45 
5 
23 
64 
53 
57 
58 
38 
77 
85 
99 
69 
3 
43 
98 
105 
135 
120 
45 
26 
55 
87 
87 
80 
63 
31 
6 
2 
15 
24 
2 
6 
5 
2 
2 
0 
16 
24 
48 
48 
47 
110 
85 
27 
0 
33 
68 
50 
31 
17 
21 
80 
71 
54 
40 
25 
91 
82 
31 
25 
37 
61 
24 
16 
0 
32 
48 
0 
33 
66 
39 
48 
120 
88 
19 
18 
47 
49 
23 
9 
21 
32 
15 
33 
74 
66 
30 
18 
74 
87 
103 
79 
47 
14 
16 
7 
6 
10 
8 
31 
46 
0 
28 
34 
23 
8 
22 
45 
47 
30 
40 
19 
2 
23 
56 
65 
34 
22 
13 
21 
16 
39 
104 
125 
117 
72 
23 
9 
47 
76 
58 
50 
26 
37 
57 
66 
42 
39 
31 
39 
34 
30 
32 
19 
5 
12 
2 
27 
5 
8 
9 
26 
31 
8 
63 
118 
69 
3 
26 
76 
71 
24 
9 
10 
10 
40 
45 
33 
26 
106 
66 
1 
58 
79 
16 
23 
31 
26 
14 
13 
32 
31 
86 
64 
51 
45 
30 
8 
14 
3 
0 
1 
12 
2 
9 
15 
1 
0 
20 
26 
31 
40 
5 
14 
37 
69 
64 
39 
22 
0 
36 
26 
2 
48 
56 
72 
55 
7 
1 
34 
55 
48 
41 
2 
32 
47 
46 
45 
24 
3 
5 
10 
0 
16 
31 
23 
26 
30 
37 
40 
51 
61 
67 
61 
78 
19 
60 
100 
95 
81 
55 
2 
22 
29 
40 
32 
55 
86 
125 
76 
2 
76 
79 
73 
18 
8 
15 
94 
101 
48 
1 
31 
68 
34 
7 
12 
2 
0 
0 
24 
90 
62 
53 
29 
24 
15 
14 
24 
35 
53 
51 
45 
30 
19 
4 
19 
19 
2 
6 
3 
10 
20 
5 
67 
40 
17 
68 
98 
96 
41 
29 
72 
79 
55 
26 
6 
13 
13 
21 
21 
29 
8 
7 
22 
21 
11 
13 
12 
18 
0 
14 
29 
24 
23 
14 
21 
8 
1 
29 
40 
46 
40 
94 
51 
4 
6 
42 
57 
60 
18 
4 
10 
7 
25 
2 
40 
71 
78 
69 
35 
29 
19 
0 
1 
31 
73 
71 
40 
13 
10 
54 
61 
45 
48 
31 
14 
16 
1 
2 
23 
54 
56 
14 
47 
65 
47 
32 
1 
90 
74 
54 
45 
8 
33 
36 
26 
25 
27 
26 
44 
15 
9 
7 
1 
10 
3 
13 
16 
49 
31 
25 
10 
12 
2 
12 
2 
0 
57 
55 
48 
49 
50 
50 
106 
102 
95 
84 
74 
74 
58 
30 
79 
112 
6 
5 
8 
47 
38 
8 
20 
10 
7 
9 
5 
4 
5 
12 
35 
18 
33 
44 
51 
34 
44 
23 
1 
2 
16 
41 
90 
58 
26 
17 
34 
50 
26 
6 
18 
34 
31 
63 
104 
87 
47 
1 
50 
63 
56 
40 
40 
24 
56 
161 
138 
46 
2 
71 
127 
72 
0 
199 
263 
134 
11 
114 
225 
239 
183 
110 
68 
12 
46 
59 
43 
68 
76 
73 
41 
60 
115 
138 
152 
141 
53 
2 
31 
48 
97 
114 
90 
50 
14 
18 
47 
183 
248 
195 
100 
34 
161 
180 
50 
15 
71 
119 
139 
101 
28 
115 
170 
236 
122 
42 
34 
14 
5 
10 
10 
47 
79 
63 
55 
38 
29 
3 
10 
9 
31 
57 
127 
104 
73 
42 
26 
0 
16 
40 
47 
8 
88 
104 
95 
46 
13 
3 
8 
1 
27 
10 
19 
53 
24 
73 
37 
53 
136 
95 
30 
71 
97 
71 
62 
76 
34 
156 
226 
242 
126 
3 
43 
51 
76 
100 
124 
97 
97 
132 
140 
154 
122 
22 
58 
108 
82 
55 
16 
7 
14 
37 
61 
72 
27 
21 
64 
14 
55 
17 
16 
17 
47 
105 
66 
57 
42 
50 
18 
32 
16 
55 
88 
72 
32 
8 
47 
6 
2 
7 
48 
32 
24 
8 
7 
31 
80 
120 
152 
107 
85 
27 
91 
150 
146 
132 
50 
7 
0 
0 
9 
18 
0 
17 
51 
58 
100 
106 
63 
31 
10 
17 
34 
31 
16 
16 
23 
162 
270 
308 
209 
20 
149 
187 
253 
278 
226 
173 
141 
85 
12 
100 
115 
108 
100 
105 
129 
145 
132 
114 
71 
43 
26 
116 
122 
92 
74 
79 
64 
8 
64 
113 
122 
96 
40 
5 
5 
13 
10 
29 
8 
55 
46 
5 
7 
48 
61 
65 
46 
2 
42 
82 
66 
82 
94 
61 
16 
16 
9 
90 
55 
24 
48 
13 
38 
61 
69 
40 
0 
25 
34 
55 
80 
77 
45 
73 
66 
102 
61 
23 
71 
88 
77 
37 
13 
26 
5 
53 
5 
18 
26 
23 
56 
64 
69 
45 
13 
9 
42 
5 
37 
80 
72 
79 
62 
32 
30 
4 
42 
81 
172 
199 
101 
9 
61 
37 
45 
48 
40 
15 
23 
33 
34 
58 
111 
56 
46 
109 
124 
101 
43 
27 
11 
44 
68 
132 
155 
114 
112 
93 
77 
85 
48 
19 
21 
12 
18 
63 
121 
127 
56 
7 
7 
24 
7 
96 
93 
57 
26 
50 
82 
74 
62 
61 
23 
32 
1 
16 
3 
10 
16 
57 
103 
120 
96 
72 
1 
63 
121 
159 
197 
157 
125 
37 
36 
90 
84 
34 
20 
58 
80 
81 
74 
9 
50 
47 
65 
130 
111 
64 
64 
32 
0 
6 
5 
24 
6 
23 
46 
56 
70 
44 
37 
14 
11 
12 
51 
107 
98 
76 
5 
64 
80 
39 
26 
22 
21 
10 
98 
159 
103 
33 
63 
89 
114 
104 
128 
136 
115 
85 
22 
20 
60 
92 
115 
50 
40 
30 
16 
79 
70 
68 
69 
75 
68 
60 
60 
84 
67 
66 
44 
0 
78 
96 
46 
51 
37 
30 
46 
4 
19 
11 
20 
36 
41 
61 
94 
51 
4 
26 
17 
28 
36 
45 
46 
11 
44 
52 
59 
58 
14 
60 
93 
94 
163 
74 
28 
45 
120 
78 
68 
101 
51 
36 
11 
81 
109 
90 
33 
30 
27 
43 
75 
91 
82 
89 
19 
26 
44 
2 
91 
141 
123 
132 
85 
54 
14 
6 
33 
68 
28 
20 
53 
62 
38 
18 
62 
102 
110 
1 
45 
1 
113 
84 
8 
14 
88 
47 
16 
34 
50 
102 
77 
67 
61 
30 
11 
50 
49 
44 
55 
17 
0 
17 
31 
119 
142 
128 
110 
19 
75 
19 
12 
1 
38 
10 
1 
20 
19 
21 
52 
10 
1 
159 
41 
85 
152 
147 
85 
11 
29 
3 
10 
36 
18 
23 
89 
42 
16 
55 
94 
99 
109 
78 
5 
94 
186 
1 
91 
16 
49 
55 
49 
2 
101 
80 
39 
14 
29 
72 
11 
29 
0 
22 
16 
1 
44 
114 
161 
87 
32 
58 
66 
42 
7 
63 
88 
120 
139 
101 
11 
10 
17 
0 
33 
31 
1 
69 
0 
35 
5 
11 
45 
11 
27 
10 
52 
35 
2 
4 
18 
0 
53 
57 
5 
93 
77 
13 
77 
48 
0 
38 
18 
0 
0 
6 
45 
64 
71 
86 
16 
30 
35 
20 
46 
62 
154 
81 
231 
197 
48 
89 
196 
202 
148 
98 
119 
94 
61 
19 
37 
1 
35 
29 
81 
44 
51 
10 
57 
100 
18 
79 
46 
21 
8 
8 
7 
31 
8 
37 
77 
96 
72 
67 
45 
19 
39 
153 
191 
88 
16 
32 
101 
113 
110 
109 
80 
31 
46 
24 
41 
63 
65 
71 
16 
62 
85 
103 
14 
135 
65 
45 
93 
104 
110 
85 
62 
20 
143 
121 
36 
61 
8 
113 
106 
79 
2 
57 
114 
114 
134 
133 
88 
57 
12 
53 
16 
89 
2 
26 
39 
103 
159 
95 
8 
71 
118 
149 
176 
166 
148 
117 
62 
3 
36 
123 
194 
121 
0 
79 
30 
42 
95 
120 
80 
0 
95 
135 
87 
15 
7 
18 
2 
26 
66 
74 
86 
37 
35 
18 
11 
18 
35 
61 
67 
52 
25 
14 
234 
201 
135 
64 
13 
31 
47 
16 
117 
237 
197 
101 
39 
49 
40 
41 
71 
56 
29 
13 
6 
21 
61 
104 
91 
61 
22 
11 
26 
17 
19 
56 
54 
11 
12 
85 
150 
107 
132 
188 
311 
209 
74 
33 
98 
127 
128 
104 
61 
34 
70 
31 
73 
26 
2 
33 
29 
24 
12 
45 
48 
39 
70 
16 
137 
98 
8 
88 
69 
37 
5 
29 
69 
88 
56 
15 
49 
135 
64 
14 
32 
67 
69 
54 
40 
6 
50 
72 
93 
85 
53 
2 
63 
151 
95 
98 
154 
150 
101 
8 
89 
95 
73 
39 
52 
5 
40 
1 
31 
65 
40 
75 
101 
112 
134 
91 
35 
210 
264 
277 
77 
183 
269 
149 
64 
7 
1 
2 
87 
159 
139 
61 
39 
65 
39 
49 
87 
105 
146 
134 
45 
40 
43 
21 
44 
42 
28 
34 
16 
33 
39 
39 
70 
69 
27 
10 
60 
18 
36 
21 
151 
120 
96 
67 
52 
21 
14 
5 
110 
91 
59 
19 
52 
11 
28 
28 
14 
4 
20 
67 
59 
10 
35 
27 
28 
28 
3 
12 
12 
11 
20 
83 
138 
96 
14 
93 
67 
21 
65 
83 
34 
25 
36 
187 
50 
51 
45 
4 
2 
48 
9 
2 
20 
82 
119 
112 
69 
37 
58 
34 
46 
173 
149 
3 
117 
14 
129 
172 
115 
34 
27 
24 
25 
76 
59 
18 
35 
13 
4 
0 
14 
11 
21 
27 
32 
9 
68 
138 
280 
189 
37 
31 
80 
65 
26 
26 
15 
15 
78 
77 
48 
70 
16 
25 
79 
264 
253 
147 
22 
134 
166 
146 
57 
84 
98 
60 
5 
0 
8 
42 
54 
24 
72 
89 
46 
10 
0 
57 
122 
23 
56 
16 
9 
146 
200 
185 
54 
82 
82 
15 
8 
56 
25 
66 
32 
88 
32 
129 
78 
53 
10 
127 
224 
176 
96 
71 
1 
82 
47 
23 
16 
62 
165 
43 
5 
6 
11 
115 
322 
429 
189 
167 
329 
231 
136 
65 
90 
127 
63 
7 
1 
18 
4 
135 
345 
239 
64 
225 
210 
135 
39 
25 
26 
18 
112 
152 
78 
4 
10 
62 
51 
60 
255 
345 
102 
82 
135 
128 
97 
122 
122 
110 
77 
43 
52 
169 
140 
18 
136 
142 
100 
257 
113 
104 
49 
13 
53 
57 
138 
200 
224 
192 
102 
19 
20 
52 
92 
115 
95 
81 
63 
17 
8 
59 
93 
75 
60 
17 
2 
70 
30 
27 
15 
89 
143 
109 
85 
168 
9 
51 
52 
91 
44 
1 
42 
1 
3 
83 
82 
97 
207 
280 
304 
139 
28 
19 
45 
230 
243 
364 
448 
245 
157 
44 
179 
250 
281 
439 
304 
123 
3 
142 
190 
106 
14 
86 
41 
58 
206 
194 
113 
36 
39 
25 
51 
197 
370 
433 
95 
192 
224 
168 
107 
37 
39 
57 
13 
59 
181 
235 
283 
119 
25 
23 
47 
126 
181 
88 
1 
50 
143 
111 
111 
95 
70 
47 
3 
18 
64 
67 
93 
128 
166 
91 
76 
123 
50 
136 
145 
78 
90 
207 
200 
248 
190 
91 
140 
204 
257 
228 
207 
149 
109 
109 
104 
83 
60 
36 
60 
53 
38 
1 
19 
92 
68 
4 
99 
132 
83 
203 
90 
115 
197 
118 
83 
108 
60 
12 
60 
68 
4 
91 
91 
10 
46 
196 
116 
100 
67 
42 
84 
53 
8 
63 
146 
78 
29 
103 
110 
52 
29 
22 
6 
9 
22 
3 
3 
51 
115 
99 
74 
43 
117 
94 
171 
59 
28 
19 
60 
85 
54 
43 
3 
28 
12 
33 
65 
101 
42 
41 
25 
25 
44 
27 
42 
20 
53 
171 
77 
9 
100 
151 
225 
210 
15 
144 
131 
101 
38 
51 
29 
73 
128 
145 
130 
23 
181 
125 
15 
95 
46 
59 
26 
20 
52 
29 
17 
17 
9 
27 
27 
27 
115 
146 
169 
76 
18 
19 
29 
40 
38 
48 
70 
64 
46 
4 
42 
57 
79 
49 
47 
41 
5 
8 
62 
68 
61 
46 
57 
153 
137 
92 
15 
6 
45 
43 
29 
31 
57 
42 
8 
0 
25 
82 
7 
15 
222 
276 
121 
9 
124 
173 
195 
155 
67 
93 
6 
3 
185 
97 
57 
36 
69 
91 
93 
94 
43 
11 
3 
3 
14 
37 
14 
3 
11 
11 
20 
25 
3 
35 
35 
11 
28 
19 
100 
41 
14 
46 
34 
9 
30 
12 
20 
2 
6 
19 
52 
137 
17 
30 
91 
27 
84 
124 
68 
3 
52 
35 
44 
164 
220 
199 
22 
149 
168 
195 
220 
145 
14 
203 
227 
226 
88 
23 
167 
98 
70 
61 
40 
0 
17 
34 
31 
12 
13 
32 
1 
18 
35 
69 
51 
48 
46 
59 
20 
2 
44 
66 
12 
13 
100 
178 
7 
104 
111 
55 
6 
26 
31 
62 
24 
9 
21 
31 
62 
13 
24 
49 
29 
24 
62 
88 
86 
52 
5 
20 
26 
25 
71 
9 
13 
27 
85 
62 
20 
52 
75 
117 
126 
12 
156 
171 
66 
232 
239 
62 
191 
233 
21 
125 
45 
104 
23 
89 
42 
15 
23 
40 
39 
88 
88 
88 
87 
62 
37 
43 
7 
97 
100 
42 
12 
21 
32 
25 
88 
103 
70 
8 
33 
39 
4 
29 
24 
46 
53 
23 
1 
0 
14 
26 
56 
41 
120 
110 
104 
86 
67 
59 
60 
28 
12 
5 
14 
43 
12 
9 
1 
6 
22 
51 
67 
91 
58 
22 
67 
115 
76 
52 
36 
129 
133 
90 
65 
86 
83 
43 
2 
14 
19 
44 
25 
53 
57 
97 
83 
52 
3 
12 
59 
9 
65 
57 
1 
29 
46 
25 
121 
124 
23 
94 
144 
102 
12 
67 
58 
73 
4 
53 
27 
34 
28 
2 
40 
54 
45 
19 
13 
22 
19 
12 
17 
21 
14 
11 
4 
2 
41 
20 
40 
38 
36 
53 
51 
60 
21 
25 
100 
83 
5 
27 
8 
6 
48 
46 
44 
45 
22 
27 
28 
27 
11 
37 
46 
83 
68 
44 
49 
25 
74 
113 
33 
43 
2 
76 
50 
88 
17 
61 
80 
127 
142 
112 
70 
11 
24 
1 
36 
11 
13 
22 
100 
167 
49 
13 
48 
1 
34 
8 
62 
85 
111 
86 
48 
38 
16 
17 
28 
26 
33 
0 
30 
35 
69 
70 
27 
35 
27 
2 
19 
44 
53 
59 
43 
146 
153 
55 
38 
112 
123 
133 
51 
5 
17 
31 
9 
26 
40 
25 
2 
23 
78 
56 
51 
40 
30 
43 
12 
4 
5 
30 
75 
29 
6 
75 
11 
115 
179 
106 
47 
46 
47 
49 
0 
30 
96 
107 
61 
32 
14 
13 
15 
22 
21 
35 
5 
95 
73 
40 
27 
45 
43 
53 
38 
0 
1 
23 
33 
7 
4 
5 
40 
38 
56 
70 
59 
43 
52 
11 
43 
3 
37 
35 
11 
26 
68 
39 
41 
21 
39 
70 
101 
59 
3 
26 
97 
1 
28 
13 
11 
2 
8 
9 
0 
24 
57 
34 
61 
168 
171 
125 
62 
59 
4 
52 
155 
199 
65 
34 
0 
0 
2 
29 
18 
66 
79 
74 
78 
69 
56 
38 
7 
44 
82 
31 
8 
15 
26 
22 
29 
32 
27 
29 
40 
70 
7 
1 
32 
11 
21 
16 
97 
66 
10 
32 
15 
7 
46 
37 
56 
55 
46 
48 
12 
26 
31 
16 
6 
21 
40 
47 
22 
2 
23 
46 
0 
33 
16 
14 
15 
27 
29 
31 
41 
18 
7 
39 
34 
30 
45 
29 
16 
8 
24 
1 
85 
96 
78 
27 
31 
9 
28 
74 
97 
26 
8 
87 
111 
78 
53 
43 
29 
3 
34 
36 
47 
41 
26 
23 
8 
10 
38 
37 
13 
16 
7 
16 
6 
21 
53 
48 
35 
29 
8 
4 
18 
7 
24 
9 
10 
24 
55 
46 
32 
6 
2 
7 
9 
18 
23 
32 
47 
10 
9 
10 
21 
37 
8 
7 
17 
10 
40 
63 
62 
56 
11 
50 
63 
32 
16 
32 
55 
35 
10 
82 
111 
95 
62 
85 
48 
6 
95 
57 
42 
15 
55 
31 
15 
50 
26 
17 
58 
18 
13 
85 
48 
23 
14 
21 
37 
48 
7 
9 
34 
31 
56 
40 
6 
13 
2 
56 
87 
123 
61 
15 
33 
58 
7 
56 
31 
17 
5 
16 
0 
37 
14 
53 
24 
0 
9 
10 
0 
39 
71 
15 
17 
34 
63 
47 
7 
16 
55 
47 
42 
14 
18 
47 
39 
23 
32 
33 
5 
8 
7 
2 
33 
86 
85 
29 
7 
19 
45 
48 
22 
21 
0 
6 
21 
24 
23 
9 
2 
50 
7 
23 
38 
21 
15 
33 
5 
16 
39 
1 
10 
0 
55 
87 
1 
66 
15 
7 
39 
58 
6 
10 
0 
27 
29 
39 
8 
5 
2 
2 
1 
37 
21 
10 
24 
88 
87 
38 
7 
1 
0 
33 
34 
23 
7 
24 
24 
24 
56 
39 
22 
21 
8 
15 
38 
40 
39 
46 
24 
33 
136 
161 
58 
13 
49 
58 
82 
63 
31 
31 
47 
50 
38 
29 
7 
0 
9 
82 
63 
7 
23 
34 
18 
14 
5 
13 
40 
16 
15 
31 
30 
77 
64 
55 
9 
7 
40 
57 
26 
55 
31 
7 
34 
46 
53 
64 
55 
22 
2 
8 
23 
30 
13 
0 
8 
7 
30 
13 
23 
64 
88 
45 
13 
5 
42 
138 
170 
166 
112 
11 
0 
9 
3 
5 
113 
172 
18 
23 
30 
48 
55 
22 
26 
23 
32 
40 
56 
63 
70 
69 
27 
16 
14 
6 
4 
4 
4 
4 
116 
84 
68 
43 
18 
1 
4 
24 
150 
83 
52 
17 
1 
78 
78 
78 
58 
41 
17 
14 
22 
30 
30 
18 
14 
30 
30 
42 
41 
44 
39 
33 
35 
10 
27 
21 
1 
20 
35 
10 
9 
28 
28 
34 
49 
36 
26 
4 
13 
32 
22 
31 
17 
11 
34 
52 
18 
14 
8 
14 
28 
50 
52 
58 
56 
73 
5 
37 
64 
12 
13 
48 
38 
12 
5 
4 
3 
2 
4 
19 
50 
41 
55 
73 
63 
49 
34 
31 
8 
5 
1 
10 
7 
4 
5 
0 
3 
13 
16 
14 
3 
2 
20 
10 
36 
26 
28 
23 
17 
15 
20 
18 
56 
65 
50 
42 
30 
13 
8 
0 
37 
37 
21 
21 
8 
9 
2 
4 
0 
14 
11 
12 
37 
30 
30 
22 
30 
22 
14 
5 
22 
38 
35 
27 
11 
11 
10 
1 
3 
3 
5 
14 
4 
4 
5 
22 
27 
28 
28 
25 
105 
97 
89 
76 
59 
26 
25 
15 
25 
7 
17 
8 
11 
5 
8 
33 
42 
40 
10 
6 
10 
31 
16 
0 
18 
22 
5 
15 
39 
48 
64 
88 
80 
63 
46 
29 
8 
32 
45 
25 
34 
110 
117 
24 
12 
122 
140 
42 
8 
6 
10 
31 
0 
0 
5 
10 
2 
1 
10 
18 
0 
16 
21 
33 
42 
42 
31 
23 
23 
34 
6 
5 
13 
2 
31 
15 
16 
32 
24 
40 
40 
32 
23 
39 
22 
2 
37 
23 
24 
6 
2 
2 
16 
8 
15 
72 
56 
7 
0 
13 
73 
82 
90 
74 
38 
2 
26 
23 
7 
10 
2 
2 
2 
5 
29 
53 
40 
0 
8 
9 
13 
15 
16 
48 
56 
64 
40 
16 
40 
32 
40 
7 
32 
88 
71 
30 
15 
17 
7 
1 
0 
15 
42 
5 
29 
13 
45 
32 
23 
72 
65 
74 
78 
45 
2 
0 
24 
25 
26 
10 
16 
23 
15 
34 
30 
18 
63 
64 
10 
38 
93 
101 
32 
23 
25 
50 
18 
6 
2 
10 
0 
15 
15 
47 
71 
62 
29 
16 
41 
34 
5 
24 
15 
16 
15 
23 
63 
39 
26 
14 
5 
16 
15 
22 
5 
8 
8 
13 
5 
5 
2 
2 
18 
38 
53 
37 
8 
1 
13 
48 
38 
13 
24 
73 
26 
6 
5 
2 
0 
23 
8 
0 
8 
48 
72 
75 
69 
67 
61 
30 
3 
2 
31 
9 
18 
23 
31 
16 
2 
6 
2 
32 
48 
47 
30 
24 
0 
6 
16 
31 
22 
13 
0 
32 
33 
71 
23 
23 
0 
34 
54 
53 
72 
88 
91 
77 
24 
81 
199 
168 
45 
15 
39 
80 
112 
120 
136 
91 
29 
52 
146 
104 
61 
49 
22 
42 
66 
55 
23 
31 
40 
64 
87 
62 
32 
14 
3 
2 
28 
34 
31 
32 
17 
5 
2 
2 
2 
13 
37 
45 
39 
46 
40 
38 
0 
12 
2 
10 
7 
15 
15 
26 
6 
10 
14 
21 
37 
48 
51 
53 
32 
35 
37 
8 
0 
17 
34 
7 
23 
30 
21 
24 
27 
5 
15 
48 
21 
17 
2 
2 
2 
7 
15 
39 
70 
61 
72 
83 
69 
11 
37 
35 
51 
82 
120 
65 
5 
56 
120 
95 
22 
31 
140 
90 
63 
0 
39 
151 
119 
86 
21 
55 
16 
0 
2 
2 
14 
13 
32 
31 
22 
2 
15 
6 
2 
31 
38 
16 
0 
1 
15 
16 
17 
10 
8 
55 
54 
61 
64 
54 
27 
5 
4 
0 
12 
2 
15 
40 
29 
17 
10 
16 
23 
35 
45 
24 
22 
16 
1 
18 
16 
22 
53 
72 
55 
30 
7 
52 
58 
23 
0 
23 
31 
70 
64 
78 
60 
29 
3 
31 
17 
5 
4 
34 
55 
14 
53 
11 
53 
55 
73 
29 
40 
47 
30 
29 
24 
39 
54 
5 
12 
34 
64 
33 
53 
47 
22 
16 
23 
30 
16 
33 
34 
8 
15 
9 
5 
16 
31 
38 
53 
51 
37 
27 
5 
28 
5 
28 
34 
15 
8 
1 
13 
16 
15 
22 
32 
35 
45 
35 
53 
35 
13 
1 
7 
9 
39 
20 
13 
8 
8 
9 
8 
79 
102 
48 
41 
84 
42 
28 
10 
71 
40 
63 
31 
47 
23 
23 
55 
58 
6 
26 
7 
7 
30 
24 
47 
54 
69 
16 
8 
17 
15 
8 
1 
0 
28 
5 
23 
46 
72 
22 
24 
30 
8 
6 
47 
81 
42 
10 
32 
24 
32 
48 
39 
26 
30 
21 
32 
6 
5 
8 
1 
5 
0 
7 
1 
13 
16 
27 
37 
27 
29 
16 
6 
5 
0 
9 
18 
7 
8 
8 
6 
21 
16 
24 
35 
37 
16 
4 
5 
31 
14 
31 
36 
29 
45 
32 
15 
1 
21 
48 
55 
22 
8 
36 
82 
36 
37 
72 
70 
45 
7 
41 
23 
24 
41 
50 
90 
58 
18 
65 
106 
138 
110 
69 
16 
0 
9 
10 
0 
24 
21 
1 
10 
2 
16 
39 
54 
45 
19 
13 
15 
1 
8 
1 
10 
0 
8 
0 
5 
2 
6 
5 
8 
24 
31 
38 
61 
48 
63 
70 
40 
6 
55 
89 
114 
39 
31 
79 
87 
94 
77 
35 
2 
4 
82 
56 
17 
5 
0 
16 
8 
7 
40 
48 
23 
55 
70 
101 
88 
54 
21 
12 
18 
47 
48 
41 
18 
5 
32 
48 
39 
62 
56 
62 
32 
22 
15 
57 
55 
64 
69 
53 
5 
39 
32 
16 
29 
29 
45 
45 
56 
55 
70 
53 
39 
22 
2 
48 
57 
26 
0 
23 
22 
0 
7 
9 
2 
13 
24 
55 
55 
38 
29 
16 
8 
21 
33 
18 
5 
16 
0 
30 
45 
32 
43 
29 
16 
6 
2 
55 
0 
10 
30 
29 
24 
16 
17 
5 
23 
32 
1 
45 
53 
24 
7 
0 
10 
2 
10 
5 
10 
14 
45 
37 
32 
19 
5 
16 
6 
24 
15 
9 
34 
7 
16 
32 
24 
24 
16 
32 
15 
1 
21 
8 
38 
37 
0 
14 
8 
7 
14 
5 
15 
32 
24 
2 
46 
85 
53 
0 
30 
0 
20 
18 
63 
24 
34 
26 
9 
5 
61 
53 
21 
8 
40 
14 
61 
48 
35 
2 
31 
15 
22 
5 
0 
16 
7 
1 
10 
0 
23 
38 
45 
39 
14 
8 
9 
26 
32 
6 
13 
7 
0 
8 
8 
47 
79 
79 
30 
32 
11 
5 
28 
10 
4 
21 
8 
7 
6 
21 
5 
0 
0 
1 
13 
24 
27 
37 
32 
22 
24 
22 
7 
33 
26 
7 
23 
62 
72 
35 
18 
20 
26 
20 
2 
19 
37 
48 
51 
61 
72 
54 
59 
146 
136 
97 
26 
15 
5 
45 
93 
101 
93 
69 
69 
32 
7 
9 
21 
16 
15 
41 
47 
24 
1 
5 
32 
22 
53 
43 
13 
32 
30 
24 
11 
10 
15 
17 
2 
7 
0 
22 
40 
27 
13 
11 
21 
24 
9 
23 
23 
62 
72 
19 
26 
32 
33 
23 
24 
8 
50 
86 
96 
27 
26 
36 
50 
47 
16 
49 
42 
21 
41 
66 
110 
77 
56 
27 
5 
23 
25 
2 
0 
14 
2 
0 
15 
14 
37 
48 
35 
64 
62 
43 
21 
17 
44 
66 
73 
42 
0 
25 
90 
2 
45 
77 
93 
80 
64 
67 
61 
3 
5 
4 
5 
4 
5 
4 
13 
3 
2 
4 
13 
11 
2 
20 
10 
25 
28 
29 
19 
21 
14 
0 
1 
16 
70 
56 
38 
15 
65 
11 
37 
43 
21 
11 
8 
6 
4 
2 
3 
13 
11 
45 
4 
10 
22 
20 
13 
35 
20 
13 
1 
11 
10 
12 
10 
8 
14 
32 
38 
36 
37 
46 
52 
41 
29 
14 
12 
36 
27 
2 
36 
39 
9 
21 
23 
30 
24 
30 
7 
22 
60 
69 
70 
46 
12 
68 
92 
122 
96 
40 
13 
42 
58 
62 
93 
109 
55 
38 
28 
13 
3 
7 
17 
23 
20 
5 
0 
1 
10 
15 
6 
0 
19 
29 
19 
21 
11 
21 
4 
7 
12 
13 
23 
6 
13 
24 
6 
5 
16 
35 
37 
24 
30 
28 
5 
6 
3 
2 
9 
55 
6 
16 
23 
14 
8 
4 
10 
8 
70 
93 
51 
45 
1 
87 
65 
23 
16 
14 
21 
16 
6 
13 
48 
43 
37 
24 
4 
10 
16 
25 
7 
7 
0 
9 
10 
0 
0 
63 
86 
53 
72 
46 
11 
29 
22 
36 
66 
65 
58 
24 
0 
18 
58 
86 
93 
88 
51 
2 
17 
47 
57 
127 
109 
53 
37 
66 
79 
95 
104 
64 
23 
23 
46 
45 
51 
37 
12 
66 
25 
24 
22 
21 
19 
5 
3 
21 
27 
24 
38 
44 
37 
11 
4 
2 
4 
15 
25 
39 
1 
40 
30 
13 
3 
29 
24 
30 
56 
22 
3 
21 
19 
4 
5 
6 
20 
13 
11 
13 
19 
13 
28 
66 
52 
18 
4 
37 
35 
5 
31 
46 
40 
14 
2 
0 
6 
7 
0 
22 
40 
54 
56 
38 
4 
10 
6 
8 
22 
3 
26 
4 
5 
16 
30 
40 
11 
18 
36 
10 
15 
38 
56 
14 
0 
14 
21 
27 
29 
4 
2 
11 
29 
35 
37 
38 
3 
42 
33 
60 
58 
7 
39 
46 
37 
32 
0 
1 
7 
7 
22 
56 
51 
69 
3 
5 
20 
18 
8 
1 
0 
0 
6 
8 
7 
14 
13 
7 
22 
32 
38 
37 
11 
13 
4 
2 
8 
41 
26 
0 
15 
30 
45 
48 
46 
48 
46 
28 
5 
12 
2 
4 
2 
8 
9 
7 
0 
1 
2 
16 
31 
62 
69 
35 
5 
49 
24 
38 
12 
26 
56 
25 
13 
8 
23 
50 
54 
53 
31 
22 
16 
14 
23 
25 
31 
28 
53 
24 
7 
7 
30 
21 
0 
8 
1 
45 
64 
46 
40 
46 
7 
41 
31 
33 
34 
8 
8 
17 
18 
21 
53 
56 
55 
46 
29 
32 
6 
0 
4 
2 
7 
8 
17 
2 
2 
16 
31 
22 
37 
48 
38 
24 
14 
8 
4 
13 
7 
6 
16 
20 
10 
8 
23 
30 
24 
25 
23 
4 
18 
31 
46 
69 
80 
62 
2 
28 
58 
79 
16 
14 
37 
48 
48 
22 
29 
32 
22 
10 
16 
9 
10 
8 
31 
54 
37 
16 
14 
10 
44 
5 
35 
45 
27 
2 
4 
21 
48 
38 
29 
28 
26 
24 
1 
31 
28 
2 
39 
62 
48 
35 
2 
0 
14 
5 
8 
1 
34 
64 
41 
2 
29 
72 
63 
78 
72 
46 
24 
1 
15 
14 
0 
17 
10 
16 
14 
48 
35 
5 
7 
22 
8 
9 
7 
1 
10 
23 
54 
29 
16 
1 
10 
15 
7 
14 
8 
19 
45 
48 
38 
16 
1 
10 
8 
1 
34 
23 
7 
6 
13 
32 
31 
46 
48 
62 
44 
45 
4 
23 
89 
39 
9 
34 
0 
8 
7 
23 
39 
30 
21 
56 
39 
38 
29 
7 
14 
15 
32 
6 
5 
7 
7 
22 
5 
16 
19 
29 
40 
38 
45 
43 
37 
30 
24 
1 
28 
82 
76 
50 
79 
8 
39 
79 
94 
93 
64 
27 
13 
3 
18 
31 
32 
25 
10 
5 
31 
7 
47 
39 
22 
21 
0 
0 
6 
5 
10 
0 
8 
0 
8 
8 
8 
32 
48 
39 
39 
30 
37 
24 
4 
2 
7 
16 
17 
10 
0 
16 
39 
34 
30 
21 
32 
30 
37 
39 
30 
12 
5 
12 
26 
7 
4 
21 
16 
23 
7 
14 
50 
31 
16 
1 
45 
37 
48 
47 
30 
21 
24 
7 
9 
2 
8 
0 
33 
58 
0 
40 
31 
2 
30 
37 
48 
39 
26 
1 
34 
34 
23 
15 
0 
0 
31 
55 
26 
38 
53 
48 
27 
21 
0 
17 
74 
47 
16 
0 
31 
39 
34 
30 
29 
32 
31 
30 
21 
16 
16 
1 
10 
39 
15 
8 
40 
24 
15 
31 
54 
61 
32 
30 
16 
6 
8 
4 
5 
24 
6 
5 
7 
12 
2 
8 
32 
33 
7 
15 
31 
46 
53 
40 
23 
16 
57 
50 
13 
33 
38 
45 
45 
48 
47 
38 
10 
28 
2 
7 
17 
2 
8 
31 
42 
14 
10 
0 
24 
65 
26 
21 
56 
40 
7 
7 
5 
18 
42 
50 
10 
2 
18 
6 
5 
5 
16 
31 
30 
29 
7 
9 
7 
8 
1 
5 
8 
16 
23 
23 
18 
30 
37 
40 
19 
13 
8 
22 
37 
3 
5 
8 
6 
10 
56 
81 
58 
5 
5 
29 
61 
85 
85 
80 
27 
13 
7 
33 
58 
39 
71 
32 
23 
32 
24 
32 
64 
40 
8 
7 
23 
34 
38 
37 
24 
15 
1 
13 
7 
8 
8 
33 
10 
8 
31 
30 
13 
0 
6 
21 
0 
0 
15 
42 
38 
29 
5 
24 
23 
1 
18 
0 
11 
37 
56 
19 
13 
24 
22 
18 
64 
65 
34 
23 
7 
16 
63 
79 
95 
78 
45 
11 
26 
39 
33 
50 
66 
8 
24 
24 
29 
29 
45 
56 
56 
39 
30 
16 
20 
10 
0 
17 
2 
8 
0 
2 
14 
21 
16 
7 
6 
37 
32 
6 
21 
16 
14 
13 
23 
14 
26 
15 
23 
0 
17 
13 
32 
39 
46 
45 
11 
5 
24 
9 
16 
23 
22 
29 
16 
0 
9 
23 
16 
14 
5 
7 
9 
5 
0 
24 
26 
34 
42 
42 
22 
2 
10 
10 
13 
5 
8 
32 
31 
22 
21 
16 
23 
1 
2 
0 
7 
0 
7 
10 
22 
29 
24 
0 
6 
21 
16 
19 
21 
0 
8 
0 
5 
9 
13 
13 
29 
32 
56 
47 
30 
8 
4 
10 
32 
25 
13 
48 
63 
47 
22 
5 
7 
17 
66 
23 
0 
24 
1 
5 
21 
37 
29 
21 
29 
25 
18 
18 
26 
42 
30 
10 
2 
32 
35 
37 
24 
14 
2 
4 
5 
0 
0 
6 
13 
16 
23 
22 
29 
47 
38 
