0 
30 
48 
22 
7 
25 
23 
25 
10 
8 
7 
22 
45 
48 
19 
5 
0 
25 
0 
12 
10 
8 
15 
26 
30 
21 
16 
23 
7 
14 
2 
0 
39 
62 
56 
54 
24 
6 
4 
26 
36 
18 
31 
61 
1 
37 
45 
40 
7 
17 
18 
7 
7 
2 
38 
29 
37 
40 
32 
24 
0 
7 
6 
5 
37 
55 
62 
48 
30 
4 
26 
12 
23 
17 
23 
7 
22 
26 
23 
16 
2 
13 
22 
37 
45 
64 
64 
39 
22 
10 
7 
0 
0 
1 
5 
2 
0 
7 
46 
56 
35 
29 
11 
2 
12 
10 
31 
30 
0 
12 
2 
7 
20 
18 
0 
23 
38 
48 
59 
29 
0 
17 
47 
16 
17 
2 
13 
16 
24 
32 
23 
6 
21 
24 
47 
46 
24 
6 
2 
8 
6 
8 
15 
1 
5 
0 
62 
77 
59 
37 
22 
4 
23 
41 
36 
18 
12 
10 
23 
24 
1 
2 
2 
16 
32 
72 
71 
35 
29 
16 
7 
22 
2 
7 
16 
25 
18 
18 
26 
22 
29 
21 
24 
11 
21 
15 
9 
15 
17 
7 
1 
7 
20 
26 
16 
9 
0 
4 
37 
40 
11 
2 
12 
10 
1 
3 
10 
33 
97 
68 
47 
17 
12 
2 
0 
1 
23 
32 
1 
21 
24 
30 
13 
4 
10 
33 
51 
58 
52 
58 
56 
41 
50 
31 
7 
15 
7 
32 
48 
48 
0 
7 
70 
24 
25 
47 
49 
63 
72 
57 
42 
7 
8 
40 
71 
51 
37 
7 
17 
20 
18 
12 
26 
49 
63 
65 
50 
39 
32 
32 
32 
8 
0 
0 
10 
42 
38 
37 
8 
32 
33 
74 
103 
79 
39 
14 
10 
31 
47 
56 
39 
15 
25 
42 
23 
32 
17 
18 
47 
55 
71 
55 
38 
2 
39 
48 
45 
37 
45 
29 
8 
8 
41 
98 
183 
183 
110 
29 
41 
84 
74 
60 
42 
63 
55 
48 
80 
71 
22 
15 
57 
63 
81 
95 
104 
81 
74 
34 
10 
13 
21 
29 
21 
10 
30 
53 
69 
48 
14 
2 
20 
26 
25 
10 
16 
17 
5 
8 
0 
15 
7 
24 
29 
29 
37 
29 
29 
32 
32 
23 
0 
13 
14 
37 
45 
45 
24 
7 
9 
10 
7 
0 
22 
21 
31 
14 
32 
46 
125 
75 
13 
57 
87 
105 
119 
64 
0 
31 
39 
71 
58 
14 
26 
42 
54 
37 
7 
33 
47 
129 
218 
159 
55 
41 
103 
97 
79 
64 
33 
10 
5 
80 
80 
80 
72 
56 
39 
30 
37 
8 
14 
36 
53 
62 
27 
3 
27 
27 
26 
41 
44 
5 
19 
21 
24 
22 
8 
30 
48 
54 
51 
52 
37 
38 
19 
4 
11 
2 
46 
59 
11 
59 
30 
1 
45 
70 
106 
97 
36 
40 
126 
203 
231 
193 
130 
38 
66 
156 
186 
168 
152 
104 
56 
6 
10 
12 
3 
2 
28 
31 
49 
39 
30 
85 
91 
88 
78 
78 
59 
18 
1 
11 
28 
73 
61 
42 
49 
12 
32 
1 
15 
59 
77 
51 
21 
3 
15 
1 
51 
2 
33 
47 
9 
8 
11 
10 
0 
47 
78 
69 
35 
8 
6 
20 
50 
49 
39 
17 
8 
31 
46 
53 
48 
15 
16 
9 
21 
55 
78 
136 
94 
19 
27 
12 
68 
100 
71 
25 
4 
21 
47 
38 
16 
30 
0 
25 
23 
30 
0 
20 
2 
16 
39 
23 
62 
53 
24 
15 
9 
15 
22 
40 
70 
52 
18 
33 
57 
95 
1 
48 
63 
30 
13 
15 
16 
6 
13 
0 
0 
9 
26 
31 
8 
10 
46 
61 
53 
93 
69 
40 
12 
18 
39 
40 
38 
37 
0 
46 
24 
6 
8 
6 
26 
48 
41 
26 
18 
29 
85 
96 
80 
43 
29 
4 
13 
131 
161 
109 
29 
138 
169 
153 
87 
15 
9 
2 
10 
7 
23 
0 
53 
73 
82 
82 
74 
54 
93 
69 
15 
41 
63 
84 
50 
15 
6 
29 
115 
157 
107 
20 
75 
123 
130 
104 
101 
69 
21 
39 
73 
98 
127 
112 
85 
80 
64 
27 
5 
12 
26 
52 
21 
16 
57 
87 
96 
29 
50 
94 
125 
128 
83 
77 
51 
28 
26 
65 
99 
106 
111 
72 
16 
79 
111 
87 
23 
29 
57 
26 
21 
69 
53 
61 
69 
77 
109 
48 
17 
26 
20 
10 
3 
2 
14 
20 
83 
90 
127 
109 
45 
39 
68 
106 
136 
105 
74 
71 
55 
39 
22 
5 
11 
29 
4 
55 
73 
71 
49 
85 
80 
15 
25 
34 
31 
7 
7 
15 
42 
70 
61 
0 
16 
26 
70 
45 
32 
7 
9 
10 
24 
57 
66 
47 
16 
23 
23 
26 
14 
29 
1 
2 
18 
31 
40 
40 
8 
0 
56 
72 
43 
37 
4 
18 
12 
10 
31 
33 
18 
21 
56 
80 
103 
150 
96 
1 
52 
79 
89 
12 
53 
38 
44 
106 
128 
45 
21 
13 
8 
16 
57 
63 
64 
49 
50 
31 
15 
7 
15 
23 
15 
0 
24 
0 
31 
23 
15 
15 
7 
18 
6 
10 
0 
59 
109 
72 
14 
0 
14 
15 
24 
57 
39 
48 
32 
29 
5 
10 
42 
58 
74 
98 
54 
77 
80 
23 
6 
10 
59 
37 
36 
114 
161 
90 
7 
16 
32 
32 
0 
88 
153 
138 
82 
6 
34 
18 
21 
48 
71 
70 
16 
25 
47 
89 
79 
41 
26 
2 
29 
53 
49 
26 
2 
15 
23 
32 
56 
64 
88 
39 
1 
23 
40 
17 
5 
32 
39 
38 
37 
40 
38 
8 
1 
39 
33 
15 
1 
24 
43 
45 
112 
134 
93 
134 
67 
36 
91 
219 
283 
250 
167 
40 
40 
105 
146 
151 
136 
112 
69 
61 
5 
50 
47 
47 
39 
31 
7 
8 
31 
55 
86 
133 
104 
70 
20 
10 
44 
66 
68 
50 
40 
1 
8 
15 
14 
37 
37 
8 
15 
22 
5 
13 
69 
69 
8 
40 
64 
57 
21 
69 
80 
71 
126 
132 
149 
110 
17 
85 
118 
146 
137 
143 
113 
106 
70 
37 
44 
90 
116 
186 
263 
192 
96 
3 
58 
71 
80 
113 
122 
130 
46 
26 
151 
216 
200 
107 
13 
44 
63 
33 
39 
36 
26 
23 
15 
0 
15 
71 
79 
66 
86 
48 
9 
15 
33 
18 
24 
22 
13 
15 
23 
32 
31 
87 
94 
37 
15 
68 
82 
47 
24 
22 
69 
85 
85 
64 
0 
6 
18 
23 
23 
8 
8 
30 
45 
24 
3 
2 
31 
48 
29 
5 
10 
31 
47 
64 
72 
88 
80 
94 
93 
46 
28 
99 
139 
146 
128 
93 
53 
15 
76 
98 
87 
129 
218 
190 
149 
51 
51 
83 
91 
131 
90 
68 
50 
32 
5 
42 
90 
70 
29 
66 
122 
62 
10 
47 
96 
161 
82 
22 
42 
74 
62 
13 
15 
48 
61 
33 
58 
118 
149 
68 
2 
28 
83 
74 
44 
18 
8 
14 
13 
16 
0 
2 
14 
21 
21 
32 
39 
63 
62 
29 
7 
14 
37 
40 
46 
37 
20 
45 
43 
11 
66 
65 
44 
5 
30 
32 
9 
40 
73 
122 
70 
2 
63 
105 
106 
87 
56 
32 
32 
16 
15 
30 
24 
3 
5 
0 
30 
24 
36 
66 
87 
48 
0 
34 
42 
46 
61 
61 
48 
35 
37 
40 
19 
29 
8 
28 
34 
23 
1 
93 
100 
53 
3 
43 
58 
49 
64 
49 
23 
8 
23 
42 
114 
94 
5 
7 
15 
15 
62 
69 
67 
61 
83 
76 
50 
121 
156 
138 
103 
8 
103 
151 
86 
21 
7 
57 
34 
40 
31 
30 
45 
40 
15 
17 
42 
47 
0 
16 
7 
8 
0 
7 
23 
47 
79 
62 
29 
24 
0 
17 
21 
0 
15 
16 
17 
29 
56 
63 
62 
24 
17 
44 
42 
48 
17 
29 
48 
48 
15 
7 
23 
26 
38 
29 
32 
67 
101 
91 
5 
81 
108 
79 
1 
5 
15 
1 
2 
16 
0 
7 
6 
13 
16 
0 
15 
6 
29 
21 
8 
8 
7 
8 
61 
61 
29 
21 
37 
56 
59 
13 
25 
59 
42 
44 
34 
15 
0 
18 
14 
10 
2 
37 
61 
69 
85 
64 
35 
29 
11 
13 
3 
23 
1 
24 
4 
53 
27 
53 
54 
43 
130 
129 
87 
33 
2 
13 
24 
32 
33 
18 
26 
48 
97 
74 
50 
18 
22 
93 
80 
54 
19 
50 
73 
60 
18 
11 
21 
24 
22 
2 
88 
67 
21 
20 
47 
73 
55 
17 
29 
47 
30 
29 
24 
7 
16 
8 
71 
87 
31 
1 
42 
39 
20 
21 
56 
87 
70 
0 
33 
31 
32 
25 
42 
34 
21 
56 
56 
48 
31 
30 
13 
8 
1 
2 
24 
39 
46 
69 
48 
0 
33 
39 
36 
18 
7 
0 
5 
9 
18 
18 
10 
45 
49 
46 
45 
45 
40 
32 
30 
69 
67 
77 
78 
30 
12 
28 
60 
108 
63 
41 
53 
87 
46 
13 
32 
41 
42 
31 
23 
48 
88 
87 
171 
69 
36 
82 
103 
96 
53 
13 
2 
31 
55 
47 
47 
50 
70 
53 
11 
2 
7 
1 
5 
16 
8 
17 
18 
0 
0 
42 
110 
93 
75 
13 
17 
20 
18 
9 
7 
1 
15 
1 
13 
15 
6 
26 
40 
33 
2 
0 
16 
47 
90 
78 
69 
48 
7 
1 
10 
24 
6 
2 
8 
78 
68 
53 
22 
76 
124 
106 
57 
29 
32 
8 
16 
39 
47 
103 
71 
14 
26 
72 
65 
74 
31 
24 
88 
88 
87 
39 
7 
1 
21 
61 
64 
11 
2 
36 
18 
12 
2 
20 
10 
0 
6 
88 
87 
62 
21 
40 
81 
66 
47 
24 
2 
34 
54 
61 
56 
31 
30 
37 
104 
75 
29 
4 
18 
36 
63 
57 
55 
20 
45 
56 
70 
48 
38 
16 
36 
42 
39 
32 
16 
2 
66 
42 
22 
5 
8 
23 
22 
45 
32 
7 
14 
13 
15 
40 
41 
10 
29 
69 
112 
123 
101 
14 
44 
99 
106 
65 
39 
8 
22 
29 
45 
64 
48 
16 
8 
32 
2 
38 
37 
45 
72 
35 
37 
40 
38 
15 
57 
103 
81 
66 
39 
15 
15 
13 
65 
98 
90 
58 
58 
78 
77 
61 
56 
30 
18 
20 
42 
76 
79 
105 
58 
31 
70 
93 
72 
63 
22 
47 
39 
24 
16 
0 
15 
40 
48 
40 
15 
6 
29 
45 
39 
14 
10 
8 
14 
61 
64 
51 
13 
48 
81 
71 
52 
13 
88 
87 
78 
32 
1 
47 
64 
41 
29 
69 
64 
64 
31 
1 
2 
48 
57 
26 
7 
62 
61 
56 
38 
8 
23 
1 
66 
87 
72 
24 
32 
56 
53 
45 
53 
80 
39 
38 
21 
0 
16 
25 
10 
2 
24 
16 
7 
14 
45 
80 
70 
44 
61 
35 
3 
27 
58 
73 
79 
57 
18 
29 
64 
64 
71 
38 
13 
0 
14 
2 
28 
26 
47 
48 
25 
2 
25 
26 
74 
114 
142 
133 
51 
21 
9 
84 
131 
106 
24 
38 
104 
123 
77 
23 
65 
95 
72 
25 
37 
53 
32 
7 
6 
34 
2 
48 
48 
56 
56 
8 
15 
24 
40 
40 
32 
16 
31 
47 
63 
78 
61 
53 
15 
1 
10 
31 
32 
24 
2 
10 
1 
2 
13 
40 
55 
54 
61 
80 
54 
2 
28 
26 
8 
1 
2 
16 
33 
10 
8 
15 
46 
77 
83 
69 
19 
50 
57 
47 
48 
33 
2 
37 
69 
125 
112 
27 
10 
12 
15 
30 
3 
50 
100 
114 
87 
47 
15 
33 
66 
72 
73 
18 
10 
23 
103 
103 
83 
69 
16 
1 
8 
17 
39 
65 
95 
96 
49 
5 
77 
93 
88 
64 
31 
46 
29 
7 
25 
18 
18 
15 
23 
23 
8 
40 
56 
39 
30 
29 
16 
6 
8 
62 
40 
59 
48 
6 
24 
22 
0 
41 
76 
66 
0 
38 
32 
14 
53 
115 
85 
14 
55 
81 
95 
72 
37 
10 
26 
42 
66 
94 
85 
64 
30 
47 
89 
95 
88 
56 
0 
64 
41 
66 
87 
63 
63 
47 
38 
45 
27 
5 
28 
39 
57 
50 
24 
50 
86 
77 
40 
15 
6 
7 
20 
34 
36 
18 
7 
14 
29 
104 
94 
53 
8 
25 
26 
8 
14 
13 
27 
29 
11 
37 
123 
76 
1 
66 
145 
164 
74 
24 
48 
32 
24 
80 
128 
111 
70 
16 
33 
43 
18 
3 
5 
16 
17 
8 
17 
42 
55 
32 
23 
98 
142 
112 
51 
8 
6 
28 
44 
21 
52 
103 
113 
58 
15 
8 
64 
48 
32 
48 
56 
63 
78 
45 
20 
74 
95 
96 
37 
5 
8 
47 
64 
77 
85 
85 
56 
48 
38 
32 
30 
4 
10 
35 
19 
42 
92 
90 
56 
1 
29 
21 
32 
88 
96 
87 
78 
72 
27 
29 
35 
5 
33 
79 
49 
63 
49 
34 
24 
46 
53 
47 
38 
16 
11 
13 
40 
62 
37 
7 
17 
5 
7 
30 
24 
38 
19 
5 
19 
59 
122 
128 
85 
13 
71 
95 
112 
117 
77 
40 
0 
16 
9 
2 
0 
9 
16 
30 
37 
3 
26 
31 
16 
55 
102 
61 
0 
49 
90 
64 
25 
21 
56 
95 
78 
61 
47 
1 
7 
12 
2 
8 
8 
1 
40 
43 
29 
67 
5 
57 
92 
26 
20 
5 
32 
103 
55 
6 
7 
24 
37 
17 
34 
31 
23 
8 
7 
7 
15 
39 
56 
48 
37 
45 
45 
37 
21 
13 
88 
126 
156 
77 
5 
46 
78 
59 
67 
62 
66 
60 
18 
8 
6 
13 
0 
15 
39 
23 
0 
29 
73 
98 
103 
95 
95 
87 
62 
16 
41 
79 
89 
71 
48 
17 
24 
63 
102 
48 
3 
18 
16 
3 
37 
80 
31 
17 
39 
9 
53 
67 
93 
46 
36 
124 
154 
133 
61 
18 
79 
111 
96 
77 
29 
26 
42 
18 
21 
37 
72 
88 
59 
45 
0 
17 
42 
16 
9 
10 
24 
54 
29 
7 
6 
48 
30 
11 
29 
6 
19 
34 
48 
49 
58 
23 
0 
8 
32 
37 
73 
98 
62 
37 
8 
0 
30 
37 
0 
41 
2 
96 
123 
93 
54 
36 
107 
146 
145 
148 
82 
39 
7 
16 
49 
74 
84 
58 
72 
57 
47 
56 
53 
45 
37 
40 
23 
46 
64 
46 
35 
27 
95 
129 
95 
73 
18 
13 
53 
53 
48 
64 
56 
39 
47 
94 
72 
43 
13 
20 
26 
17 
42 
68 
74 
8 
54 
53 
72 
38 
7 
9 
8 
6 
5 
16 
15 
1 
61 
64 
23 
46 
7 
49 
71 
41 
34 
16 
6 
29 
8 
39 
39 
5 
5 
2 
18 
42 
38 
29 
21 
16 
16 
5 
22 
45 
48 
31 
54 
45 
40 
6 
10 
44 
58 
40 
1 
40 
59 
69 
35 
13 
28 
42 
64 
33 
2 
40 
24 
16 
16 
15 
0 
2 
1 
61 
69 
56 
27 
29 
16 
78 
61 
22 
7 
57 
55 
17 
23 
41 
58 
23 
7 
34 
30 
53 
77 
64 
64 
55 
46 
69 
32 
12 
74 
80 
49 
39 
40 
17 
10 
8 
31 
39 
39 
39 
47 
31 
24 
32 
32 
40 
64 
55 
30 
8 
1 
31 
33 
36 
18 
47 
54 
48 
12 
10 
15 
7 
22 
21 
0 
8 
33 
31 
48 
48 
13 
10 
103 
184 
136 
47 
17 
42 
23 
16 
6 
2 
4 
21 
20 
26 
39 
53 
53 
13 
10 
50 
71 
72 
48 
56 
37 
29 
40 
96 
86 
48 
70 
67 
12 
83 
111 
97 
60 
13 
24 
62 
53 
11 
26 
64 
81 
58 
0 
16 
56 
64 
96 
112 
112 
64 
7 
17 
23 
20 
26 
31 
33 
34 
0 
1 
72 
91 
45 
24 
9 
50 
48 
48 
61 
37 
7 
39 
56 
80 
88 
48 
8 
16 
40 
29 
5 
18 
42 
38 
53 
45 
48 
39 
38 
48 
38 
28 
85 
54 
3 
51 
71 
97 
112 
25 
2 
8 
56 
47 
31 
62 
45 
7 
17 
23 
7 
110 
117 
120 
86 
44 
18 
73 
116 
151 
145 
103 
48 
7 
39 
71 
103 
87 
55 
55 
95 
39 
24 
61 
69 
45 
2 
31 
47 
55 
70 
77 
35 
26 
92 
114 
72 
13 
42 
66 
55 
47 
39 
15 
7 
2 
30 
85 
120 
83 
37 
9 
60 
82 
80 
73 
63 
31 
0 
40 
56 
56 
40 
32 
71 
71 
78 
61 
43 
21 
3 
23 
49 
79 
73 
31 
24 
2 
22 
109 
136 
83 
37 
99 
8 
57 
140 
162 
79 
7 
31 
15 
0 
0 
16 
49 
58 
18 
15 
15 
8 
8 
5 
9 
2 
5 
24 
63 
71 
62 
21 
31 
57 
95 
104 
77 
65 
42 
66 
22 
5 
34 
74 
58 
26 
14 
5 
26 
154 
210 
166 
68 
50 
105 
156 
146 
119 
87 
62 
5 
25 
83 
98 
156 
114 
24 
14 
45 
48 
16 
33 
42 
23 
24 
25 
26 
7 
63 
39 
23 
7 
21 
49 
29 
120 
123 
45 
44 
90 
103 
48 
34 
5 
29 
40 
0 
24 
65 
74 
71 
48 
16 
0 
0 
42 
46 
37 
16 
48 
69 
73 
54 
13 
26 
39 
39 
39 
40 
64 
55 
39 
42 
46 
29 
13 
15 
24 
40 
5 
30 
45 
85 
128 
54 
12 
75 
122 
108 
66 
15 
16 
16 
0 
7 
6 
50 
36 
34 
56 
57 
58 
106 
166 
125 
48 
1 
84 
130 
132 
58 
31 
0 
47 
55 
47 
22 
29 
0 
32 
37 
13 
21 
26 
82 
74 
74 
66 
14 
5 
2 
7 
16 
1 
64 
59 
21 
4 
18 
52 
34 
7 
0 
18 
18 
30 
29 
21 
53 
80 
63 
46 
27 
101 
86 
12 
76 
180 
191 
145 
90 
46 
21 
28 
82 
112 
113 
159 
120 
88 
48 
15 
1 
26 
48 
3 
18 
15 
57 
82 
63 
72 
53 
5 
39 
71 
71 
47 
31 
18 
10 
15 
7 
8 
7 
8 
29 
37 
37 
37 
24 
23 
22 
13 
0 
6 
8 
0 
14 
45 
32 
0 
37 
49 
42 
0 
16 
32 
72 
87 
134 
128 
86 
12 
47 
97 
143 
113 
42 
2 
45 
45 
45 
80 
56 
43 
5 
0 
31 
22 
16 
24 
48 
16 
0 
31 
63 
119 
95 
14 
47 
89 
111 
113 
90 
66 
70 
18 
132 
122 
92 
74 
40 
33 
74 
103 
63 
14 
26 
47 
25 
0 
4 
10 
0 
15 
14 
21 
16 
16 
9 
5 
13 
32 
23 
31 
30 
24 
31 
30 
13 
7 
25 
2 
5 
24 
47 
47 
6 
0 
14 
10 
20 
10 
16 
17 
2 
16 
40 
23 
23 
7 
8 
8 
8 
23 
34 
78 
85 
95 
78 
27 
16 
6 
68 
39 
57 
47 
30 
5 
8 
49 
58 
39 
8 
15 
23 
23 
23 
24 
72 
97 
42 
26 
21 
32 
40 
15 
64 
88 
87 
62 
24 
25 
51 
50 
56 
25 
2 
16 
47 
87 
78 
13 
7 
32 
17 
13 
48 
55 
70 
80 
86 
72 
22 
27 
28 
45 
70 
38 
45 
134 
182 
186 
145 
119 
56 
8 
32 
81 
131 
114 
60 
55 
25 
39 
33 
2 
5 
18 
102 
133 
67 
10 
65 
84 
55 
33 
13 
72 
70 
61 
40 
3 
13 
19 
34 
63 
57 
42 
15 
7 
34 
38 
37 
85 
88 
136 
163 
93 
14 
57 
124 
115 
58 
41 
52 
42 
8 
10 
1 
6 
2 
16 
28 
74 
87 
63 
64 
48 
48 
32 
31 
30 
8 
22 
0 
9 
7 
6 
16 
6 
23 
17 
32 
150 
188 
81 
22 
99 
107 
70 
106 
92 
74 
58 
49 
122 
175 
183 
119 
15 
65 
87 
68 
26 
0 
30 
45 
19 
37 
11 
10 
16 
41 
50 
8 
47 
86 
77 
48 
9 
39 
44 
5 
48 
47 
30 
13 
0 
9 
18 
10 
16 
87 
62 
21 
28 
50 
0 
14 
8 
20 
2 
0 
23 
54 
149 
85 
11 
34 
84 
2 
59 
96 
30 
19 
44 
5 
73 
127 
145 
90 
23 
0 
16 
16 
5 
49 
98 
135 
143 
135 
75 
85 
91 
12 
66 
113 
84 
83 
82 
65 
47 
6 
16 
15 
6 
5 
8 
32 
40 
32 
160 
128 
24 
48 
88 
72 
32 
112 
165 
112 
14 
59 
98 
113 
95 
49 
39 
24 
39 
55 
71 
55 
63 
24 
15 
1 
18 
18 
13 
13 
22 
37 
48 
47 
22 
21 
32 
38 
53 
32 
0 
17 
21 
39 
166 
115 
100 
28 
27 
60 
89 
145 
145 
148 
122 
23 
8 
16 
14 
23 
81 
103 
100 
74 
63 
87 
111 
135 
134 
40 
14 
36 
132 
219 
218 
160 
77 
34 
82 
111 
103 
104 
113 
50 
7 
0 
0 
15 
15 
1 
42 
31 
23 
8 
0 
30 
61 
64 
38 
2 
40 
33 
10 
5 
29 
77 
213 
184 
94 
4 
86 
130 
105 
11 
29 
28 
13 
47 
14 
8 
43 
13 
7 
49 
66 
87 
64 
63 
87 
31 
8 
8 
0 
0 
6 
2 
24 
25 
23 
16 
1 
82 
90 
86 
109 
100 
53 
33 
73 
76 
16 
22 
12 
50 
73 
106 
119 
0 
81 
90 
71 
8 
64 
64 
48 
48 
15 
7 
9 
13 
10 
7 
24 
47 
70 
101 
123 
124 
49 
22 
83 
139 
138 
97 
39 
16 
24 
37 
69 
53 
32 
81 
143 
160 
120 
64 
23 
46 
52 
53 
3 
32 
17 
100 
103 
105 
106 
50 
21 
29 
13 
7 
23 
39 
6 
34 
47 
49 
74 
96 
128 
133 
80 
24 
32 
53 
57 
34 
56 
107 
101 
30 
76 
103 
41 
7 
1 
7 
24 
25 
69 
69 
56 
79 
78 
7 
76 
42 
0 
23 
23 
15 
2 
6 
5 
0 
0 
17 
42 
87 
95 
102 
109 
75 
29 
9 
59 
98 
128 
93 
53 
26 
50 
54 
77 
109 
96 
59 
2 
56 
97 
63 
47 
8 
71 
95 
63 
30 
26 
39 
16 
0 
16 
0 
15 
7 
15 
34 
2 
10 
82 
86 
77 
117 
91 
13 
52 
50 
52 
47 
33 
39 
6 
37 
43 
37 
88 
78 
53 
0 
73 
143 
96 
61 
72 
80 
11 
42 
63 
80 
109 
97 
66 
42 
23 
39 
66 
46 
21 
15 
4 
69 
67 
52 
61 
70 
27 
44 
164 
123 
114 
124 
18 
23 
103 
70 
55 
105 
95 
97 
112 
129 
135 
87 
8 
65 
74 
48 
33 
2 
16 
38 
45 
7 
6 
42 
63 
56 
15 
114 
134 
104 
51 
21 
39 
104 
80 
0 
7 
31 
24 
23 
7 
30 
13 
47 
86 
88 
46 
39 
100 
42 
42 
82 
134 
45 
55 
97 
98 
31 
23 
15 
6 
29 
7 
41 
63 
57 
90 
72 
40 
13 
29 
37 
32 
0 
1 
18 
31 
40 
25 
2 
5 
13 
17 
34 
50 
58 
66 
70 
64 
43 
21 
12 
10 
72 
137 
143 
23 
0 
48 
61 
97 
106 
150 
125 
80 
4 
98 
132 
146 
39 
0 
0 
23 
0 
7 
5 
65 
122 
127 
31 
8 
37 
45 
9 
37 
61 
37 
15 
0 
6 
2 
39 
63 
87 
31 
64 
101 
109 
77 
69 
88 
91 
77 
67 
60 
10 
17 
19 
21 
25 
76 
51 
58 
60 
79 
97 
47 
61 
17 
21 
25 
34 
16 
33 
91 
90 
76 
23 
12 
10 
34 
31 
39 
54 
48 
11 
29 
75 
60 
21 
30 
11 
3 
5 
19 
7 
65 
39 
52 
74 
50 
0 
8 
15 
63 
118 
148 
145 
57 
46 
58 
65 
27 
37 
51 
61 
59 
24 
14 
35 
16 
14 
84 
163 
186 
151 
88 
56 
28 
114 
119 
105 
103 
96 
80 
32 
7 
8 
6 
32 
3 
13 
16 
14 
48 
62 
40 
38 
11 
29 
22 
12 
28 
59 
83 
115 
122 
31 
56 
72 
61 
49 
66 
90 
78 
21 
7 
7 
30 
61 
139 
148 
75 
3 
69 
102 
131 
106 
112 
73 
18 
13 
45 
88 
127 
126 
53 
49 
63 
33 
40 
30 
26 
7 
39 
14 
69 
109 
104 
54 
12 
42 
89 
67 
5 
4 
31 
49 
66 
56 
24 
34 
42 
106 
42 
1 
37 
37 
40 
40 
23 
22 
40 
20 
42 
167 
120 
87 
70 
27 
28 
20 
20 
7 
1 
15 
25 
13 
19 
45 
70 
75 
75 
75 
71 
38 
19 
21 
4 
23 
25 
39 
36 
50 
39 
25 
4 
18 
36 
39 
17 
39 
41 
0 
30 
72 
78 
27 
34 
97 
162 
175 
111 
131 
100 
2 
100 
146 
176 
181 
53 
15 
6 
3 
18 
49 
84 
79 
137 
63 
8 
6 
53 
15 
49 
55 
40 
13 
18 
58 
114 
22 
26 
50 
47 
15 
55 
32 
97 
71 
48 
33 
5 
24 
31 
22 
45 
24 
16 
49 
111 
160 
157 
69 
23 
41 
167 
160 
104 
40 
32 
38 
53 
36 
63 
97 
108 
66 
96 
96 
120 
120 
119 
118 
36 
58 
172 
242 
303 
183 
62 
83 
66 
60 
63 
121 
119 
104 
57 
23 
24 
1 
5 
7 
39 
62 
133 
160 
14 
63 
113 
90 
112 
120 
89 
42 
26 
10 
5 
30 
53 
0 
3 
2 
7 
49 
58 
79 
96 
16 
24 
28 
13 
23 
65 
98 
122 
79 
31 
21 
21 
149 
61 
31 
56 
88 
45 
18 
2 
2 
25 
18 
8 
8 
5 
14 
18 
42 
7 
16 
48 
29 
55 
47 
48 
120 
168 
139 
13 
63 
169 
130 
114 
0 
103 
55 
31 
8 
31 
36 
58 
7 
7 
33 
18 
47 
81 
58 
15 
0 
31 
55 
23 
8 
39 
47 
14 
37 
40 
24 
55 
30 
21 
29 
48 
55 
25 
50 
42 
0 
1 
8 
30 
15 
33 
66 
0 
72 
120 
80 
39 
23 
5 
121 
18 
2 
31 
40 
72 
80 
63 
22 
34 
130 
66 
14 
5 
16 
24 
49 
26 
55 
57 
10 
66 
118 
85 
32 
1 
66 
56 
45 
57 
34 
7 
48 
64 
72 
88 
32 
15 
15 
14 
29 
40 
54 
16 
17 
10 
7 
17 
26 
0 
16 
13 
38 
53 
56 
3 
26 
39 
7 
46 
37 
23 
70 
85 
51 
29 
12 
50 
36 
26 
40 
33 
2 
48 
111 
94 
2 
72 
169 
130 
7 
40 
45 
49 
82 
74 
66 
74 
34 
2 
22 
21 
7 
65 
10 
16 
23 
0 
17 
10 
7 
48 
24 
58 
86 
37 
16 
31 
30 
45 
48 
19 
5 
39 
63 
56 
16 
32 
56 
48 
47 
54 
60 
21 
1 
19 
50 
39 
40 
15 
47 
63 
95 
91 
37 
40 
22 
3 
51 
74 
73 
106 
24 
15 
23 
47 
47 
55 
32 
23 
24 
47 
71 
55 
15 
9 
10 
16 
1 
5 
7 
9 
5 
48 
55 
54 
7 
97 
98 
39 
7 
63 
82 
46 
5 
9 
34 
31 
23 
0 
32 
23 
70 
61 
7 
73 
106 
7 
15 
15 
42 
10 
2 
82 
90 
31 
16 
16 
23 
8 
47 
42 
1 
2 
16 
6 
10 
23 
64 
77 
37 
23 
47 
104 
120 
53 
13 
29 
85 
96 
79 
54 
28 
18 
52 
87 
97 
31 
33 
15 
31 
47 
46 
10 
42 
7 
32 
71 
51 
58 
79 
8 
64 
64 
56 
24 
24 
9 
13 
32 
0 
31 
66 
46 
13 
10 
26 
26 
18 
5 
21 
50 
24 
7 
0 
17 
34 
7 
38 
109 
128 
147 
93 
56 
54 
16 
17 
42 
60 
74 
95 
65 
26 
47 
9 
13 
32 
71 
1 
2 
72 
80 
80 
111 
8 
185 
30 
50 
38 
13 
5 
0 
23 
22 
21 
15 
31 
23 
50 
38 
10 
2 
24 
15 
23 
72 
72 
40 
104 
93 
61 
40 
47 
54 
24 
40 
77 
45 
13 
24 
79 
150 
107 
29 
33 
76 
58 
56 
59 
21 
31 
56 
41 
2 
21 
101 
133 
88 
64 
20 
34 
64 
33 
79 
105 
87 
24 
63 
88 
72 
31 
0 
7 
0 
23 
39 
88 
111 
103 
38 
31 
9 
23 
41 
87 
113 
58 
14 
26 
74 
79 
32 
21 
29 
17 
6 
21 
29 
24 
11 
5 
3 
61 
48 
30 
16 
7 
30 
13 
0 
1 
10 
0 
20 
26 
103 
104 
74 
106 
122 
114 
102 
61 
40 
24 
49 
23 
33 
10 
1 
4 
5 
3 
55 
81 
58 
1 
18 
26 
15 
64 
69 
37 
34 
66 
45 
101 
88 
56 
3 
21 
7 
0 
30 
48 
14 
13 
32 
41 
58 
24 
13 
22 
53 
29 
0 
48 
31 
24 
24 
8 
0 
4 
2 
15 
16 
15 
24 
56 
63 
62 
45 
70 
40 
38 
27 
5 
16 
22 
10 
7 
38 
0 
52 
138 
96 
13 
10 
62 
85 
77 
85 
104 
24 
24 
73 
71 
55 
32 
42 
46 
29 
10 
8 
16 
0 
5 
26 
82 
54 
53 
101 
96 
38 
15 
65 
19 
10 
68 
90 
144 
81 
13 
73 
74 
106 
71 
63 
31 
0 
47 
66 
46 
21 
15 
87 
135 
95 
78 
40 
33 
31 
24 
41 
74 
55 
31 
8 
32 
69 
93 
88 
38 
37 
40 
14 
10 
15 
9 
42 
23 
12 
5 
55 
104 
31 
45 
61 
29 
88 
96 
64 
55 
42 
2 
33 
5 
64 
38 
11 
37 
38 
0 
33 
31 
32 
81 
90 
15 
48 
56 
47 
87 
103 
86 
24 
44 
90 
56 
25 
5 
32 
15 
22 
45 
0 
16 
9 
26 
48 
87 
55 
38 
66 
7 
0 
55 
87 
62 
2 
84 
18 
24 
22 
63 
84 
98 
46 
29 
8 
65 
95 
80 
65 
5 
42 
82 
94 
72 
46 
28 
18 
24 
17 
10 
16 
39 
6 
18 
31 
44 
82 
175 
88 
23 
103 
112 
80 
33 
2 
8 
25 
26 
8 
23 
63 
55 
46 
32 
39 
46 
40 
6 
55 
40 
22 
10 
39 
48 
64 
72 
47 
57 
146 
144 
88 
48 
48 
7 
9 
23 
17 
8 
6 
24 
43 
37 
24 
24 
81 
98 
39 
24 
48 
24 
32 
56 
7 
28 
50 
87 
88 
89 
74 
6 
37 
19 
13 
30 
3 
42 
68 
50 
40 
29 
17 
85 
69 
13 
39 
23 
2 
65 
114 
82 
54 
53 
16 
14 
15 
121 
151 
117 
26 
74 
130 
150 
101 
16 
89 
138 
143 
47 
72 
149 
93 
93 
53 
21 
37 
24 
7 
40 
33 
18 
18 
39 
31 
15 
10 
62 
61 
104 
78 
2 
87 
104 
104 
7 
61 
69 
93 
45 
24 
39 
38 
21 
0 
24 
30 
72 
70 
16 
17 
42 
47 
31 
40 
55 
30 
50 
143 
88 
21 
127 
151 
82 
54 
37 
64 
39 
129 
250 
191 
110 
7 
113 
151 
153 
154 
167 
102 
29 
31 
9 
39 
41 
146 
72 
8 
10 
55 
66 
46 
53 
77 
47 
30 
23 
72 
53 
77 
45 
42 
47 
8 
31 
64 
64 
64 
40 
31 
22 
53 
51 
12 
35 
98 
112 
81 
46 
82 
215 
240 
128 
27 
5 
23 
73 
55 
57 
31 
17 
0 
4 
26 
32 
9 
10 
2 
24 
47 
87 
79 
54 
77 
56 
3 
18 
31 
81 
5 
32 
0 
17 
90 
79 
16 
15 
16 
85 
117 
53 
29 
53 
2 
39 
15 
15 
0 
34 
1 
45 
53 
40 
23 
22 
29 
100 
98 
64 
1 
61 
104 
71 
7 
10 
66 
38 
34 
71 
16 
15 
46 
85 
56 
63 
86 
32 
4 
10 
44 
50 
116 
90 
26 
9 
26 
0 
15 
24 
37 
93 
93 
43 
13 
17 
39 
9 
40 
7 
16 
10 
10 
18 
10 
21 
5 
10 
118 
125 
64 
20 
26 
8 
6 
0 
25 
26 
15 
73 
50 
50 
0 
112 
192 
147 
45 
27 
90 
161 
170 
111 
49 
114 
63 
40 
64 
64 
72 
67 
45 
16 
1 
0 
6 
31 
65 
106 
26 
2 
9 
42 
50 
15 
31 
47 
31 
7 
25 
13 
56 
83 
85 
23 
33 
0 
32 
38 
50 
68 
122 
72 
17 
26 
2 
41 
42 
74 
55 
23 
15 
39 
54 
64 
59 
63 
73 
71 
49 
31 
16 
1 
29 
2 
7 
32 
41 
34 
42 
46 
37 
160 
139 
133 
118 
91 
75 
70 
50 
139 
92 
65 
61 
50 
57 
140 
87 
107 
85 
75 
76 
37 
22 
12 
44 
36 
82 
49 
11 
69 
91 
101 
4 
5 
3 
37 
9 
71 
33 
3 
13 
14 
11 
10 
12 
7 
126 
212 
133 
137 
193 
160 
1 
56 
87 
134 
96 
70 
75 
60 
6 
90 
57 
68 
59 
5 
27 
39 
44 
18 
34 
23 
2 
37 
101 
80 
72 
27 
34 
60 
26 
76 
133 
115 
140 
121 
2 
49 
105 
164 
130 
48 
25 
34 
63 
31 
102 
109 
23 
29 
46 
133 
133 
32 
113 
176 
105 
42 
13 
133 
133 
109 
48 
31 
1 
18 
20 
2 
0 
38 
24 
28 
34 
15 
28 
26 
111 
49 
45 
117 
85 
101 
109 
77 
120 
43 
10 
51 
44 
33 
73 
25 
91 
228 
225 
345 
255 
54 
215 
281 
247 
208 
117 
66 
87 
40 
103 
9 
45 
83 
124 
76 
4 
163 
443 
250 
23 
120 
117 
25 
18 
0 
52 
58 
136 
133 
101 
120 
94 
12 
66 
129 
164 
162 
143 
15 
104 
153 
122 
90 
58 
38 
16 
52 
18 
20 
10 
23 
23 
8 
18 
29 
37 
37 
26 
1 
2 
22 
45 
13 
31 
8 
55 
86 
37 
8 
64 
69 
117 
0 
76 
130 
151 
104 
8 
40 
22 
26 
88 
33 
32 
127 
118 
40 
164 
242 
218 
1 
194 
263 
240 
251 
21 
212 
111 
120 
24 
71 
0 
40 
24 
0 
40 
80 
112 
64 
83 
42 
143 
6 
5 
23 
104 
72 
72 
169 
146 
71 
71 
55 
2 
81 
58 
66 
55 
8 
42 
54 
37 
8 
47 
120 
72 
16 
24 
14 
66 
172 
210 
56 
61 
109 
101 
64 
46 
43 
82 
121 
100 
95 
38 
72 
96 
105 
38 
53 
2 
48 
1 
63 
73 
50 
16 
23 
22 
47 
193 
170 
114 
158 
112 
65 
247 
337 
82 
61 
149 
85 
207 
95 
17 
27 
34 
33 
156 
178 
136 
23 
48 
89 
95 
0 
87 
39 
2 
45 
8 
4 
77 
36 
42 
33 
23 
3 
69 
24 
4 
82 
175 
184 
112 
144 
62 
259 
322 
159 
1 
26 
143 
129 
114 
119 
64 
7 
119 
119 
166 
69 
159 
288 
339 
197 
54 
156 
243 
338 
271 
83 
154 
224 
153 
42 
7 
32 
96 
109 
29 
16 
32 
24 
0 
1 
5 
63 
209 
178 
94 
45 
18 
151 
229 
285 
189 
77 
48 
1 
50 
63 
73 
74 
40 
6 
36 
2 
84 
47 
11 
85 
96 
71 
62 
48 
47 
9 
24 
7 
17 
114 
224 
136 
15 
120 
77 
49 
77 
58 
82 
23 
32 
7 
80 
127 
87 
25 
69 
16 
272 
165 
5 
71 
167 
127 
39 
38 
85 
72 
40 
33 
114 
21 
56 
0 
9 
61 
56 
38 
28 
85 
86 
54 
4 
43 
107 
114 
73 
5 
0 
65 
138 
2 
57 
66 
7 
7 
40 
64 
112 
216 
271 
30 
31 
17 
91 
74 
116 
79 
1 
48 
46 
28 
18 
60 
18 
16 
17 
42 
37 
77 
85 
133 
61 
31 
48 
6 
10 
16 
8 
38 
24 
3 
34 
47 
15 
39 
40 
32 
39 
63 
86 
40 
9 
3 
2 
19 
32 
9 
20 
66 
152 
93 
61 
40 
64 
97 
130 
223 
223 
118 
32 
49 
83 
90 
76 
50 
44 
18 
16 
6 
10 
31 
22 
69 
96 
67 
53 
87 
62 
3 
74 
113 
122 
16 
39 
71 
26 
53 
5 
42 
126 
125 
56 
14 
0 
9 
28 
47 
22 
36 
29 
68 
95 
92 
98 
42 
41 
90 
154 
167 
134 
61 
12 
34 
52 
66 
72 
25 
61 
88 
43 
58 
127 
13 
1 
77 
96 
71 
118 
100 
45 
3 
59 
258 
185 
58 
18 
49 
74 
82 
87 
96 
120 
16 
0 
22 
45 
32 
32 
89 
79 
55 
16 
16 
48 
56 
56 
48 
47 
17 
2 
7 
6 
37 
8 
0 
1 
5 
2 
7 
0 
23 
30 
53 
40 
47 
38 
16 
22 
13 
12 
26 
20 
13 
16 
17 
2 
23 
7 
7 
34 
46 
101 
120 
131 
101 
70 
57 
145 
252 
234 
79 
24 
24 
109 
89 
10 
5 
47 
7 
31 
24 
0 
104 
149 
144 
64 
64 
57 
34 
15 
7 
1 
5 
24 
11 
13 
15 
6 
8 
14 
15 
23 
38 
29 
48 
19 
26 
0 
40 
41 
2 
24 
72 
23 
9 
18 
15 
24 
47 
111 
103 
70 
13 
0 
33 
34 
24 
9 
50 
7 
30 
13 
47 
30 
29 
8 
7 
10 
17 
18 
8 
16 
30 
53 
8 
7 
30 
53 
32 
15 
14 
0 
16 
24 
30 
21 
40 
23 
9 
34 
23 
65 
50 
7 
24 
55 
86 
53 
24 
0 
8 
8 
24 
24 
29 
29 
0 
8 
0 
14 
45 
47 
46 
15 
81 
95 
48 
26 
66 
50 
66 
2 
2 
34 
46 
45 
13 
23 
41 
21 
29 
48 
35 
29 
63 
88 
56 
8 
23 
0 
31 
90 
58 
38 
2 
2 
48 
104 
47 
22 
2 
24 
25 
42 
50 
39 
7 
16 
23 
87 
102 
77 
0 
25 
47 
48 
30 
45 
13 
24 
40 
3 
18 
47 
40 
14 
29 
40 
95 
1 
61 
53 
48 
11 
10 
39 
24 
9 
26 
8 
6 
2 
8 
27 
45 
48 
54 
13 
0 
1 
5 
13 
7 
23 
7 
8 
16 
7 
5 
33 
45 
88 
40 
31 
25 
74 
58 
10 
49 
58 
55 
79 
63 
14 
2 
39 
19 
18 
15 
16 
14 
69 
101 
48 
15 
93 
113 
86 
37 
21 
15 
104 
165 
117 
69 
56 
23 
9 
23 
57 
50 
0 
16 
9 
21 
21 
32 
31 
22 
45 
48 
23 
6 
23 
24 
1 
7 
0 
15 
21 
21 
17 
5 
5 
9 
58 
94 
109 
96 
19 
50 
48 
73 
42 
34 
10 
10 
9 
58 
74 
66 
62 
5 
23 
24 
1 
61 
104 
64 
4 
42 
7 
0 
17 
58 
58 
8 
40 
64 
63 
94 
40 
1 
39 
65 
18 
29 
16 
15 
16 
8 
0 
0 
15 
23 
62 
69 
32 
19 
61 
8 
33 
7 
7 
0 
5 
2 
6 
21 
8 
0 
23 
46 
48 
11 
2 
36 
10 
16 
5 
25 
5 
5 
5 
33 
26 
18 
50 
62 
53 
24 
19 
21 
0 
6 
7 
16 
14 
2 
23 
7 
7 
15 
6 
29 
21 
0 
23 
22 
7 
7 
2 
38 
61 
16 
16 
48 
17 
13 
29 
64 
40 
23 
22 
5 
15 
0 
5 
17 
2 
21 
0 
31 
55 
54 
16 
16 
17 
10 
7 
40 
51 
45 
40 
20 
42 
7 
23 
50 
6 
29 
32 
31 
33 
34 
7 
23 
26 
30 
13 
16 
39 
22 
26 
88 
93 
9 
21 
61 
85 
69 
104 
55 
1 
2 
7 
0 
25 
42 
7 
7 
23 
39 
29 
45 
13 
34 
18 
10 
46 
61 
37 
16 
7 
26 
6 
2 
32 
7 
16 
56 
18 
34 
10 
14 
37 
37 
7 
9 
5 
24 
8 
0 
0 
8 
0 
47 
18 
5 
26 
70 
5 
15 
15 
14 
29 
40 
22 
2 
0 
17 
58 
18 
2 
9 
2 
5 
0 
23 
31 
39 
39 
62 
61 
31 
1 
23 
47 
47 
54 
10 
47 
72 
21 
30 
29 
8 
39 
14 
58 
42 
26 
10 
41 
42 
34 
31 
31 
23 
7 
0 
0 
8 
8 
32 
32 
31 
26 
6 
26 
7 
8 
40 
32 
39 
7 
29 
41 
34 
21 
64 
96 
87 
43 
29 
16 
15 
1 
26 
39 
32 
13 
1 
13 
13 
32 
7 
17 
34 
31 
7 
71 
106 
62 
69 
23 
31 
8 
18 
1 
18 
7 
0 
0 
0 
10 
2 
2 
18 
14 
13 
13 
24 
24 
15 
8 
13 
21 
13 
5 
26 
82 
110 
117 
55 
17 
8 
25 
50 
24 
7 
25 
10 
2 
23 
40 
39 
30 
13 
31 
48 
16 
7 
0 
39 
64 
8 
8 
16 
24 
40 
32 
47 
38 
13 
15 
64 
45 
9 
21 
21 
8 
16 
5 
13 
37 
21 
37 
40 
40 
23 
30 
48 
35 
10 
79 
104 
64 
40 
24 
101 
101 
117 
101 
72 
30 
0 
6 
24 
22 
23 
17 
55 
57 
63 
40 
48 
8 
0 
40 
89 
74 
86 
93 
29 
0 
33 
18 
15 
15 
8 
0 
21 
13 
9 
5 
21 
56 
64 
47 
54 
29 
7 
33 
34 
39 
15 
0 
8 
16 
16 
16 
48 
32 
23 
15 
30 
53 
48 
15 
1 
8 
8 
8 
26 
1 
18 
8 
0 
16 
7 
34 
46 
37 
23 
5 
9 
18 
18 
15 
2 
13 
29 
21 
21 
32 
40 
32 
40 
39 
30 
29 
7 
65 
18 
8 
16 
40 
16 
8 
15 
16 
16 
45 
25 
29 
45 
40 
16 
0 
31 
0 
15 
23 
0 
55 
80 
72 
23 
0 
17 
15 
23 
38 
32 
30 
7 
73 
50 
31 
7 
63 
74 
38 
10 
15 
0 
7 
22 
45 
48 
47 
38 
7 
24 
17 
5 
39 
7 
15 
7 
10 
22 
29 
21 
32 
31 
14 
8 
4 
5 
16 
15 
10 
9 
10 
2 
5 
16 
8 
7 
39 
38 
13 
16 
23 
46 
48 
11 
2 
31 
32 
17 
5 
16 
8 
23 
30 
37 
13 
0 
7 
14 
5 
5 
32 
7 
1 
26 
39 
48 
39 
55 
15 
42 
54 
45 
56 
46 
21 
24 
57 
15 
8 
39 
14 
5 
15 
40 
79 
46 
16 
9 
8 
17 
7 
20 
13 
32 
0 
6 
13 
0 
0 
32 
1 
2 
15 
31 
31 
95 
110 
109 
48 
12 
10 
8 
17 
15 
16 
9 
23 
16 
1 
29 
24 
31 
46 
45 
23 
6 
8 
8 
24 
21 
17 
2 
21 
32 
40 
47 
38 
24 
6 
26 
40 
9 
5 
8 
7 
39 
47 
0 
25 
2 
5 
24 
16 
8 
13 
6 
13 
5 
18 
2 
29 
29 
29 
1 
18 
26 
10 
1 
2 
13 
21 
37 
48 
24 
8 
2 
6 
2 
18 
5 
21 
29 
32 
16 
16 
23 
22 
37 
24 
23 
22 
16 
3 
26 
15 
8 
1 
45 
37 
8 
8 
1 
37 
24 
23 
22 
24 
11 
13 
7 
13 
6 
29 
24 
23 
12 
10 
23 
48 
32 
14 
45 
69 
80 
67 
45 
48 
6 
26 
24 
25 
2 
48 
54 
26 
56 
25 
7 
39 
54 
48 
47 
14 
0 
7 
6 
21 
15 
1 
18 
31 
6 
45 
56 
27 
34 
16 
1 
2 
8 
15 
15 
6 
13 
29 
16 
0 
22 
29 
31 
38 
24 
4 
2 
16 
25 
2 
24 
16 
8 
24 
32 
32 
24 
8 
39 
55 
63 
78 
61 
31 
22 
2 
0 
8 
8 
2 
18 
14 
5 
16 
31 
38 
29 
0 
17 
8 
1 
29 
40 
27 
13 
16 
24 
37 
22 
29 
40 
8 
8 
14 
37 
56 
11 
26 
0 
1 
10 
31 
48 
2 
34 
22 
37 
37 
37 
40 
55 
46 
24 
12 
2 
8 
17 
2 
15 
24 
16 
13 
6 
13 
29 
40 
48 
51 
45 
32 
1 
10 
7 
1 
2 
18 
7 
7 
15 
0 
8 
24 
40 
47 
30 
37 
32 
1 
2 
8 
12 
2 
0 
8 
15 
13 
9 
29 
45 
48 
40 
31 
22 
8 
4 
13 
16 
23 
38 
2 
32 
25 
34 
23 
23 
74 
62 
53 
39 
22 
0 
14 
10 
32 
25 
18 
39 
8 
23 
50 
38 
45 
48 
43 
37 
4 
18 
39 
32 
9 
13 
21 
0 
8 
15 
23 
18 
14 
5 
24 
31 
38 
40 
19 
21 
15 
14 
7 
32 
53 
33 
2 
45 
61 
40 
31 
38 
29 
11 
2 
7 
1 
63 
48 
1 
45 
29 
29 
16 
24 
39 
23 
6 
2 
8 
15 
1 
5 
8 
23 
22 
29 
40 
38 
29 
15 
1 
8 
9 
2 
11 
10 
0 
14 
5 
0 
6 
26 
23 
8 
16 
31 
47 
31 
22 
34 
7 
15 
15 
22 
2 
16 
7 
2 
22 
5 
2 
7 
7 
8 
15 
23 
39 
47 
30 
29 
16 
0 
9 
2 
8 
7 
10 
22 
2 
7 
0 
0 
14 
45 
48 
39 
22 
2 
15 
0 
1 
10 
2 
8 
23 
30 
29 
8 
7 
18 
14 
37 
8 
4 
5 
0 
16 
13 
1 
2 
5 
21 
5 
16 
24 
23 
31 
30 
45 
40 
31 
22 
0 
24 
25 
34 
23 
24 
40 
16 
0 
16 
15 
31 
38 
21 
24 
7 
9 
2 
23 
15 
8 
7 
7 
7 
15 
23 
50 
38 
37 
32 
24 
25 
8 
7 
5 
22 
29 
21 
0 
8 
40 
47 
22 
13 
8 
11 
21 
24 
22 
5 
3 
5 
0 
16 
17 
2 
24 
16 
8 
2 
10 
38 
45 
24 
15 
1 
5 
16 
16 
7 
2 
6 
13 
2 
0 
0 
16 
7 
18 
22 
21 
40 
31 
22 
8 
24 
9 
13 
13 
31 
16 
8 
7 
23 
15 
0 
31 
55 
46 
29 
16 
7 
6 
5 
10 
23 
15 
23 
34 
5 
37 
53 
45 
37 
32 
47 
30 
2 
23 
32 
16 
2 
10 
18 
2 
10 
10 
26 
46 
37 
37 
40 
23 
6 
10 
15 
16 
2 
10 
10 
1 
5 
13 
5 
32 
40 
31 
30 
8 
16 
25 
2 
2 
8 
16 
8 
24 
24 
23 
7 
15 
26 
22 
13 
16 
15 
6 
5 
0 
31 
32 
0 
15 
23 
16 
8 
40 
31 
7 
18 
6 
2 
40 
40 
31 
23 
2 
17 
18 
10 
16 
16 
32 
23 
14 
21 
32 
15 
17 
34 
47 
15 
24 
40 
32 
32 
16 
13 
5 
13 
5 
48 
48 
23 
4 
34 
2 
0 
16 
8 
23 
39 
47 
31 
39 
31 
22 
29 
16 
8 
1 
0 
7 
6 
2 
16 
0 
2 
14 
21 
21 
16 
32 
23 
31 
14 
5 
23 
38 
16 
7 
1 
15 
24 
21 
13 
1 
21 
29 
37 
0 
8 
47 
38 
21 
16 
7 
22 
21 
0 
24 
13 
14 
2 
10 
8 
24 
23 
16 
6 
37 
48 
23 
6 
13 
2 
16 
15 
32 
21 
2 
6 
13 
29 
32 
31 
22 
29 
24 
7 
1 
10 
7 
32 
0 
7 
23 
47 
39 
34 
46 
29 
16 
1 
0 
8 
17 
10 
32 
56 
32 
23 
16 
29 
65 
2 
29 
77 
37 
40 
47 
46 
53 
24 
6 
39 
64 
41 
42 
26 
13 
10 
13 
45 
37 
37 
69 
69 
48 
23 
8 
1 
5 
16 
8 
0 
5 
1 
10 
7 
16 
39 
54 
53 
32 
1 
2 
8 
17 
10 
8 
24 
31 
23 
9 
34 
8 
24 
23 
22 
2 
16 
39 
22 
21 
0 
16 
7 
5 
2 
49 
42 
9 
10 
10 
26 
46 
37 
21 
8 
16 
24 
15 
7 
8 
0 
15 
34 
26 
38 
29 
24 
3 
13 
8 
6 
13 
16 
25 
26 
8 
24 
24 
16 
16 
24 
32 
0 
39 
71 
55 
23 
50 
14 
5 
2 
23 
15 
24 
24 
8 
16 
15 
23 
14 
21 
24 
39 
46 
37 
15 
9 
2 
0 
16 
17 
13 
21 
40 
0 
30 
40 
51 
21 
16 
17 
31 
40 
17 
5 
13 
21 
29 
29 
45 
37 
40 
40 
23 
22 
24 
19 
21 
0 
6 
0 
8 
9 
15 
8 
1 
37 
45 
48 
30 
29 
19 
21 
19 
16 
14 
8 
14 
12 
21 
11 
13 
4 
13 
14 
24 
22 
11 
24 
22 
3 
8 
1 
12 
26 
52 
26 
7 
6 
13 
16 
31 
70 
40 
19 
29 
4 
39 
1 
21 
23 
14 
24 
15 
17 
0 
0 
6 
21 
7 
14 
40 
43 
45 
35 
40 
30 
8 
17 
15 
25 
55 
17 
37 
72 
94 
64 
6 
28 
27 
