48 
57 
58 
39 
0 
32 
7 
16 
8 
0 
0 
5 
21 
33 
34 
34 
50 
34 
2 
29 
45 
72 
59 
53 
43 
37 
30 
11 
58 
44 
2 
9 
44 
59 
58 
80 
96 
72 
32 
7 
30 
29 
13 
13 
5 
10 
30 
21 
8 
7 
8 
16 
25 
2 
8 
8 
15 
39 
31 
18 
18 
8 
7 
22 
8 
9 
10 
7 
8 
9 
2 
0 
0 
6 
2 
16 
4 
2 
4 
13 
14 
28 
47 
41 
39 
40 
17 
5 
32 
14 
3 
5 
36 
26 
24 
25 
66 
98 
118 
101 
72 
59 
37 
0 
40 
48 
41 
34 
34 
42 
54 
53 
24 
6 
12 
42 
56 
53 
41 
30 
13 
13 
9 
2 
2 
0 
15 
30 
32 
22 
3 
26 
44 
50 
32 
9 
13 
15 
22 
8 
1 
7 
1 
7 
9 
23 
48 
1 
71 
95 
102 
101 
102 
99 
99 
138 
140 
122 
96 
65 
63 
48 
29 
49 
50 
26 
8 
35 
61 
59 
69 
67 
61 
54 
36 
13 
14 
11 
26 
52 
58 
72 
96 
101 
112 
115 
109 
102 
123 
122 
121 
111 
97 
90 
71 
71 
58 
50 
34 
18 
10 
9 
10 
26 
39 
55 
47 
39 
46 
61 
76 
69 
70 
58 
25 
12 
20 
49 
57 
68 
58 
64 
57 
42 
31 
9 
7 
6 
19 
43 
27 
27 
38 
34 
60 
55 
57 
34 
20 
18 
3 
10 
24 
9 
10 
8 
16 
40 
40 
23 
30 
29 
40 
46 
24 
30 
60 
37 
1 
7 
33 
18 
7 
0 
7 
16 
32 
40 
31 
30 
29 
8 
16 
8 
10 
1 
5 
0 
28 
42 
39 
36 
26 
7 
0 
8 
37 
69 
53 
21 
15 
15 
38 
53 
27 
13 
1 
12 
12 
21 
30 
19 
11 
4 
12 
20 
4 
9 
29 
30 
6 
33 
73 
76 
92 
74 
57 
52 
42 
28 
15 
9 
2 
4 
5 
32 
6 
23 
41 
31 
1 
43 
51 
75 
75 
38 
10 
1 
17 
9 
28 
59 
42 
15 
8 
22 
29 
48 
86 
91 
108 
115 
106 
92 
66 
36 
0 
30 
46 
59 
62 
42 
17 
3 
3 
3 
3 
4 
2 
17 
36 
42 
39 
41 
18 
8 
46 
60 
85 
118 
110 
90 
57 
25 
26 
57 
80 
73 
79 
71 
48 
1 
24 
62 
100 
113 
105 
116 
100 
59 
22 
25 
57 
100 
98 
79 
64 
41 
26 
31 
16 
14 
29 
21 
40 
55 
70 
85 
78 
51 
44 
36 
28 
17 
1 
18 
17 
12 
8 
9 
16 
9 
0 
24 
25 
10 
8 
3 
13 
19 
24 
22 
16 
30 
27 
21 
11 
13 
7 
56 
56 
56 
31 
26 
38 
29 
5 
7 
8 
7 
45 
101 
117 
112 
118 
92 
77 
62 
38 
11 
23 
41 
55 
80 
85 
61 
45 
29 
8 
15 
39 
63 
62 
69 
48 
38 
40 
27 
13 
12 
42 
55 
39 
31 
23 
22 
5 
7 
8 
1 
10 
47 
63 
54 
61 
56 
30 
24 
14 
7 
15 
24 
0 
7 
30 
21 
16 
8 
32 
56 
47 
46 
32 
11 
13 
8 
3 
21 
13 
16 
16 
24 
31 
30 
21 
3 
2 
3 
5 
8 
8 
9 
10 
10 
10 
26 
6 
2 
13 
24 
11 
45 
35 
29 
3 
10 
15 
40 
61 
69 
88 
96 
91 
77 
64 
7 
5 
21 
37 
53 
40 
32 
39 
47 
62 
40 
8 
41 
63 
87 
88 
88 
75 
69 
64 
38 
24 
3 
2 
39 
88 
112 
91 
93 
54 
27 
27 
66 
71 
88 
103 
102 
104 
86 
56 
22 
23 
40 
56 
48 
47 
2 
17 
26 
18 
10 
14 
45 
37 
39 
54 
37 
3 
26 
66 
78 
69 
27 
13 
12 
2 
24 
33 
18 
0 
4 
2 
11 
61 
78 
66 
49 
1 
50 
89 
135 
159 
179 
181 
158 
118 
94 
59 
4 
42 
49 
71 
73 
95 
111 
115 
85 
67 
36 
4 
2 
12 
18 
44 
58 
55 
63 
80 
72 
39 
31 
26 
34 
46 
45 
40 
47 
18 
9 
2 
10 
23 
31 
47 
70 
69 
40 
31 
22 
8 
14 
36 
55 
49 
47 
57 
42 
42 
23 
24 
8 
9 
2 
21 
24 
6 
2 
40 
41 
34 
7 
12 
2 
23 
47 
40 
40 
39 
18 
6 
5 
13 
13 
13 
17 
2 
8 
7 
6 
8 
23 
6 
5 
21 
16 
0 
16 
25 
26 
23 
36 
26 
23 
36 
34 
47 
31 
7 
8 
8 
15 
7 
14 
5 
8 
17 
34 
42 
31 
24 
21 
1 
2 
0 
6 
2 
15 
8 
15 
6 
29 
16 
1 
23 
33 
26 
39 
64 
53 
40 
24 
24 
5 
14 
5 
8 
15 
7 
6 
18 
31 
40 
53 
61 
37 
21 
15 
30 
45 
48 
30 
5 
0 
14 
2 
7 
36 
42 
63 
65 
42 
23 
12 
5 
24 
19 
29 
16 
22 
16 
14 
7 
33 
39 
56 
65 
71 
56 
24 
1 
21 
13 
0 
8 
16 
2 
14 
21 
8 
17 
34 
64 
88 
61 
21 
5 
14 
21 
39 
54 
44 
29 
19 
37 
11 
26 
63 
81 
98 
95 
63 
74 
42 
18 
13 
13 
10 
10 
13 
53 
72 
43 
13 
7 
33 
50 
71 
79 
62 
53 
32 
23 
2 
21 
37 
61 
64 
30 
13 
0 
9 
34 
40 
25 
18 
7 
8 
9 
18 
34 
23 
7 
0 
31 
38 
16 
36 
58 
71 
64 
53 
41 
26 
10 
13 
47 
54 
64 
62 
48 
22 
0 
32 
41 
15 
30 
14 
2 
1 
22 
26 
52 
66 
87 
111 
110 
108 
85 
59 
29 
8 
16 
8 
0 
16 
24 
40 
40 
40 
32 
0 
7 
15 
8 
8 
24 
33 
26 
34 
23 
8 
14 
21 
24 
15 
30 
5 
7 
0 
6 
13 
4 
10 
1 
36 
18 
44 
66 
47 
25 
18 
15 
16 
8 
13 
1 
10 
26 
26 
15 
7 
9 
2 
12 
2 
12 
18 
26 
23 
15 
0 
0 
8 
7 
15 
16 
17 
34 
23 
24 
9 
26 
15 
0 
6 
5 
5 
0 
15 
54 
56 
38 
11 
3 
34 
57 
71 
80 
85 
77 
85 
72 
43 
21 
0 
17 
26 
34 
38 
45 
32 
14 
18 
23 
32 
17 
10 
7 
8 
9 
2 
10 
0 
7 
3 
13 
7 
25 
31 
40 
17 
5 
8 
6 
12 
21 
20 
31 
28 
13 
0 
40 
57 
58 
31 
11 
16 
22 
4 
10 
23 
63 
71 
58 
46 
21 
16 
7 
15 
0 
24 
11 
13 
32 
46 
32 
6 
0 
6 
8 
0 
9 
15 
32 
33 
50 
71 
72 
88 
80 
63 
42 
22 
2 
10 
31 
23 
24 
40 
39 
39 
22 
0 
4 
10 
7 
1 
24 
14 
3 
13 
16 
33 
42 
31 
16 
41 
42 
23 
32 
9 
7 
25 
15 
17 
18 
23 
16 
10 
22 
37 
40 
38 
37 
19 
0 
17 
36 
58 
72 
49 
23 
16 
25 
26 
23 
16 
1 
16 
27 
37 
1 
23 
33 
58 
63 
96 
104 
99 
85 
78 
60 
21 
17 
56 
65 
50 
50 
46 
61 
56 
38 
0 
20 
18 
7 
16 
17 
0 
19 
37 
35 
21 
6 
3 
10 
36 
55 
73 
71 
80 
65 
58 
42 
10 
5 
13 
40 
56 
62 
64 
30 
12 
42 
48 
73 
82 
74 
42 
34 
34 
10 
2 
8 
8 
7 
15 
0 
8 
24 
29 
45 
61 
40 
16 
0 
15 
23 
30 
29 
32 
32 
39 
30 
37 
3 
2 
43 
50 
52 
42 
39 
57 
50 
42 
18 
26 
18 
5 
21 
24 
7 
6 
18 
39 
72 
72 
71 
46 
37 
16 
7 
2 
25 
58 
62 
53 
24 
16 
12 
18 
31 
24 
25 
10 
7 
24 
49 
18 
16 
40 
30 
45 
35 
21 
14 
3 
2 
17 
52 
58 
88 
93 
85 
77 
56 
47 
30 
10 
23 
31 
18 
6 
2 
0 
6 
2 
7 
8 
17 
2 
10 
8 
8 
23 
22 
5 
15 
32 
25 
34 
47 
57 
34 
8 
19 
13 
11 
5 
7 
13 
37 
45 
37 
24 
0 
1 
7 
36 
18 
8 
6 
26 
31 
31 
54 
61 
40 
15 
1 
10 
10 
2 
14 
13 
24 
7 
1 
5 
16 
15 
6 
2 
0 
12 
21 
16 
6 
0 
9 
36 
50 
84 
74 
55 
48 
32 
32 
16 
0 
24 
15 
30 
45 
27 
5 
11 
12 
2 
20 
31 
56 
85 
101 
96 
51 
53 
40 
0 
29 
45 
40 
31 
46 
32 
11 
24 
14 
23 
32 
40 
53 
45 
48 
40 
23 
15 
7 
8 
8 
13 
17 
34 
34 
34 
18 
5 
29 
61 
56 
48 
30 
13 
7 
17 
18 
24 
41 
55 
55 
56 
33 
5 
15 
24 
29 
37 
45 
40 
31 
30 
24 
27 
21 
3 
13 
19 
37 
43 
24 
22 
8 
12 
18 
23 
31 
7 
0 
15 
23 
22 
32 
43 
53 
54 
36 
29 
22 
11 
13 
14 
4 
15 
9 
12 
18 
15 
22 
13 
0 
32 
29 
37 
37 
29 
48 
16 
15 
15 
6 
13 
23 
48 
56 
77 
61 
96 
72 
47 
14 
2 
8 
8 
17 
26 
15 
7 
22 
37 
21 
24 
39 
23 
10 
2 
29 
40 
47 
31 
26 
30 
9 
13 
29 
45 
37 
56 
56 
56 
55 
31 
7 
8 
7 
7 
18 
10 
18 
10 
5 
21 
48 
47 
55 
34 
5 
29 
32 
15 
14 
21 
23 
22 
21 
8 
16 
48 
56 
56 
55 
50 
70 
77 
53 
24 
8 
16 
5 
6 
29 
8 
17 
18 
39 
46 
37 
16 
9 
5 
15 
32 
37 
53 
53 
45 
48 
39 
30 
5 
7 
40 
31 
7 
1 
7 
16 
40 
32 
24 
16 
0 
16 
24 
15 
0 
24 
24 
0 
0 
0 
9 
26 
8 
14 
5 
0 
16 
33 
18 
10 
0 
16 
8 
9 
18 
18 
39 
56 
72 
61 
48 
24 
24 
8 
8 
16 
40 
40 
15 
23 
30 
21 
7 
1 
7 
33 
58 
63 
48 
40 
47 
31 
26 
13 
29 
29 
32 
14 
2 
23 
32 
45 
61 
69 
45 
29 
21 
21 
5 
42 
34 
18 
18 
18 
6 
5 
0 
25 
26 
0 
17 
18 
47 
48 
37 
40 
32 
15 
9 
10 
1 
2 
18 
23 
24 
8 
14 
18 
7 
0 
2 
21 
29 
13 
8 
7 
0 
0 
1 
5 
11 
21 
4 
10 
15 
16 
25 
42 
23 
15 
7 
0 
1 
18 
34 
39 
47 
39 
8 
15 
38 
29 
3 
5 
3 
21 
27 
21 
30 
20 
13 
1 
36 
58 
84 
98 
122 
126 
104 
86 
56 
38 
8 
24 
61 
85 
64 
24 
0 
2 
1 
10 
10 
18 
15 
7 
16 
11 
29 
35 
45 
27 
8 
6 
4 
7 
33 
55 
73 
63 
72 
65 
66 
50 
34 
10 
5 
13 
21 
21 
16 
7 
23 
31 
32 
32 
32 
37 
29 
6 
37 
37 
48 
43 
61 
39 
22 
4 
5 
4 
27 
58 
88 
81 
90 
63 
47 
15 
0 
0 
0 
24 
23 
30 
37 
19 
5 
36 
42 
31 
48 
49 
47 
31 
24 
24 
16 
0 
23 
34 
38 
21 
7 
6 
0 
9 
15 
33 
34 
23 
31 
48 
48 
32 
24 
2 
1 
5 
18 
31 
23 
24 
16 
30 
56 
46 
16 
6 
0 
0 
1 
5 
0 
20 
42 
47 
72 
85 
65 
42 
34 
31 
23 
7 
8 
29 
21 
24 
55 
70 
56 
30 
20 
21 
14 
22 
11 
3 
35 
58 
72 
89 
90 
86 
93 
80 
63 
34 
5 
45 
67 
61 
27 
32 
6 
18 
55 
63 
63 
55 
38 
13 
8 
7 
16 
8 
7 
6 
13 
8 
1 
5 
7 
4 
5 
8 
13 
9 
2 
0 
3 
5 
20 
26 
60 
50 
39 
48 
25 
18 
0 
7 
6 
29 
32 
38 
13 
0 
17 
39 
40 
57 
58 
47 
40 
21 
1 
10 
8 
23 
30 
32 
22 
16 
6 
15 
36 
50 
48 
33 
26 
12 
10 
15 
29 
29 
37 
40 
24 
15 
38 
45 
61 
64 
48 
32 
15 
6 
5 
2 
7 
40 
64 
64 
71 
70 
40 
11 
13 
3 
7 
41 
55 
25 
0 
6 
11 
5 
17 
44 
34 
31 
40 
49 
50 
66 
90 
86 
69 
61 
16 
40 
48 
71 
94 
68 
29 
15 
24 
29 
45 
72 
79 
94 
101 
88 
43 
5 
31 
48 
64 
80 
71 
62 
48 
46 
32 
6 
10 
28 
34 
52 
50 
44 
10 
25 
26 
24 
33 
26 
7 
0 
9 
10 
8 
6 
15 
41 
42 
23 
8 
14 
8 
8 
25 
26 
42 
38 
13 
13 
16 
32 
40 
32 
24 
24 
13 
5 
10 
30 
61 
60 
45 
11 
5 
0 
25 
50 
63 
71 
87 
103 
87 
46 
29 
0 
23 
39 
54 
61 
80 
70 
32 
22 
8 
9 
42 
64 
57 
47 
36 
34 
55 
48 
16 
5 
9 
13 
24 
35 
53 
11 
10 
48 
65 
58 
47 
63 
56 
48 
31 
23 
10 
2 
21 
45 
40 
23 
30 
40 
35 
5 
1 
11 
34 
44 
26 
23 
17 
10 
7 
24 
16 
6 
20 
29 
1 
25 
44 
74 
79 
96 
95 
62 
53 
40 
38 
29 
4 
18 
23 
24 
16 
15 
22 
21 
24 
7 
10 
22 
21 
0 
9 
2 
8 
22 
24 
30 
12 
9 
10 
25 
52 
47 
41 
55 
56 
53 
49 
34 
26 
0 
7 
22 
29 
15 
17 
50 
55 
56 
48 
56 
39 
31 
7 
21 
29 
29 
56 
62 
48 
22 
4 
2 
4 
5 
1 
39 
57 
66 
55 
48 
48 
31 
15 
8 
32 
30 
21 
6 
7 
44 
58 
71 
71 
55 
55 
34 
14 
5 
10 
34 
54 
69 
64 
46 
20 
5 
20 
34 
40 
33 
47 
40 
41 
18 
23 
16 
15 
22 
24 
22 
12 
5 
1 
20 
26 
40 
65 
74 
74 
58 
50 
26 
2 
21 
37 
56 
70 
68 
49 
17 
10 
25 
48 
57 
82 
62 
69 
61 
56 
48 
31 
7 
8 
16 
8 
0 
7 
15 
7 
0 
8 
0 
23 
31 
38 
40 
30 
16 
14 
16 
17 
43 
42 
68 
66 
55 
32 
32 
8 
8 
8 
24 
32 
0 
15 
22 
45 
27 
2 
28 
42 
55 
56 
40 
40 
39 
31 
2 
13 
13 
13 
24 
24 
15 
1 
23 
23 
24 
25 
26 
23 
16 
2 
9 
26 
38 
13 
22 
37 
40 
22 
4 
18 
36 
50 
63 
47 
39 
31 
31 
18 
2 
2 
13 
13 
13 
16 
15 
32 
72 
55 
7 
0 
0 
0 
8 
15 
27 
45 
27 
13 
3 
10 
16 
41 
71 
64 
56 
29 
13 
17 
10 
2 
32 
24 
23 
22 
45 
43 
29 
1 
36 
50 
49 
71 
80 
69 
61 
45 
21 
21 
10 
30 
45 
48 
35 
29 
6 
7 
41 
79 
64 
56 
40 
24 
40 
32 
16 
0 
0 
7 
7 
7 
0 
13 
17 
34 
26 
2 
24 
31 
38 
16 
4 
2 
0 
0 
14 
8 
32 
57 
98 
111 
95 
94 
61 
15 
9 
34 
58 
54 
77 
88 
86 
72 
30 
7 
41 
55 
41 
31 
25 
28 
15 
33 
31 
41 
34 
34 
34 
31 
31 
31 
23 
23 
39 
39 
23 
2 
5 
16 
40 
62 
77 
62 
60 
61 
38 
1 
28 
66 
105 
114 
95 
95 
87 
86 
77 
71 
54 
48 
22 
15 
33 
23 
24 
32 
48 
48 
27 
29 
32 
27 
29 
19 
5 
0 
1 
0 
17 
26 
39 
40 
33 
63 
64 
33 
7 
0 
1 
5 
0 
6 
2 
8 
0 
6 
5 
11 
21 
1 
12 
23 
33 
52 
74 
71 
63 
18 
14 
2 
30 
21 
0 
12 
2 
15 
40 
13 
41 
58 
54 
25 
2 
21 
32 
16 
15 
14 
5 
7 
15 
32 
32 
24 
37 
41 
34 
0 
0 
1 
13 
13 
16 
16 
8 
8 
8 
17 
26 
39 
48 
45 
25 
18 
15 
8 
14 
21 
16 
6 
21 
35 
37 
19 
2 
12 
15 
17 
20 
15 
25 
28 
18 
48 
41 
50 
47 
39 
23 
23 
15 
32 
32 
25 
2 
8 
0 
0 
30 
37 
27 
21 
27 
13 
12 
10 
31 
61 
73 
66 
66 
78 
85 
61 
37 
5 
23 
47 
71 
62 
53 
40 
71 
54 
27 
10 
6 
20 
35 
42 
36 
39 
49 
66 
56 
49 
58 
74 
74 
70 
69 
67 
53 
46 
52 
44 
20 
9 
13 
1 
20 
26 
25 
39 
57 
55 
63 
87 
78 
52 
45 
14 
3 
0 
9 
24 
49 
74 
102 
117 
104 
54 
5 
8 
0 
14 
45 
47 
30 
24 
15 
14 
5 
23 
24 
33 
26 
13 
48 
43 
21 
20 
42 
92 
114 
98 
62 
77 
56 
31 
18 
13 
53 
48 
55 
54 
29 
29 
23 
48 
53 
49 
34 
5 
23 
38 
32 
22 
7 
16 
17 
26 
34 
70 
85 
88 
79 
62 
45 
32 
8 
48 
56 
55 
70 
76 
77 
67 
68 
37 
1 
47 
81 
130 
143 
127 
94 
61 
56 
46 
5 
39 
64 
40 
63 
75 
53 
51 
29 
19 
20 
11 
10 
17 
47 
88 
109 
101 
96 
79 
54 
24 
0 
6 
10 
23 
75 
101 
67 
36 
13 
6 
20 
10 
12 
10 
16 
17 
23 
20 
15 
25 
36 
58 
95 
112 
103 
118 
100 
69 
19 
15 
33 
31 
40 
57 
54 
45 
21 
16 
22 
29 
39 
30 
16 
6 
2 
16 
33 
34 
23 
16 
1 
31 
56 
81 
74 
98 
102 
109 
61 
16 
32 
45 
61 
64 
64 
62 
61 
67 
68 
69 
78 
30 
17 
68 
71 
73 
87 
88 
81 
42 
23 
16 
8 
2 
13 
77 
88 
71 
78 
69 
48 
31 
22 
2 
23 
79 
86 
53 
40 
47 
62 
48 
54 
36 
21 
20 
51 
42 
100 
82 
47 
47 
24 
8 
8 
2 
38 
16 
12 
42 
15 
17 
15 
20 
2 
7 
17 
5 
8 
0 
16 
29 
41 
10 
10 
15 
44 
18 
0 
9 
3 
5 
22 
32 
54 
51 
36 
13 
3 
15 
17 
28 
11 
30 
18 
9 
17 
20 
35 
13 
22 
27 
35 
36 
12 
19 
58 
73 
92 
98 
116 
114 
111 
87 
56 
21 
34 
34 
18 
38 
61 
88 
118 
139 
114 
97 
55 
33 
19 
92 
116 
135 
153 
146 
55 
55 
63 
119 
55 
29 
5 
85 
96 
89 
119 
17 
56 
59 
45 
46 
59 
76 
45 
22 
20 
31 
9 
20 
42 
73 
95 
65 
18 
3 
32 
30 
4 
16 
22 
11 
13 
6 
19 
42 
71 
105 
82 
82 
66 
31 
8 
46 
68 
84 
116 
103 
57 
28 
27 
67 
90 
112 
89 
66 
55 
64 
104 
119 
110 
85 
0 
65 
90 
142 
140 
109 
78 
9 
60 
55 
73 
71 
36 
34 
31 
61 
81 
62 
10 
26 
71 
87 
6 
18 
60 
10 
11 
37 
52 
26 
35 
7 
25 
12 
13 
12 
5 
20 
10 
3 
29 
14 
17 
49 
65 
87 
104 
77 
30 
69 
8 
33 
63 
16 
14 
69 
99 
100 
84 
50 
8 
54 
75 
98 
120 
96 
72 
80 
88 
95 
87 
94 
83 
49 
21 
14 
30 
44 
21 
0 
29 
117 
200 
187 
132 
139 
130 
73 
36 
51 
90 
129 
170 
127 
47 
103 
39 
8 
63 
95 
55 
48 
16 
31 
48 
31 
83 
161 
137 
47 
23 
62 
29 
1 
13 
19 
61 
82 
166 
213 
267 
220 
68 
28 
45 
20 
26 
55 
39 
103 
110 
93 
88 
62 
0 
56 
45 
61 
33 
53 
115 
165 
14 
52 
84 
114 
160 
73 
18 
3 
21 
31 
135 
166 
123 
51 
44 
36 
45 
46 
24 
6 
7 
49 
154 
352 
155 
129 
168 
33 
53 
12 
1 
9 
3 
12 
34 
121 
208 
261 
253 
243 
185 
105 
129 
4 
36 
121 
17 
30 
172 
306 
390 
180 
19 
128 
46 
36 
52 
35 
4 
76 
87 
97 
90 
90 
78 
53 
48 
23 
55 
49 
114 
71 
72 
32 
87 
110 
60 
45 
11 
34 
48 
31 
55 
38 
24 
25 
103 
152 
176 
166 
132 
85 
38 
31 
64 
56 
136 
192 
88 
39 
95 
126 
109 
75 
85 
35 
106 
151 
103 
7 
97 
122 
79 
103 
371 
189 
126 
41 
100 
92 
139 
143 
137 
104 
45 
29 
5 
151 
159 
17 
76 
10 
16 
1 
39 
119 
95 
49 
9 
34 
12 
12 
69 
94 
19 
10 
16 
40 
75 
117 
174 
210 
193 
148 
107 
11 
67 
90 
119 
151 
174 
168 
174 
158 
150 
51 
44 
0 
65 
186 
231 
199 
166 
96 
23 
6 
10 
146 
5 
105 
82 
39 
70 
332 
388 
194 
39 
88 
17 
108 
185 
212 
270 
293 
252 
233 
196 
123 
42 
6 
1 
26 
84 
106 
48 
65 
15 
0 
49 
82 
118 
181 
172 
148 
60 
3 
50 
105 
138 
154 
151 
146 
158 
136 
70 
55 
40 
181 
160 
134 
91 
83 
35 
20 
84 
151 
133 
117 
128 
14 
15 
33 
69 
112 
103 
22 
7 
8 
61 
45 
144 
126 
4 
20 
75 
36 
13 
40 
29 
5 
14 
74 
106 
103 
182 
141 
84 
69 
16 
112 
141 
168 
190 
75 
82 
49 
0 
70 
11 
42 
47 
47 
62 
13 
35 
35 
130 
160 
109 
73 
42 
18 
1 
29 
96 
83 
53 
11 
26 
119 
21 
9 
66 
13 
13 
5 
46 
21 
21 
24 
7 
22 
24 
1 
18 
23 
9 
8 
25 
63 
97 
103 
32 
30 
15 
16 
2 
73 
66 
16 
40 
183 
214 
52 
31 
73 
120 
117 
93 
96 
43 
18 
15 
38 
80 
151 
151 
34 
53 
69 
155 
188 
148 
179 
142 
51 
47 
112 
136 
211 
221 
270 
198 
107 
28 
5 
63 
136 
184 
238 
267 
74 
19 
11 
51 
28 
130 
151 
135 
126 
136 
110 
80 
46 
5 
2 
6 
37 
32 
8 
17 
21 
13 
5 
1 
21 
13 
15 
31 
46 
109 
48 
22 
20 
10 
44 
82 
112 
149 
141 
72 
107 
93 
92 
13 
63 
56 
29 
5 
5 
16 
7 
15 
39 
7 
50 
38 
2 
31 
7 
15 
31 
38 
5 
24 
33 
18 
40 
89 
58 
63 
55 
88 
128 
123 
45 
52 
157 
12 
139 
106 
52 
66 
71 
96 
96 
39 
105 
13 
85 
45 
13 
54 
77 
99 
148 
103 
137 
114 
26 
37 
72 
26 
57 
148 
190 
229 
131 
140 
201 
220 
211 
146 
33 
52 
20 
41 
49 
65 
44 
26 
76 
82 
151 
127 
71 
126 
144 
94 
75 
20 
51 
74 
65 
60 
11 
26 
12 
68 
37 
76 
119 
121 
122 
2 
87 
80 
72 
24 
1 
21 
45 
64 
95 
62 
32 
9 
7 
14 
0 
17 
95 
128 
120 
143 
126 
64 
4 
50 
0 
54 
29 
103 
96 
69 
133 
56 
14 
52 
37 
17 
14 
20 
108 
98 
68 
29 
59 
36 
1 
49 
41 
100 
119 
57 
44 
12 
105 
192 
269 
308 
324 
300 
202 
116 
26 
11 
107 
179 
154 
136 
125 
85 
29 
0 
15 
0 
62 
88 
62 
139 
84 
13 
36 
122 
112 
112 
96 
63 
55 
2 
41 
49 
58 
50 
39 
15 
24 
7 
7 
39 
55 
26 
61 
85 
53 
40 
0 
0 
8 
64 
88 
39 
6 
18 
112 
91 
82 
201 
127 
16 
54 
61 
72 
155 
26 
49 
116 
74 
6 
25 
68 
31 
14 
8 
103 
5 
101 
93 
80 
111 
166 
77 
11 
29 
0 
48 
69 
37 
29 
13 
72 
87 
86 
69 
20 
58 
87 
80 
115 
133 
111 
94 
56 
39 
2 
53 
77 
112 
119 
102 
77 
43 
61 
43 
12 
27 
43 
58 
65 
98 
127 
142 
133 
147 
124 
92 
52 
4 
27 
71 
137 
103 
24 
48 
11 
29 
35 
21 
19 
16 
14 
11 
2 
4 
53 
67 
13 
25 
68 
90 
112 
129 
134 
69 
7 
56 
69 
125 
32 
19 
34 
28 
26 
31 
14 
7 
33 
47 
25 
18 
31 
16 
0 
37 
61 
93 
2 
31 
55 
1 
10 
18 
7 
8 
6 
13 
16 
16 
9 
0 
4 
21 
22 
3 
3 
34 
33 
36 
34 
48 
45 
45 
53 
31 
40 
61 
69 
80 
86 
59 
4 
52 
89 
73 
76 
108 
98 
60 
18 
22 
7 
1 
16 
30 
48 
70 
43 
12 
26 
33 
12 
11 
21 
38 
1 
25 
73 
65 
11 
44 
13 
17 
28 
43 
34 
36 
67 
2 
65 
68 
8 
1 
0 
110 
53 
78 
51 
4 
28 
4 
27 
20 
70 
114 
89 
33 
4 
51 
34 
57 
20 
21 
30 
7 
1 
0 
28 
74 
15 
1 
0 
44 
50 
55 
31 
0 
14 
69 
59 
20 
29 
54 
86 
82 
57 
20 
41 
89 
113 
132 
122 
71 
17 
27 
34 
33 
59 
188 
180 
12 
37 
46 
58 
121 
154 
178 
182 
148 
93 
33 
148 
5 
56 
87 
150 
29 
11 
29 
30 
46 
67 
38 
37 
62 
62 
122 
116 
50 
0 
16 
0 
7 
70 
100 
77 
42 
17 
22 
1 
5 
60 
63 
56 
145 
122 
103 
84 
18 
27 
69 
78 
78 
59 
48 
14 
31 
49 
63 
120 
141 
133 
104 
72 
0 
47 
67 
141 
108 
13 
27 
44 
10 
22 
76 
10 
81 
100 
42 
28 
2 
39 
41 
50 
55 
64 
41 
50 
95 
7 
119 
14 
2 
55 
22 
42 
16 
22 
4 
46 
74 
70 
163 
12 
11 
5 
97 
95 
96 
96 
88 
31 
38 
77 
72 
46 
0 
23 
23 
8 
5 
5 
1 
17 
18 
2 
16 
0 
0 
2 
2 
2 
5 
5 
10 
16 
7 
15 
16 
8 
2 
9 
26 
58 
79 
71 
54 
53 
47 
38 
27 
45 
54 
54 
43 
43 
35 
51 
58 
65 
84 
82 
60 
42 
0 
22 
36 
45 
59 
67 
44 
76 
44 
43 
86 
21 
62 
78 
25 
73 
73 
52 
39 
81 
52 
13 
91 
44 
5 
86 
62 
83 
60 
53 
22 
19 
4 
28 
11 
35 
42 
28 
18 
20 
10 
16 
22 
8 
30 
44 
45 
4 
50 
44 
10 
15 
1 
12 
45 
102 
94 
59 
36 
5 
20 
18 
16 
6 
2 
6 
3 
0 
1 
12 
18 
16 
21 
49 
5 
93 
51 
21 
76 
101 
59 
4 
3 
2 
14 
35 
4 
12 
13 
6 
4 
2 
20 
154 
127 
54 
85 
27 
21 
44 
34 
24 
62 
90 
31 
24 
64 
23 
47 
39 
62 
61 
51 
29 
22 
11 
8 
25 
47 
48 
33 
18 
26 
16 
7 
0 
31 
47 
30 
93 
83 
37 
68 
18 
15 
17 
26 
39 
56 
8 
7 
31 
31 
87 
127 
126 
93 
59 
26 
121 
130 
136 
136 
23 
1 
2 
47 
104 
112 
101 
120 
24 
31 
7 
29 
25 
10 
10 
7 
23 
40 
24 
8 
7 
39 
39 
23 
31 
39 
16 
25 
5 
10 
6 
5 
7 
14 
5 
7 
26 
42 
8 
56 
8 
61 
61 
61 
69 
24 
32 
5 
17 
82 
114 
58 
21 
49 
82 
74 
55 
32 
32 
41 
14 
5 
2 
13 
8 
31 
41 
58 
23 
21 
41 
50 
58 
29 
29 
29 
37 
40 
15 
40 
72 
72 
29 
33 
42 
42 
39 
63 
39 
109 
69 
2 
5 
50 
50 
2 
9 
2 
5 
10 
22 
45 
40 
6 
31 
65 
82 
58 
54 
21 
5 
13 
8 
7 
0 
15 
87 
22 
10 
0 
9 
18 
39 
88 
80 
55 
38 
21 
0 
32 
8 
22 
53 
45 
47 
30 
13 
0 
32 
41 
23 
48 
48 
24 
8 
16 
16 
24 
32 
32 
32 
8 
16 
32 
32 
16 
24 
29 
10 
38 
37 
21 
13 
13 
104 
40 
25 
26 
52 
42 
31 
1 
37 
42 
79 
119 
119 
62 
21 
7 
31 
34 
30 
61 
64 
47 
1 
15 
31 
72 
80 
64 
56 
40 
15 
9 
5 
31 
14 
6 
45 
48 
3 
2 
7 
6 
13 
0 
15 
30 
45 
64 
89 
42 
0 
47 
39 
38 
29 
21 
25 
29 
15 
20 
10 
2 
24 
32 
47 
54 
40 
38 
20 
34 
23 
48 
64 
88 
85 
85 
80 
64 
32 
8 
16 
24 
21 
17 
34 
7 
7 
23 
10 
13 
0 
20 
2 
16 
15 
1 
2 
21 
5 
37 
72 
43 
50 
20 
7 
1 
47 
64 
117 
141 
133 
111 
70 
8 
23 
63 
71 
70 
69 
64 
70 
45 
19 
2 
39 
56 
85 
93 
77 
56 
31 
63 
58 
34 
10 
53 
117 
120 
51 
37 
11 
58 
56 
65 
58 
47 
47 
31 
15 
23 
32 
0 
8 
2 
5 
50 
9 
13 
18 
55 
72 
48 
56 
72 
55 
34 
46 
37 
7 
81 
226 
294 
69 
4 
34 
25 
87 
105 
111 
121 
50 
34 
14 
61 
37 
2 
14 
5 
8 
9 
10 
10 
10 
10 
2 
5 
21 
48 
23 
22 
40 
46 
12 
2 
1 
23 
49 
74 
79 
71 
63 
63 
74 
58 
26 
24 
64 
71 
47 
18 
9 
26 
42 
47 
48 
41 
26 
34 
15 
16 
24 
31 
47 
15 
13 
37 
17 
10 
26 
0 
16 
25 
82 
47 
31 
7 
46 
42 
90 
26 
24 
56 
31 
13 
57 
58 
2 
10 
5 
13 
2 
50 
62 
85 
88 
31 
21 
93 
149 
112 
19 
29 
30 
35 
66 
52 
66 
68 
66 
55 
23 
16 
48 
40 
53 
10 
55 
52 
10 
11 
12 
13 
9 
28 
26 
7 
16 
17 
42 
23 
32 
48 
32 
0 
7 
8 
14 
26 
55 
64 
56 
31 
18 
1 
2 
34 
39 
15 
31 
0 
14 
29 
11 
2 
44 
66 
80 
33 
2 
5 
0 
15 
24 
24 
15 
23 
62 
69 
13 
23 
63 
62 
24 
1 
10 
7 
6 
26 
63 
112 
64 
0 
39 
82 
90 
102 
2 
95 
185 
154 
58 
26 
29 
2 
14 
18 
106 
94 
10 
39 
48 
25 
2 
0 
25 
34 
7 
0 
53 
45 
5 
13 
45 
32 
32 
8 
31 
30 
37 
24 
15 
2 
33 
58 
39 
47 
40 
40 
2 
14 
37 
53 
56 
0 
40 
61 
85 
56 
61 
73 
26 
40 
63 
62 
40 
19 
13 
16 
7 
1 
0 
62 
27 
58 
144 
125 
85 
56 
47 
34 
38 
45 
8 
0 
0 
18 
25 
6 
2 
18 
10 
8 
56 
152 
136 
35 
58 
108 
106 
39 
15 
39 
23 
17 
42 
34 
39 
52 
34 
39 
32 
1 
69 
32 
23 
1 
18 
15 
20 
2 
32 
41 
18 
54 
141 
47 
30 
10 
15 
23 
16 
40 
15 
46 
69 
56 
54 
16 
17 
39 
73 
74 
42 
46 
77 
56 
10 
17 
1 
2 
2 
8 
95 
63 
22 
21 
0 
56 
93 
109 
49 
2 
15 
9 
55 
56 
48 
7 
17 
47 
128 
128 
48 
17 
50 
24 
9 
95 
151 
127 
74 
7 
48 
59 
69 
56 
54 
24 
12 
42 
31 
1 
10 
36 
74 
55 
47 
38 
69 
23 
2 
5 
45 
40 
39 
30 
32 
14 
21 
32 
57 
66 
34 
31 
40 
32 
1 
21 
24 
27 
21 
24 
9 
10 
31 
57 
34 
50 
55 
47 
10 
2 
2 
0 
24 
7 
16 
16 
6 
21 
16 
9 
29 
83 
29 
25 
23 
41 
55 
32 
16 
17 
34 
64 
33 
24 
27 
2 
55 
79 
78 
69 
45 
0 
26 
46 
64 
43 
13 
0 
15 
14 
2 
23 
41 
34 
44 
26 
3 
2 
8 
46 
29 
8 
49 
50 
39 
24 
37 
25 
42 
39 
8 
15 
22 
10 
24 
25 
2 
8 
19 
61 
88 
62 
36 
34 
65 
106 
87 
79 
95 
62 
37 
0 
8 
0 
16 
24 
32 
32 
35 
37 
43 
52 
57 
65 
68 
43 
50 
108 
66 
31 
1 
0 
4 
2 
7 
22 
32 
23 
22 
24 
35 
37 
27 
37 
43 
44 
45 
54 
59 
75 
70 
82 
65 
33 
36 
12 
4 
2 
25 
68 
66 
41 
9 
3 
4 
20 
19 
3 
1 
29 
38 
35 
36 
29 
30 
19 
19 
44 
49 
52 
43 
10 
12 
3 
9 
22 
30 
38 
38 
30 
10 
46 
14 
38 
26 
1 
14 
10 
9 
11 
12 
62 
90 
57 
20 
83 
58 
41 
23 
1 
27 
50 
11 
85 
35 
68 
52 
17 
28 
52 
27 
45 
62 
51 
67 
51 
42 
49 
84 
74 
17 
27 
18 
4 
88 
126 
70 
43 
19 
75 
107 
103 
57 
76 
74 
3 
61 
4 
8 
30 
35 
12 
11 
3 
14 
18 
17 
28 
31 
17 
4 
3 
3 
6 
10 
6 
19 
3 
11 
22 
18 
49 
92 
74 
17 
27 
26 
19 
32 
30 
16 
22 
3 
18 
36 
18 
41 
59 
58 
33 
28 
10 
4 
5 
3 
10 
40 
17 
8 
0 
33 
26 
12 
26 
36 
10 
20 
10 
22 
32 
14 
15 
17 
11 
45 
38 
11 
20 
13 
33 
84 
90 
92 
58 
3 
21 
31 
60 
34 
31 
0 
1 
2 
24 
38 
40 
14 
11 
18 
25 
12 
34 
49 
55 
41 
10 
32 
47 
6 
8 
22 
37 
38 
4 
27 
38 
66 
33 
28 
82 
100 
42 
39 
12 
5 
8 
15 
22 
0 
7 
6 
39 
72 
33 
15 
36 
2 
15 
22 
24 
14 
8 
6 
0 
6 
3 
2 
36 
26 
24 
25 
55 
60 
26 
15 
23 
11 
45 
35 
24 
6 
12 
2 
9 
36 
47 
57 
47 
17 
2 
39 
38 
0 
33 
15 
17 
26 
36 
18 
4 
13 
3 
13 
4 
10 
12 
10 
9 
7 
17 
47 
57 
63 
64 
57 
66 
50 
42 
22 
13 
16 
15 
14 
29 
24 
11 
29 
24 
0 
9 
18 
7 
0 
7 
16 
16 
7 
15 
31 
31 
15 
1 
18 
18 
18 
22 
21 
21 
0 
9 
26 
23 
33 
42 
34 
31 
55 
47 
39 
2 
25 
10 
2 
5 
29 
10 
1 
21 
45 
24 
32 
77 
65 
42 
42 
10 
6 
5 
13 
2 
14 
37 
13 
7 
40 
56 
29 
2 
13 
9 
2 
10 
18 
18 
6 
2 
2 
1 
34 
26 
26 
42 
30 
21 
13 
2 
1 
29 
37 
8 
16 
24 
2 
26 
46 
5 
15 
48 
53 
69 
69 
45 
32 
8 
0 
15 
10 
2 
14 
21 
29 
5 
10 
40 
15 
17 
39 
49 
50 
0 
24 
48 
24 
2 
6 
13 
5 
15 
39 
39 
8 
56 
72 
40 
7 
15 
31 
23 
1 
10 
2 
23 
23 
16 
40 
15 
7 
9 
31 
48 
24 
57 
58 
42 
14 
21 
13 
7 
31 
7 
15 
10 
2 
1 
2 
7 
24 
40 
25 
26 
0 
23 
24 
5 
30 
37 
32 
0 
16 
41 
34 
50 
47 
63 
39 
23 
32 
5 
2 
6 
2 
13 
21 
2 
30 
29 
8 
33 
18 
39 
40 
64 
87 
74 
22 
5 
42 
46 
10 
10 
21 
21 
45 
117 
93 
40 
22 
43 
98 
65 
47 
49 
55 
32 
25 
2 
16 
16 
16 
25 
34 
31 
32 
29 
25 
26 
7 
16 
24 
37 
29 
18 
34 
18 
2 
5 
22 
5 
0 
16 
17 
42 
47 
48 
64 
21 
5 
5 
10 
22 
29 
13 
7 
9 
2 
24 
41 
58 
39 
23 
7 
0 
40 
40 
24 
41 
2 
40 
51 
37 
4 
42 
80 
88 
61 
41 
26 
18 
23 
7 
0 
7 
34 
30 
37 
16 
8 
17 
31 
36 
2 
24 
33 
18 
31 
23 
39 
47 
7 
8 
24 
39 
23 
6 
18 
48 
41 
42 
23 
32 
32 
53 
37 
8 
7 
63 
15 
48 
48 
24 
15 
47 
31 
13 
25 
5 
5 
0 
24 
53 
25 
10 
32 
19 
13 
8 
20 
26 
39 
40 
49 
42 
26 
15 
0 
23 
7 
2 
1 
26 
2 
7 
23 
24 
24 
22 
13 
7 
24 
25 
26 
24 
0 
21 
17 
5 
32 
15 
6 
2 
31 
41 
66 
63 
56 
17 
18 
0 
8 
8 
8 
7 
15 
8 
0 
14 
2 
18 
31 
48 
32 
16 
21 
13 
2 
6 
13 
16 
23 
14 
21 
8 
28 
42 
39 
33 
42 
48 
33 
10 
2 
0 
0 
0 
0 
16 
39 
14 
2 
20 
10 
4 
0 
1 
11 
26 
39 
72 
69 
25 
2 
15 
40 
9 
21 
37 
32 
32 
9 
5 
7 
48 
25 
34 
47 
16 
5 
9 
10 
10 
40 
15 
17 
18 
31 
32 
53 
33 
34 
10 
13 
0 
7 
7 
23 
47 
22 
2 
23 
16 
6 
50 
88 
81 
58 
15 
0 
15 
8 
8 
10 
42 
30 
21 
8 
1 
10 
32 
65 
66 
50 
42 
18 
13 
10 
7 
8 
16 
8 
7 
15 
9 
26 
23 
48 
41 
34 
26 
15 
0 
48 
87 
31 
9 
34 
15 
8 
1 
0 
9 
10 
12 
26 
31 
33 
42 
47 
48 
29 
9 
37 
29 
40 
31 
6 
26 
56 
81 
82 
47 
15 
0 
45 
8 
23 
0 
1 
13 
13 
0 
0 
17 
18 
15 
24 
25 
42 
39 
32 
21 
1 
2 
2 
21 
24 
7 
0 
1 
10 
15 
33 
34 
55 
39 
24 
16 
0 
2 
6 
13 
37 
16 
24 
25 
18 
15 
24 
9 
18 
23 
32 
57 
42 
10 
16 
24 
15 
0 
13 
10 
22 
10 
23 
24 
33 
42 
7 
23 
9 
18 
47 
48 
40 
21 
21 
22 
61 
53 
32 
4 
10 
23 
17 
39 
33 
7 
11 
5 
16 
33 
18 
23 
23 
0 
23 
48 
40 
49 
50 
39 
23 
0 
0 
8 
8 
15 
15 
7 
5 
9 
18 
34 
2 
45 
32 
23 
48 
40 
32 
24 
32 
31 
39 
34 
18 
1 
2 
2 
38 
45 
21 
8 
8 
9 
13 
8 
16 
33 
18 
39 
15 
0 
16 
21 
25 
21 
16 
22 
10 
48 
81 
74 
55 
39 
7 
8 
8 
13 
16 
24 
40 
39 
66 
62 
7 
60 
66 
47 
41 
55 
28 
34 
31 
0 
8 
24 
15 
0 
25 
50 
32 
29 
49 
58 
2 
37 
5 
10 
29 
61 
8 
32 
0 
38 
13 
3 
13 
4 
18 
33 
42 
47 
56 
73 
66 
82 
70 
34 
138 
46 
2 
55 
72 
49 
26 
21 
32 
48 
79 
8 
1 
50 
8 
33 
50 
71 
24 
17 
26 
31 
7 
0 
26 
21 
49 
34 
21 
53 
2 
18 
16 
16 
23 
30 
24 
12 
34 
56 
49 
58 
39 
40 
49 
10 
2 
2 
2 
13 
13 
15 
0 
0 
5 
33 
58 
63 
39 
0 
120 
88 
24 
41 
10 
31 
16 
26 
22 
10 
23 
1 
2 
39 
65 
42 
47 
8 
46 
21 
47 
56 
6 
21 
10 
7 
8 
16 
1 
5 
16 
19 
21 
16 
41 
31 
20 
18 
0 
32 
13 
5 
25 
34 
34 
15 
16 
32 
57 
34 
2 
16 
16 
7 
1 
5 
13 
8 
8 
6 
24 
3 
5 
44 
42 
39 
56 
48 
57 
18 
5 
8 
15 
15 
14 
29 
8 
24 
9 
26 
24 
17 
8 
1 
7 
6 
2 
20 
10 
23 
24 
9 
0 
16 
33 
10 
0 
9 
34 
39 
9 
2 
8 
6 
2 
32 
25 
7 
28 
26 
0 
30 
16 
24 
5 
49 
66 
58 
47 
23 
8 
16 
15 
31 
54 
45 
24 
17 
23 
9 
39 
25 
39 
33 
23 
8 
9 
50 
15 
8 
23 
1 
42 
16 
17 
5 
0 
17 
50 
23 
8 
0 
2 
14 
13 
16 
22 
2 
32 
17 
10 
31 
25 
10 
20 
10 
20 
10 
8 
1 
15 
52 
66 
31 
15 
78 
53 
8 
1 
0 
6 
8 
14 
24 
22 
20 
19 
14 
10 
1 
4 
4 
20 
27 
27 
26 
9 
12 
7 
9 
20 
23 
9 
3 
29 
9 
28 
3 
30 
26 
1 
4 
11 
18 
17 
28 
10 
14 
11 
26 
52 
11 
18 
44 
15 
22 
43 
36 
20 
14 
18 
49 
60 
55 
9 
15 
49 
39 
6 
36 
37 
19 
16 
1 
44 
42 
40 
65 
87 
81 
5 
0 
1 
13 
19 
13 
11 
13 
11 
5 
1 
12 
3 
26 
44 
39 
25 
20 
34 
31 
9 
2 
7 
6 
15 
28 
26 
4 
10 
12 
5 
11 
16 
14 
12 
10 
1 
4 
34 
36 
34 
49 
3 
2 
19 
3 
42 
81 
39 
17 
2 
8 
0 
1 
2 
0 
14 
16 
1 
2 
35 
37 
14 
4 
28 
67 
90 
97 
84 
66 
15 
55 
30 
26 
0 
6 
21 
31 
6 
19 
2 
20 
26 
47 
33 
18 
23 
25 
18 
0 
3 
13 
16 
14 
3 
10 
1 
3 
10 
12 
23 
57 
55 
40 
17 
0 
15 
22 
16 
30 
12 
2 
6 
28 
34 
33 
31 
41 
39 
24 
17 
2 
8 
0 
14 
8 
1 
20 
5 
12 
26 
24 
17 
55 
65 
47 
24 
17 
2 
16 
87 
6 
13 
15 
9 
23 
14 
7 
48 
65 
71 
39 
24 
32 
45 
17 
2 
13 
56 
15 
1 
16 
3 
18 
8 
22 
7 
17 
23 
25 
7 
0 
6 
18 
16 
14 
2 
4 
2 
28 
18 
9 
23 
33 
23 
17 
23 
25 
2 
7 
14 
0 
15 
6 
15 
20 
34 
47 
56 
41 
34 
31 
40 
57 
26 
24 
39 
118 
96 
30 
20 
10 
36 
50 
56 
73 
106 
90 
26 
18 
23 
7 
15 
23 
23 
55 
6 
32 
27 
10 
40 
6 
15 
32 
6 
21 
15 
14 
10 
16 
17 
15 
1 
7 
22 
11 
2 
4 
5 
11 
12 
13 
3 
19 
18 
17 
27 
26 
9 
7 
25 
92 
66 
48 
33 
23 
20 
10 
15 
8 
1 
2 
8 
9 
13 
24 
30 
29 
4 
2 
4 
7 
9 
12 
3 
5 
99 
60 
28 
6 
26 
33 
25 
28 
3 
22 
74 
65 
92 
82 
68 
34 
39 
25 
18 
8 
31 
38 
48 
38 
19 
20 
5 
9 
52 
79 
49 
23 
33 
79 
3 
101 
51 
40 
22 
3 
12 
10 
25 
57 
83 
74 
72 
49 
18 
7 
9 
21 
16 
11 
21 
19 
16 
1 
20 
47 
49 
28 
18 
23 
17 
10 
23 
45 
33 
18 
7 
3 
29 
3 
5 
4 
13 
54 
44 
71 
49 
39 
17 
16 
19 
29 
51 
44 
37 
14 
28 
58 
33 
55 
81 
50 
20 
13 
31 
65 
58 
55 
64 
57 
10 
2 
69 
200 
70 
27 
28 
6 
34 
49 
76 
66 
60 
50 
23 
6 
24 
19 
21 
0 
1 
15 
33 
55 
76 
82 
71 
32 
0 
1 
37 
53 
40 
11 
5 
0 
1 
7 
17 
36 
34 
40 
41 
18 
23 
7 
7 
14 
8 
4 
5 
16 
30 
19 
35 
58 
36 
31 
25 
31 
0 
1 
5 
24 
7 
17 
50 
39 
24 
41 
34 
7 
0 
17 
31 
24 
17 
18 
0 
0 
1 
13 
8 
0 
57 
5 
13 
23 
6 
15 
25 
39 
25 
5 
15 
14 
2 
7 
17 
18 
15 
4 
2 
28 
18 
4 
26 
17 
47 
25 
23 
16 
9 
10 
21 
48 
4 
18 
31 
32 
17 
26 
39 
40 
41 
42 
23 
16 
6 
21 
8 
6 
21 
7 
25 
10 
7 
0 
37 
33 
13 
0 
1 
18 
31 
32 
29 
13 
21 
29 
29 
0 
18 
14 
7 
28 
42 
31 
24 
1 
2 
0 
7 
6 
10 
31 
0 
23 
14 
5 
16 
3 
2 
44 
42 
55 
49 
10 
7 
0 
38 
60 
37 
6 
3 
21 
3 
0 
9 
79 
113 
111 
88 
53 
33 
18 
13 
29 
24 
16 
23 
0 
13 
21 
45 
77 
61 
45 
37 
21 
13 
7 
23 
23 
34 
22 
21 
29 
16 
0 
1 
0 
8 
41 
23 
9 
16 
22 
4 
2 
0 
9 
34 
39 
56 
48 
41 
42 
58 
31 
23 
7 
0 
8 
29 
13 
13 
5 
13 
18 
46 
85 
13 
24 
9 
15 
28 
2 
28 
26 
7 
17 
18 
7 
48 
37 
2 
22 
29 
21 
7 
14 
29 
36 
55 
89 
50 
15 
8 
32 
32 
2 
10 
2 
17 
26 
2 
32 
24 
6 
8 
14 
11 
5 
9 
15 
24 
17 
18 
46 
61 
69 
69 
64 
63 
34 
10 
10 
18 
18 
2 
29 
37 
48 
47 
54 
45 
56 
38 
19 
12 
5 
9 
60 
76 
74 
72 
65 
58 
30 
29 
13 
16 
24 
23 
23 
15 
8 
8 
0 
15 
9 
18 
31 
16 
7 
22 
10 
42 
15 
0 
24 
32 
71 
22 
15 
9 
24 
17 
47 
41 
23 
9 
23 
14 
10 
24 
15 
14 
18 
23 
32 
65 
66 
39 
28 
42 
47 
29 
17 
21 
5 
9 
10 
14 
37 
64 
35 
0 
9 
36 
50 
48 
73 
70 
77 
53 
32 
31 
14 
10 
18 
42 
46 
37 
27 
37 
22 
3 
10 
28 
26 
31 
40 
33 
18 
8 
7 
14 
7 
1 
2 
20 
26 
48 
49 
26 
40 
37 
37 
21 
13 
2 
13 
29 
29 
13 
1 
5 
8 
7 
1 
18 
16 
9 
5 
16 
22 
21 
23 
30 
24 
30 
4 
5 
41 
68 
31 
25 
43 
50 
31 
32 
29 
37 
37 
45 
29 
21 
2 
1 
29 
32 
12 
42 
47 
40 
32 
29 
61 
17 
37 
45 
24 
16 
31 
38 
32 
9 
26 
48 
33 
42 
55 
48 
24 
8 
14 
21 
8 
22 
32 
11 
34 
39 
31 
16 
57 
42 
39 
39 
24 
10 
9 
34 
34 
15 
8 
40 
39 
38 
32 
3 
18 
32 
9 
0 
12 
13 
19 
13 
22 
0 
33 
55 
72 
45 
29 
49 
34 
26 
42 
55 
88 
104 
32 
32 
24 
8 
21 
48 
64 
64 
47 
46 
36 
21 
1 
35 
42 
60 
42 
15 
28 
26 
7 
16 
17 
26 
8 
24 
41 
50 
70 
93 
93 
72 
31 
2 
17 
42 
62 
69 
53 
48 
43 
45 
51 
36 
17 
9 
6 
34 
57 
55 
41 
50 
55 
72 
72 
56 
23 
0 
7 
16 
9 
18 
15 
24 
9 
16 
22 
37 
23 
1 
5 
13 
16 
1 
2 
23 
41 
50 
56 
49 
42 
23 
8 
24 
25 
10 
5 
8 
8 
8 
23 
38 
36 
13 
3 
11 
34 
28 
50 
39 
32 
21 
17 
26 
26 
15 
0 
14 
13 
28 
10 
28 
34 
28 
26 
23 
7 
10 
9 
18 
2 
2 
0 
23 
23 
24 
32 
37 
33 
26 
15 
16 
24 
1 
13 
37 
24 
23 
38 
45 
19 
13 
4 
19 
50 
68 
66 
63 
72 
56 
24 
16 
8 
7 
8 
0 
7 
26 
14 
2 
16 
41 
34 
42 
31 
15 
0 
31 
7 
1 
5 
5 
8 
0 
1 
5 
0 
20 
34 
55 
56 
49 
42 
26 
2 
16 
40 
86 
76 
76 
60 
36 
4 
19 
46 
74 
92 
90 
103 
104 
112 
91 
69 
32 
0 
17 
18 
26 
23 
7 
0 
8 
24 
24 
48 
48 
48 
32 
24 
40 
64 
72 
80 
55 
30 
8 
1 
15 
17 
23 
41 
47 
33 
34 
24 
9 
5 
19 
13 
0 
1 
10 
24 
41 
74 
71 
48 
56 
45 
29 
5 
1 
13 
13 
13 
21 
32 
39 
22 
8 
1 
18 
36 
10 
28 
26 
24 
1 
8 
12 
26 
31 
39 
39 
23 
0 
3 
10 
23 
40 
49 
50 
38 
13 
5 
10 
30 
45 
48 
46 
48 
38 
28 
13 
17 
36 
63 
81 
90 
90 
58 
54 
21 
24 
24 
7 
16 
32 
15 
7 
6 
10 
16 
17 
26 
15 
15 
30 
5 
8 
7 
14 
37 
27 
29 
30 
11 
11 
18 
25 
36 
39 
49 
71 
88 
101 
72 
80 
54 
53 
23 
30 
13 
16 
15 
7 
21 
29 
29 
32 
31 
38 
