8 
24 
32 
24 
15 
18 
22 
18 
15 
7 
1 
29 
32 
23 
14 
10 
34 
8 
0 
10 
2 
6 
18 
10 
34 
46 
45 
48 
22 
21 
0 
9 
2 
8 
8 
0 
0 
16 
7 
16 
0 
31 
47 
30 
29 
8 
0 
22 
16 
7 
7 
14 
13 
21 
8 
8 
10 
30 
21 
8 
9 
5 
8 
15 
6 
13 
0 
8 
0 
0 
2 
25 
2 
21 
53 
112 
63 
30 
7 
33 
23 
49 
5 
7 
0 
23 
7 
8 
32 
8 
40 
16 
40 
56 
71 
51 
37 
24 
15 
14 
8 
12 
18 
47 
56 
41 
21 
48 
80 
78 
77 
35 
21 
12 
26 
23 
28 
34 
15 
7 
15 
26 
14 
21 
21 
24 
8 
0 
18 
6 
5 
8 
8 
15 
1 
13 
40 
40 
31 
1 
10 
8 
15 
6 
2 
8 
6 
21 
24 
8 
7 
16 
0 
0 
24 
5 
34 
46 
29 
16 
32 
35 
53 
48 
39 
30 
7 
44 
66 
31 
7 
31 
23 
62 
53 
32 
3 
2 
16 
22 
2 
32 
17 
13 
0 
7 
0 
23 
31 
30 
53 
72 
54 
0 
68 
106 
63 
15 
23 
34 
82 
102 
85 
40 
16 
9 
2 
11 
29 
3 
5 
38 
28 
10 
20 
10 
12 
5 
0 
3 
5 
16 
15 
14 
5 
0 
14 
24 
30 
8 
35 
45 
7 
9 
15 
8 
6 
29 
24 
6 
13 
19 
37 
19 
16 
30 
16 
6 
7 
20 
10 
7 
14 
29 
24 
6 
21 
35 
37 
11 
0 
14 
8 
9 
23 
16 
2 
6 
10 
0 
8 
9 
13 
56 
35 
37 
35 
45 
35 
45 
4 
26 
56 
65 
23 
16 
7 
0 
10 
30 
45 
48 
39 
54 
37 
27 
18 
16 
6 
0 
8 
17 
2 
2 
24 
15 
1 
13 
56 
62 
53 
20 
10 
20 
66 
15 
31 
23 
26 
6 
18 
2 
32 
48 
23 
6 
5 
24 
23 
14 
13 
23 
6 
13 
24 
0 
9 
23 
48 
37 
6 
21 
77 
72 
63 
46 
21 
7 
6 
18 
31 
24 
6 
13 
16 
24 
31 
30 
29 
24 
3 
21 
8 
9 
18 
8 
16 
33 
18 
2 
13 
24 
16 
24 
48 
47 
54 
37 
23 
22 
16 
1 
2 
8 
0 
17 
18 
16 
7 
6 
32 
15 
46 
56 
35 
13 
12 
34 
7 
6 
21 
16 
8 
16 
9 
10 
0 
0 
22 
45 
40 
19 
21 
0 
1 
2 
8 
0 
14 
2 
8 
15 
22 
29 
16 
11 
5 
24 
30 
29 
19 
29 
16 
25 
66 
48 
10 
30 
37 
48 
7 
6 
21 
48 
27 
66 
39 
16 
22 
61 
10 
39 
16 
47 
55 
30 
13 
7 
22 
37 
16 
30 
0 
20 
18 
0 
27 
37 
16 
0 
9 
10 
7 
7 
6 
13 
32 
19 
29 
32 
22 
13 
7 
1 
10 
0 
1 
5 
24 
7 
14 
32 
35 
45 
32 
6 
7 
1 
15 
8 
9 
2 
16 
0 
2 
6 
5 
32 
39 
38 
48 
22 
21 
4 
5 
0 
22 
29 
0 
6 
10 
0 
6 
13 
24 
6 
37 
35 
21 
20 
18 
19 
13 
40 
17 
2 
8 
31 
22 
53 
56 
51 
37 
3 
29 
4 
66 
84 
50 
15 
31 
0 
39 
55 
55 
47 
34 
38 
45 
7 
1 
16 
11 
13 
7 
9 
2 
7 
14 
5 
0 
7 
0 
2 
6 
21 
16 
23 
22 
13 
16 
9 
13 
13 
32 
23 
15 
30 
29 
24 
22 
5 
44 
34 
23 
17 
13 
29 
24 
0 
7 
39 
31 
7 
16 
13 
1 
13 
5 
48 
32 
23 
38 
13 
0 
8 
9 
2 
18 
7 
16 
32 
32 
39 
46 
37 
24 
30 
48 
27 
13 
3 
10 
16 
25 
10 
16 
25 
26 
0 
39 
70 
93 
31 
1 
15 
57 
50 
31 
15 
31 
39 
39 
39 
23 
23 
6 
21 
32 
15 
22 
8 
3 
10 
0 
8 
49 
18 
18 
2 
21 
37 
29 
29 
48 
48 
71 
62 
24 
1 
10 
16 
9 
10 
15 
16 
1 
21 
21 
16 
3 
21 
40 
31 
46 
48 
30 
21 
3 
2 
39 
97 
50 
34 
8 
8 
8 
16 
40 
72 
55 
42 
46 
45 
40 
4 
5 
8 
0 
1 
10 
39 
25 
21 
24 
0 
38 
24 
0 
22 
21 
24 
23 
22 
5 
0 
24 
2 
38 
29 
56 
54 
29 
20 
2 
4 
2 
7 
9 
13 
32 
27 
37 
16 
20 
66 
39 
7 
46 
85 
24 
22 
24 
3 
5 
15 
24 
17 
5 
16 
7 
23 
46 
37 
24 
6 
13 
12 
34 
31 
16 
10 
26 
14 
45 
61 
48 
47 
30 
13 
0 
14 
7 
17 
15 
17 
13 
0 
8 
14 
29 
10 
0 
16 
31 
47 
78 
77 
67 
37 
9 
84 
114 
80 
17 
37 
45 
45 
37 
48 
48 
31 
14 
13 
8 
9 
13 
19 
21 
4 
26 
31 
37 
9 
21 
24 
40 
39 
23 
22 
5 
23 
70 
40 
41 
42 
16 
14 
13 
16 
16 
10 
38 
10 
2 
13 
32 
31 
35 
29 
24 
11 
13 
0 
9 
2 
8 
15 
6 
2 
16 
15 
30 
16 
15 
6 
16 
30 
29 
35 
13 
24 
1 
66 
55 
48 
45 
10 
54 
69 
61 
64 
23 
1 
31 
8 
14 
2 
8 
7 
31 
42 
54 
29 
7 
16 
1 
32 
27 
37 
16 
14 
0 
1 
7 
16 
17 
5 
16 
24 
0 
6 
45 
48 
47 
62 
24 
22 
8 
9 
39 
33 
10 
7 
16 
77 
45 
2 
42 
47 
63 
63 
58 
62 
37 
0 
25 
10 
7 
8 
0 
6 
21 
5 
24 
15 
6 
21 
40 
46 
45 
4 
2 
12 
2 
7 
3 
5 
8 
15 
9 
5 
32 
31 
22 
29 
27 
37 
31 
6 
8 
25 
66 
64 
40 
10 
46 
53 
2 
7 
32 
63 
62 
37 
8 
9 
2 
7 
40 
29 
9 
13 
29 
37 
37 
40 
31 
6 
2 
8 
14 
29 
15 
22 
21 
8 
1 
2 
15 
8 
25 
18 
8 
48 
59 
61 
56 
38 
8 
12 
10 
0 
1 
7 
7 
14 
2 
8 
1 
21 
24 
27 
29 
8 
1 
0 
3 
21 
24 
11 
2 
55 
8 
42 
30 
5 
7 
11 
37 
24 
4 
37 
32 
33 
34 
7 
15 
7 
15 
7 
7 
31 
47 
50 
38 
37 
39 
30 
31 
65 
34 
7 
0 
39 
23 
7 
2 
2 
6 
5 
5 
24 
48 
55 
22 
29 
31 
6 
26 
23 
16 
32 
21 
29 
5 
18 
34 
34 
46 
45 
37 
24 
15 
0 
26 
30 
29 
24 
24 
0 
1 
26 
80 
105 
34 
5 
37 
49 
50 
34 
34 
39 
40 
24 
10 
14 
2 
10 
15 
31 
31 
31 
23 
14 
13 
8 
8 
1 
2 
2 
16 
16 
8 
7 
23 
39 
30 
21 
34 
31 
16 
31 
34 
50 
13 
21 
26 
42 
42 
42 
26 
38 
45 
24 
3 
10 
48 
33 
0 
0 
1 
5 
5 
16 
24 
16 
0 
0 
7 
23 
39 
47 
54 
37 
16 
8 
17 
2 
0 
0 
15 
31 
22 
5 
47 
63 
8 
34 
46 
53 
29 
0 
16 
15 
18 
34 
18 
2 
1 
21 
37 
18 
7 
8 
23 
31 
22 
21 
16 
15 
14 
5 
8 
0 
8 
10 
46 
61 
56 
51 
45 
3 
13 
9 
35 
106 
40 
6 
29 
56 
56 
15 
14 
29 
0 
24 
49 
34 
23 
40 
55 
50 
46 
29 
24 
16 
0 
8 
5 
9 
2 
8 
8 
7 
14 
13 
24 
23 
22 
13 
16 
31 
30 
2 
23 
32 
32 
21 
14 
29 
53 
80 
79 
22 
7 
3 
13 
7 
17 
34 
55 
0 
39 
42 
6 
18 
2 
40 
32 
47 
46 
48 
23 
17 
63 
16 
0 
10 
1 
13 
5 
21 
48 
31 
38 
45 
32 
38 
32 
6 
63 
68 
21 
8 
0 
6 
21 
37 
40 
23 
1 
47 
0 
38 
77 
64 
43 
37 
0 
6 
0 
11 
29 
16 
30 
35 
45 
46 
19 
11 
12 
11 
11 
26 
25 
52 
47 
68 
26 
37 
72 
72 
55 
38 
16 
28 
42 
23 
32 
25 
18 
13 
29 
29 
29 
21 
17 
22 
29 
37 
37 
48 
47 
46 
32 
30 
13 
3 
2 
20 
42 
52 
58 
55 
31 
23 
55 
87 
90 
30 
16 
0 
2 
1 
2 
0 
8 
8 
8 
0 
0 
15 
34 
54 
45 
24 
1 
5 
8 
25 
50 
7 
48 
72 
79 
71 
62 
64 
62 
28 
37 
9 
41 
108 
148 
130 
80 
48 
8 
55 
105 
98 
47 
40 
49 
42 
42 
42 
46 
13 
23 
33 
34 
55 
40 
32 
31 
63 
31 
15 
8 
32 
32 
0 
16 
8 
32 
29 
37 
33 
42 
42 
42 
23 
15 
15 
31 
26 
38 
13 
32 
49 
39 
40 
10 
38 
37 
37 
37 
13 
2 
5 
29 
29 
21 
13 
32 
56 
43 
13 
16 
30 
32 
54 
16 
1 
77 
83 
77 
6 
76 
103 
81 
68 
42 
31 
33 
2 
5 
10 
14 
10 
24 
33 
71 
65 
34 
15 
8 
29 
29 
10 
34 
15 
16 
16 
16 
64 
40 
24 
0 
7 
18 
30 
61 
64 
59 
21 
28 
39 
41 
7 
15 
14 
7 
23 
40 
7 
55 
39 
15 
8 
42 
66 
86 
120 
67 
21 
33 
68 
66 
73 
23 
24 
41 
34 
10 
5 
13 
45 
93 
85 
53 
24 
16 
32 
2 
42 
30 
13 
26 
42 
34 
18 
5 
77 
93 
101 
96 
102 
64 
9 
19 
3 
58 
25 
36 
74 
100 
82 
47 
15 
24 
37 
61 
57 
98 
130 
94 
69 
48 
67 
45 
4 
42 
65 
44 
2 
9 
12 
2 
9 
27 
16 
17 
43 
109 
51 
5 
60 
82 
88 
57 
34 
50 
50 
14 
18 
63 
80 
65 
66 
50 
31 
23 
63 
40 
8 
32 
37 
33 
18 
8 
48 
59 
53 
104 
78 
27 
37 
38 
36 
26 
25 
43 
34 
15 
1 
23 
40 
33 
18 
24 
79 
95 
66 
22 
117 
72 
30 
26 
76 
58 
63 
40 
33 
2 
40 
71 
158 
189 
123 
12 
83 
154 
108 
42 
40 
61 
49 
18 
30 
13 
7 
32 
49 
58 
72 
89 
90 
82 
175 
235 
189 
94 
45 
206 
259 
260 
151 
73 
31 
8 
26 
74 
71 
47 
124 
154 
127 
23 
24 
8 
8 
2 
25 
74 
63 
48 
8 
13 
10 
50 
58 
42 
31 
111 
143 
63 
33 
114 
71 
0 
23 
39 
30 
13 
7 
30 
29 
0 
32 
48 
29 
0 
7 
7 
15 
24 
16 
24 
40 
47 
47 
46 
69 
72 
75 
61 
11 
10 
20 
10 
28 
10 
20 
31 
41 
28 
2 
0 
25 
18 
16 
0 
5 
9 
2 
55 
56 
64 
29 
18 
1 
126 
149 
152 
110 
60 
204 
167 
105 
34 
42 
62 
53 
24 
44 
154 
168 
129 
58 
18 
6 
2 
10 
23 
23 
24 
32 
40 
24 
8 
7 
24 
24 
48 
56 
72 
80 
63 
38 
13 
0 
7 
54 
56 
3 
42 
0 
38 
48 
22 
4 
18 
9 
35 
50 
24 
14 
37 
80 
47 
2 
41 
98 
55 
21 
157 
149 
104 
6 
39 
41 
47 
44 
50 
26 
24 
24 
24 
15 
15 
15 
7 
13 
33 
66 
74 
142 
181 
171 
85 
89 
153 
180 
170 
128 
120 
72 
7 
33 
87 
105 
127 
112 
105 
66 
2 
18 
18 
10 
30 
10 
7 
15 
24 
25 
42 
21 
104 
115 
117 
83 
28 
4 
5 
17 
17 
36 
67 
82 
140 
122 
58 
18 
41 
90 
79 
96 
117 
69 
21 
10 
30 
37 
53 
2 
47 
63 
56 
55 
35 
21 
16 
1 
16 
38 
12 
74 
148 
130 
82 
1 
34 
56 
57 
63 
80 
65 
26 
23 
32 
32 
40 
8 
0 
0 
16 
24 
0 
63 
135 
86 
40 
6 
12 
3 
17 
66 
73 
44 
31 
9 
5 
31 
56 
48 
7 
1 
98 
119 
88 
72 
48 
7 
14 
10 
55 
55 
40 
32 
8 
8 
21 
25 
18 
26 
23 
71 
95 
78 
45 
23 
1 
55 
73 
63 
39 
8 
7 
32 
88 
200 
216 
126 
4 
90 
145 
132 
103 
72 
25 
13 
41 
42 
42 
23 
39 
56 
101 
109 
80 
67 
53 
43 
60 
19 
139 
170 
153 
122 
55 
24 
49 
2 
55 
88 
105 
74 
66 
6 
5 
29 
24 
15 
32 
40 
26 
58 
26 
6 
10 
13 
8 
16 
17 
2 
0 
16 
0 
29 
5 
18 
34 
63 
63 
55 
15 
7 
18 
22 
5 
8 
1 
2 
39 
102 
88 
51 
40 
1 
47 
81 
63 
56 
14 
53 
72 
51 
2 
24 
1 
23 
24 
25 
18 
2 
1 
21 
48 
20 
34 
39 
3 
34 
98 
119 
114 
70 
0 
57 
31 
32 
25 
15 
15 
15 
18 
22 
29 
21 
16 
43 
125 
120 
14 
28 
50 
57 
71 
72 
37 
13 
22 
61 
53 
45 
21 
8 
15 
30 
21 
0 
87 
134 
72 
38 
63 
129 
175 
157 
117 
85 
23 
57 
127 
137 
151 
136 
112 
56 
23 
15 
6 
8 
24 
65 
103 
64 
21 
14 
21 
53 
64 
63 
70 
40 
36 
42 
23 
16 
16 
24 
0 
7 
15 
16 
48 
53 
53 
64 
63 
62 
85 
20 
50 
4 
29 
48 
54 
16 
25 
52 
10 
36 
26 
11 
29 
0 
17 
47 
56 
40 
7 
31 
48 
17 
2 
39 
72 
88 
88 
72 
62 
13 
57 
55 
57 
47 
24 
10 
53 
53 
5 
98 
159 
167 
94 
21 
36 
74 
68 
50 
55 
40 
1 
37 
13 
2 
26 
30 
13 
0 
24 
97 
114 
110 
109 
48 
14 
39 
89 
58 
15 
15 
54 
53 
7 
40 
57 
10 
13 
40 
32 
15 
22 
21 
37 
40 
16 
39 
39 
78 
117 
48 
25 
12 
18 
49 
60 
63 
89 
95 
64 
40 
7 
44 
50 
71 
73 
74 
88 
105 
50 
58 
86 
21 
12 
34 
68 
53 
115 
68 
2 
41 
36 
52 
74 
89 
79 
72 
13 
26 
58 
58 
50 
66 
58 
58 
71 
39 
10 
26 
54 
61 
48 
25 
3 
26 
57 
35 
2 
12 
23 
65 
90 
39 
7 
25 
42 
47 
60 
50 
39 
40 
32 
53 
45 
21 
0 
16 
32 
29 
5 
5 
5 
13 
5 
10 
34 
42 
66 
54 
45 
64 
78 
53 
46 
40 
41 
36 
37 
19 
24 
30 
44 
71 
81 
79 
49 
26 
48 
96 
87 
50 
70 
53 
32 
7 
49 
90 
71 
63 
31 
8 
45 
93 
77 
72 
40 
23 
22 
13 
8 
23 
38 
45 
11 
2 
20 
10 
4 
21 
4 
66 
105 
26 
0 
24 
40 
56 
16 
16 
69 
45 
37 
77 
72 
43 
13 
28 
66 
84 
42 
0 
15 
1 
34 
18 
34 
14 
10 
26 
15 
64 
120 
112 
120 
59 
34 
36 
50 
71 
29 
30 
61 
64 
15 
1 
18 
0 
142 
136 
46 
12 
51 
119 
137 
111 
88 
39 
4 
26 
87 
113 
138 
119 
63 
8 
14 
29 
24 
35 
53 
20 
50 
56 
41 
23 
55 
64 
8 
63 
127 
135 
62 
18 
44 
42 
23 
24 
29 
2 
50 
50 
0 
64 
40 
40 
93 
109 
5 
16 
40 
55 
54 
45 
32 
27 
90 
68 
50 
23 
17 
18 
39 
39 
24 
40 
40 
48 
63 
71 
63 
79 
6 
13 
2 
15 
32 
53 
77 
101 
69 
5 
55 
56 
45 
73 
58 
50 
47 
39 
32 
0 
8 
16 
24 
32 
32 
32 
9 
69 
112 
86 
76 
37 
33 
52 
5 
9 
55 
84 
58 
58 
7 
0 
2 
17 
26 
71 
56 
85 
101 
85 
53 
8 
80 
97 
90 
66 
14 
18 
42 
63 
71 
72 
79 
63 
22 
13 
24 
16 
25 
5 
0 
24 
25 
5 
32 
23 
1 
5 
16 
27 
93 
88 
59 
77 
4 
34 
60 
58 
72 
81 
74 
58 
74 
6 
58 
119 
104 
69 
29 
1 
2 
34 
0 
31 
56 
48 
72 
31 
9 
34 
80 
57 
23 
0 
15 
10 
38 
69 
61 
37 
18 
23 
15 
0 
24 
24 
56 
63 
39 
22 
0 
24 
41 
18 
10 
61 
56 
24 
7 
15 
14 
5 
24 
31 
62 
88 
46 
11 
66 
100 
82 
63 
16 
8 
24 
61 
49 
50 
50 
34 
34 
30 
29 
48 
3 
29 
63 
54 
52 
13 
52 
103 
113 
82 
63 
0 
55 
79 
87 
47 
54 
85 
80 
32 
33 
13 
64 
75 
29 
84 
90 
57 
13 
15 
6 
56 
86 
24 
60 
58 
39 
8 
47 
7 
40 
48 
0 
8 
24 
65 
58 
42 
38 
29 
29 
24 
24 
15 
13 
1 
37 
56 
39 
30 
5 
4 
13 
43 
85 
46 
43 
36 
36 
17 
26 
89 
100 
66 
36 
69 
80 
38 
5 
28 
74 
71 
1 
93 
112 
71 
6 
15 
40 
57 
50 
13 
45 
21 
13 
24 
15 
15 
6 
10 
31 
32 
0 
39 
63 
39 
23 
7 
15 
31 
39 
38 
69 
48 
30 
3 
10 
9 
44 
85 
70 
11 
43 
82 
89 
63 
57 
82 
31 
55 
111 
127 
94 
61 
8 
40 
53 
45 
29 
21 
5 
42 
42 
39 
23 
34 
22 
37 
47 
30 
16 
4 
10 
0 
14 
0 
7 
54 
56 
11 
5 
51 
56 
86 
62 
28 
116 
115 
98 
88 
40 
5 
26 
15 
40 
65 
98 
111 
55 
31 
55 
54 
45 
12 
42 
60 
26 
32 
1 
15 
0 
30 
21 
8 
32 
9 
2 
24 
47 
39 
6 
13 
13 
45 
69 
120 
32 
11 
2 
23 
25 
47 
49 
23 
11 
21 
24 
38 
45 
8 
32 
49 
34 
10 
17 
42 
50 
42 
10 
42 
78 
117 
123 
85 
6 
92 
91 
50 
76 
82 
47 
13 
30 
37 
53 
48 
56 
55 
86 
69 
3 
18 
23 
17 
23 
16 
6 
10 
34 
0 
7 
23 
30 
101 
80 
38 
15 
65 
15 
4 
13 
0 
16 
64 
64 
0 
47 
80 
96 
112 
64 
11 
5 
0 
41 
79 
72 
32 
8 
0 
15 
40 
61 
93 
117 
93 
64 
38 
19 
42 
57 
36 
10 
14 
48 
4 
26 
32 
41 
2 
16 
32 
63 
63 
70 
40 
19 
45 
3 
10 
31 
49 
15 
16 
9 
8 
23 
30 
5 
0 
25 
2 
48 
95 
102 
13 
16 
9 
13 
16 
17 
66 
79 
64 
16 
39 
151 
142 
101 
35 
13 
20 
50 
71 
97 
58 
26 
2 
10 
18 
22 
29 
0 
32 
49 
90 
95 
95 
112 
39 
15 
0 
14 
2 
0 
40 
33 
8 
19 
29 
40 
46 
19 
13 
20 
34 
15 
14 
2 
47 
47 
24 
8 
7 
0 
32 
61 
53 
61 
56 
56 
39 
30 
2 
56 
47 
14 
0 
25 
50 
76 
18 
56 
142 
148 
69 
6 
17 
52 
51 
98 
120 
113 
142 
109 
0 
105 
164 
138 
79 
21 
17 
50 
50 
47 
7 
2 
1 
10 
58 
39 
23 
24 
16 
7 
15 
31 
66 
62 
53 
21 
8 
0 
71 
87 
62 
45 
40 
22 
47 
49 
68 
50 
24 
22 
24 
30 
18 
40 
155 
133 
40 
33 
119 
185 
191 
135 
62 
10 
92 
114 
116 
74 
23 
68 
130 
143 
183 
115 
13 
44 
99 
98 
100 
63 
25 
27 
2 
15 
14 
5 
8 
15 
7 
6 
18 
20 
42 
76 
74 
119 
208 
208 
150 
54 
61 
110 
163 
227 
247 
209 
122 
30 
66 
100 
103 
105 
111 
81 
63 
48 
53 
53 
37 
13 
10 
10 
0 
16 
15 
31 
54 
37 
12 
10 
0 
30 
67 
85 
94 
46 
38 
14 
27 
11 
35 
44 
156 
163 
130 
128 
96 
24 
32 
89 
271 
432 
443 
177 
150 
299 
327 
257 
183 
135 
99 
5 
124 
242 
224 
152 
64 
64 
155 
93 
1 
92 
159 
217 
199 
183 
155 
60 
30 
102 
154 
169 
121 
84 
10 
9 
63 
89 
79 
64 
40 
16 
40 
49 
42 
40 
17 
10 
15 
47 
86 
56 
7 
1 
10 
7 
15 
7 
45 
49 
10 
29 
5 
34 
58 
74 
54 
45 
24 
0 
33 
5 
63 
62 
61 
36 
90 
92 
50 
8 
55 
102 
149 
147 
100 
22 
122 
145 
103 
40 
37 
29 
32 
39 
41 
90 
144 
181 
157 
112 
70 
20 
51 
66 
73 
76 
138 
225 
194 
142 
21 
84 
147 
122 
121 
103 
97 
58 
15 
55 
30 
24 
25 
50 
48 
97 
90 
54 
29 
23 
156 
74 
15 
110 
101 
20 
98 
87 
8 
79 
79 
71 
0 
69 
101 
48 
3 
34 
120 
133 
85 
37 
0 
24 
29 
25 
5 
77 
93 
56 
30 
32 
6 
36 
18 
19 
23 
65 
103 
64 
34 
66 
63 
0 
63 
47 
54 
5 
11 
21 
4 
31 
89 
111 
97 
106 
111 
88 
56 
7 
64 
81 
88 
123 
13 
89 
84 
36 
37 
25 
92 
55 
38 
72 
131 
125 
24 
105 
167 
120 
31 
15 
30 
50 
127 
104 
80 
72 
32 
0 
64 
96 
71 
25 
82 
90 
146 
222 
116 
37 
57 
121 
33 
62 
25 
145 
6 
3 
59 
90 
71 
15 
28 
26 
7 
1 
44 
98 
124 
74 
95 
151 
102 
67 
106 
83 
92 
17 
46 
158 
186 
161 
119 
72 
88 
19 
58 
89 
108 
139 
130 
97 
36 
18 
12 
10 
15 
24 
32 
24 
15 
22 
149 
347 
267 
50 
139 
269 
302 
242 
177 
138 
23 
6 
58 
92 
90 
212 
274 
183 
192 
203 
44 
78 
146 
177 
132 
50 
48 
57 
74 
16 
71 
143 
25 
114 
130 
114 
86 
69 
14 
12 
52 
100 
117 
198 
171 
138 
136 
133 
72 
110 
99 
29 
75 
205 
166 
65 
65 
34 
177 
168 
141 
77 
16 
81 
175 
289 
186 
71 
13 
62 
109 
0 
57 
79 
113 
114 
128 
128 
133 
69 
24 
81 
90 
100 
98 
84 
15 
22 
59 
4 
43 
82 
121 
103 
136 
95 
33 
135 
160 
49 
5 
0 
40 
144 
239 
254 
100 
65 
14 
106 
209 
324 
274 
158 
109 
67 
4 
123 
147 
172 
132 
145 
148 
151 
97 
214 
293 
227 
87 
126 
325 
419 
396 
360 
205 
141 
4 
35 
19 
109 
271 
334 
280 
182 
146 
236 
334 
245 
2 
33 
136 
359 
462 
419 
402 
299 
249 
185 
55 
268 
410 
415 
296 
195 
141 
102 
5 
78 
128 
51 
10 
39 
104 
117 
61 
29 
15 
73 
74 
0 
71 
46 
85 
64 
55 
102 
184 
126 
28 
131 
91 
50 
33 
47 
81 
58 
79 
175 
135 
41 
223 
193 
114 
186 
207 
150 
8 
65 
95 
57 
0 
1 
16 
9 
23 
144 
125 
133 
101 
0 
56 
61 
197 
357 
285 
211 
99 
28 
213 
306 
345 
159 
17 
5 
104 
46 
3 
43 
146 
204 
234 
231 
295 
235 
100 
84 
43 
101 
211 
157 
171 
140 
276 
375 
208 
19 
75 
115 
140 
137 
177 
209 
296 
246 
234 
217 
186 
151 
126 
75 
315 
251 
182 
114 
60 
42 
39 
48 
223 
179 
156 
113 
81 
71 
80 
48 
352 
253 
184 
123 
101 
70 
35 
11 
125 
134 
131 
124 
109 
94 
78 
54 
13 
38 
78 
115 
162 
193 
183 
152 
304 
225 
186 
135 
82 
54 
64 
78 
11 
35 
51 
115 
211 
243 
194 
152 
88 
37 
31 
63 
64 
153 
271 
288 
208 
151 
94 
76 
81 
137 
201 
159 
103 
196 
434 
463 
414 
35 
133 
54 
21 
291 
353 
233 
255 
7 
166 
293 
388 
324 
207 
158 
149 
174 
174 
315 
404 
307 
194 
144 
41 
61 
285 
469 
452 
225 
89 
3 
117 
171 
309 
378 
281 
114 
41 
226 
215 
200 
155 
99 
290 
295 
96 
127 
243 
133 
28 
27 
66 
17 
36 
21 
25 
44 
60 
136 
57 
48 
115 
107 
124 
291 
194 
97 
13 
81 
276 
276 
162 
70 
51 
155 
291 
179 
42 
33 
84 
106 
192 
165 
56 
228 
298 
271 
39 
83 
89 
17 
12 
60 
233 
288 
345 
318 
181 
94 
29 
195 
356 
585 
511 
230 
90 
119 
210 
278 
325 
315 
233 
77 
42 
9 
67 
80 
111 
1 
22 
77 
9 
52 
106 
192 
104 
68 
191 
161 
100 
98 
160 
45 
154 
311 
80 
103 
48 
38 
36 
83 
90 
252 
247 
208 
168 
142 
12 
257 
449 
372 
198 
237 
140 
3 
115 
156 
125 
62 
147 
61 
20 
58 
32 
115 
115 
163 
210 
135 
71 
46 
2 
132 
234 
47 
214 
91 
116 
121 
161 
6 
270 
362 
417 
358 
11 
243 
286 
330 
376 
293 
160 
33 
183 
225 
255 
456 
512 
166 
133 
363 
300 
145 
49 
6 
19 
44 
75 
251 
306 
95 
65 
178 
287 
159 
70 
0 
49 
3 
4 
46 
82 
140 
82 
103 
121 
42 
186 
238 
164 
41 
230 
387 
322 
247 
54 
107 
130 
140 
151 
105 
76 
27 
37 
71 
54 
42 
63 
32 
49 
2 
2 
18 
17 
2 
2 
18 
9 
2 
239 
360 
323 
137 
14 
147 
492 
580 
414 
93 
53 
126 
174 
195 
219 
210 
208 
137 
2 
61 
141 
53 
39 
72 
72 
48 
0 
44 
29 
54 
4 
26 
193 
262 
245 
3 
188 
196 
227 
178 
87 
34 
22 
46 
109 
80 
6 
44 
63 
81 
135 
133 
93 
112 
83 
27 
122 
17 
132 
100 
151 
161 
71 
25 
50 
38 
50 
87 
132 
74 
8 
31 
7 
95 
183 
159 
30 
34 
42 
61 
93 
64 
67 
0 
41 
83 
218 
207 
104 
7 
52 
66 
119 
168 
217 
134 
13 
175 
161 
98 
94 
32 
76 
122 
95 
128 
45 
42 
10 
127 
94 
2 
0 
17 
67 
26 
135 
144 
8 
1 
66 
71 
54 
45 
127 
213 
90 
239 
182 
37 
89 
180 
162 
160 
141 
104 
79 
22 
24 
17 
135 
128 
86 
101 
83 
105 
77 
22 
17 
145 
217 
247 
88 
88 
107 
45 
22 
121 
201 
180 
143 
97 
18 
0 
95 
56 
103 
55 
33 
50 
71 
113 
74 
130 
114 
30 
8 
73 
151 
176 
149 
141 
21 
18 
48 
41 
226 
255 
151 
41 
186 
242 
194 
135 
58 
30 
12 
29 
30 
46 
36 
58 
80 
57 
29 
15 
32 
59 
109 
14 
84 
99 
114 
143 
40 
7 
32 
49 
55 
88 
81 
71 
7 
86 
2 
143 
263 
238 
92 
118 
162 
185 
192 
97 
50 
41 
50 
13 
8 
22 
34 
135 
256 
155 
109 
54 
43 
157 
6 
172 
290 
344 
256 
131 
4 
67 
147 
115 
122 
84 
98 
88 
117 
117 
133 
85 
24 
22 
10 
3 
167 
297 
370 
150 
127 
185 
191 
153 
130 
170 
154 
150 
53 
151 
193 
274 
138 
31 
89 
106 
66 
66 
86 
45 
72 
151 
14 
130 
95 
40 
15 
111 
69 
45 
53 
18 
23 
8 
43 
10 
63 
103 
127 
150 
85 
43 
13 
4 
111 
280 
93 
10 
71 
160 
125 
13 
10 
29 
21 
0 
24 
22 
64 
102 
67 
4 
66 
108 
10 
104 
52 
29 
160 
86 
31 
33 
159 
136 
61 
23 
64 
49 
34 
96 
151 
1 
106 
159 
72 
8 
16 
88 
111 
142 
64 
25 
135 
97 
0 
63 
32 
10 
32 
40 
0 
15 
31 
23 
47 
13 
10 
38 
42 
17 
66 
54 
29 
15 
12 
10 
64 
95 
54 
12 
34 
64 
49 
37 
93 
69 
72 
51 
2 
95 
157 
165 
101 
48 
168 
208 
168 
102 
101 
107 
101 
43 
43 
10 
105 
204 
287 
224 
80 
36 
90 
160 
221 
301 
240 
235 
116 
19 
260 
532 
440 
280 
51 
147 
235 
171 
138 
116 
138 
103 
88 
56 
16 
88 
57 
13 
31 
8 
23 
54 
117 
95 
38 
60 
255 
153 
90 
25 
130 
158 
117 
24 
8 
31 
23 
31 
16 
49 
66 
3 
69 
67 
53 
11 
101 
102 
28 
26 
52 
2 
24 
33 
199 
376 
176 
156 
282 
255 
151 
14 
106 
42 
37 
0 
0 
32 
55 
39 
55 
112 
73 
66 
66 
31 
15 
56 
96 
141 
125 
96 
55 
64 
39 
79 
31 
33 
90 
31 
32 
80 
88 
35 
21 
4 
16 
22 
55 
73 
50 
15 
32 
29 
42 
24 
72 
73 
178 
198 
181 
147 
93 
54 
22 
76 
188 
167 
249 
50 
5 
13 
77 
125 
149 
136 
43 
37 
11 
29 
1 
148 
327 
136 
39 
40 
81 
42 
4 
37 
60 
178 
240 
192 
20 
194 
40 
62 
123 
146 
215 
163 
66 
156 
138 
172 
162 
103 
7 
15 
15 
7 
0 
0 
24 
16 
49 
58 
31 
55 
66 
22 
93 
56 
24 
54 
32 
4 
50 
40 
1 
5 
63 
7 
56 
48 
40 
24 
15 
64 
64 
55 
47 
87 
47 
10 
1 
53 
45 
37 
23 
65 
15 
30 
5 
31 
32 
0 
8 
31 
87 
47 
71 
79 
6 
5 
16 
63 
144 
0 
48 
23 
93 
97 
94 
5 
2 
72 
83 
2 
60 
74 
23 
40 
7 
15 
31 
15 
31 
63 
111 
110 
77 
19 
34 
116 
58 
16 
14 
71 
68 
18 
40 
64 
87 
24 
5 
74 
78 
37 
23 
120 
181 
133 
55 
167 
184 
152 
80 
31 
57 
50 
127 
144 
0 
64 
64 
53 
40 
120 
111 
22 
42 
95 
63 
48 
77 
61 
24 
56 
80 
104 
71 
94 
61 
56 
3 
42 
47 
71 
55 
7 
95 
70 
53 
32 
24 
41 
34 
29 
29 
37 
21 
24 
0 
18 
17 
18 
23 
39 
0 
37 
37 
21 
66 
2 
61 
88 
88 
59 
45 
3 
21 
20 
26 
8 
0 
71 
47 
6 
55 
0 
62 
29 
7 
25 
39 
57 
50 
23 
8 
104 
96 
64 
47 
25 
42 
34 
47 
71 
94 
53 
44 
170 
79 
55 
32 
73 
95 
80 
57 
40 
47 
30 
45 
40 
40 
160 
147 
112 
46 
27 
21 
8 
57 
74 
0 
47 
54 
24 
0 
25 
18 
7 
32 
17 
40 
79 
70 
69 
7 
40 
17 
34 
23 
8 
31 
23 
14 
13 
16 
23 
46 
40 
51 
53 
11 
82 
55 
64 
53 
26 
82 
34 
21 
50 
70 
29 
0 
36 
2 
0 
40 
58 
54 
13 
2 
22 
45 
2 
31 
43 
77 
67 
5 
1 
0 
8 
6 
29 
0 
0 
54 
45 
40 
32 
13 
38 
69 
40 
62 
44 
29 
22 
100 
127 
49 
15 
0 
23 
65 
34 
93 
77 
6 
10 
13 
17 
21 
37 
45 
80 
88 
47 
5 
65 
106 
42 
25 
26 
54 
77 
80 
91 
61 
14 
27 
58 
72 
49 
2 
64 
24 
7 
1 
10 
7 
32 
25 
5 
61 
101 
85 
45 
16 
15 
48 
49 
50 
42 
14 
46 
101 
112 
62 
13 
3 
45 
19 
40 
30 
39 
89 
42 
32 
63 
47 
6 
18 
39 
39 
40 
37 
18 
34 
50 
46 
69 
61 
32 
6 
50 
24 
26 
14 
5 
0 
31 
78 
40 
48 
57 
18 
23 
6 
39 
16 
79 
71 
18 
46 
37 
24 
16 
1 
10 
15 
14 
21 
4 
5 
3 
10 
31 
48 
25 
21 
85 
85 
48 
7 
10 
30 
26 
23 
0 
30 
16 
15 
45 
33 
2 
0 
15 
26 
38 
53 
45 
24 
40 
47 
54 
13 
52 
58 
55 
17 
5 
40 
56 
79 
86 
37 
31 
1 
13 
0 
30 
26 
96 
121 
34 
7 
16 
64 
56 
33 
21 
31 
48 
1 
21 
8 
40 
80 
16 
24 
10 
30 
61 
80 
59 
29 
87 
88 
2 
54 
45 
61 
56 
79 
54 
16 
65 
111 
89 
74 
7 
8 
32 
80 
104 
80 
32 
0 
16 
17 
2 
5 
0 
0 
8 
23 
23 
7 
14 
29 
40 
43 
53 
54 
51 
4 
5 
4 
15 
17 
18 
8 
5 
1 
10 
15 
16 
16 
29 
29 
34 
106 
86 
69 
8 
44 
50 
24 
48 
79 
26 
25 
18 
23 
7 
23 
63 
31 
0 
15 
40 
61 
53 
37 
10 
14 
21 
2 
7 
15 
79 
98 
102 
29 
15 
70 
77 
64 
1 
55 
28 
18 
60 
82 
56 
2 
10 
30 
61 
77 
80 
23 
22 
16 
9 
5 
0 
1 
26 
16 
13 
1 
29 
53 
37 
24 
8 
29 
1 
21 
32 
39 
14 
29 
7 
57 
26 
29 
96 
7 
16 
8 
0 
7 
23 
7 
23 
46 
29 
16 
38 
24 
39 
30 
10 
47 
72 
40 
7 
47 
50 
54 
45 
40 
59 
77 
59 
13 
20 
34 
0 
1 
64 
14 
39 
68 
66 
23 
15 
9 
42 
50 
24 
24 
80 
128 
80 
48 
16 
8 
0 
17 
15 
0 
14 
37 
40 
38 
4 
5 
36 
34 
16 
17 
37 
29 
32 
56 
15 
8 
41 
13 
32 
23 
38 
117 
67 
20 
34 
44 
23 
4 
10 
23 
32 
24 
37 
37 
10 
58 
66 
70 
85 
51 
5 
3 
10 
31 
24 
0 
2 
2 
2 
22 
45 
80 
46 
28 
5 
12 
79 
9 
18 
16 
71 
74 
30 
2 
15 
40 
41 
50 
13 
16 
32 
87 
86 
48 
14 
2 
32 
25 
10 
0 
16 
16 
0 
47 
34 
6 
29 
47 
22 
2 
16 
9 
18 
2 
16 
8 
80 
40 
7 
6 
32 
30 
8 
14 
32 
46 
48 
30 
0 
16 
17 
42 
31 
24 
15 
30 
53 
40 
7 
25 
42 
47 
73 
13 
40 
15 
58 
74 
82 
94 
29 
39 
136 
48 
2 
18 
82 
9 
29 
61 
72 
31 
21 
49 
58 
26 
0 
56 
71 
86 
61 
32 
1 
0 
3 
18 
23 
40 
13 
14 
13 
16 
7 
22 
21 
13 
32 
23 
0 
6 
45 
67 
37 
19 
0 
1 
8 
3 
13 
7 
8 
6 
2 
15 
7 
38 
21 
3 
61 
0 
33 
39 
0 
15 
46 
24 
0 
9 
31 
8 
29 
62 
61 
69 
64 
71 
54 
15 
52 
50 
23 
24 
15 
17 
42 
71 
15 
71 
39 
78 
69 
40 
15 
1 
0 
30 
24 
1 
21 
0 
33 
42 
23 
64 
87 
46 
18 
8 
17 
2 
16 
31 
0 
2 
21 
1 
66 
58 
13 
57 
90 
127 
94 
37 
100 
50 
47 
9 
5 
16 
64 
103 
95 
38 
34 
55 
8 
2 
1 
10 
8 
31 
54 
32 
7 
9 
21 
24 
8 
8 
1 
13 
16 
11 
2 
64 
1 
37 
56 
47 
15 
5 
29 
61 
25 
5 
56 
91 
109 
120 
134 
140 
65 
66 
161 
140 
103 
85 
21 
18 
16 
48 
64 
0 
8 
70 
88 
43 
34 
4 
37 
56 
38 
10 
32 
6 
34 
23 
55 
63 
39 
8 
48 
40 
5 
54 
92 
21 
4 
2 
15 
39 
38 
53 
8 
40 
41 
2 
32 
16 
37 
38 
69 
80 
94 
76 
53 
6 
60 
58 
48 
9 
74 
31 
47 
0 
112 
91 
53 
19 
90 
32 
62 
77 
95 
54 
31 
65 
50 
50 
10 
64 
96 
144 
134 
40 
25 
92 
171 
114 
8 
74 
78 
37 
24 
23 
13 
25 
82 
79 
8 
112 
160 
88 
51 
29 
12 
42 
47 
25 
98 
40 
18 
50 
23 
16 
24 
18 
57 
66 
102 
112 
94 
38 
14 
4 
26 
28 
10 
36 
18 
0 
52 
34 
8 
55 
78 
7 
52 
18 
7 
39 
38 
69 
71 
46 
32 
30 
16 
14 
24 
54 
20 
10 
65 
100 
10 
12 
10 
39 
7 
114 
134 
93 
19 
29 
51 
45 
22 
36 
76 
12 
3 
26 
17 
22 
27 
20 
13 
57 
31 
19 
29 
15 
40 
21 
26 
50 
94 
77 
24 
72 
41 
24 
46 
68 
61 
54 
27 
47 
81 
28 
5 
75 
93 
43 
2 
44 
13 
19 
21 
24 
25 
39 
44 
74 
71 
8 
22 
13 
72 
79 
30 
2 
18 
8 
39 
54 
76 
61 
43 
8 
78 
96 
86 
27 
91 
226 
145 
47 
48 
22 
45 
5 
17 
2 
5 
2 
47 
47 
22 
69 
48 
103 
94 
48 
14 
0 
9 
31 
65 
55 
25 
2 
23 
64 
29 
50 
58 
95 
135 
110 
93 
11 
42 
73 
95 
97 
66 
7 
72 
119 
134 
109 
78 
35 
11 
67 
74 
17 
15 
1 
18 
0 
24 
72 
48 
31 
120 
64 
15 
56 
30 
16 
48 
17 
2 
13 
56 
56 
47 
50 
62 
69 
35 
109 
99 
29 
25 
3 
3 
114 
185 
103 
40 
1 
2 
61 
73 
54 
53 
21 
0 
8 
22 
2 
80 
86 
37 
71 
53 
9 
21 
32 
0 
24 
16 
7 
10 
30 
29 
47 
9 
66 
58 
18 
45 
77 
121 
74 
14 
18 
15 
18 
57 
18 
37 
45 
61 
48 
14 
48 
38 
23 
33 
66 
40 
9 
2 
16 
40 
40 
48 
45 
37 
16 
16 
0 
1 
10 
23 
16 
7 
13 
0 
7 
0 
32 
24 
32 
55 
79 
54 
18 
15 
0 
1 
24 
0 
33 
34 
2 
16 
48 
72 
71 
70 
24 
12 
13 
0 
49 
42 
24 
6 
5 
2 
15 
31 
42 
33 
122 
86 
101 
120 
86 
60 
67 
10 
31 
41 
87 
152 
72 
23 
45 
57 
26 
7 
24 
80 
128 
112 
104 
87 
62 
40 
25 
103 
92 
74 
95 
32 
1 
2 
32 
55 
62 
93 
104 
94 
36 
37 
3 
10 
40 
73 
82 
63 
31 
7 
65 
106 
86 
61 
27 
21 
19 
8 
22 
7 
9 
31 
48 
32 
0 
15 
5 
10 
10 
6 
53 
108 
77 
27 
37 
62 
24 
9 
32 
9 
24 
73 
98 
31 
7 
34 
66 
62 
29 
24 
0 
24 
17 
16 
31 
23 
1 
5 
24 
7 
14 
2 
7 
9 
18 
39 
15 
71 
46 
77 
88 
43 
21 
47 
57 
42 
23 
48 
25 
29 
24 
47 
22 
45 
56 
87 
30 
10 
0 
31 
1 
42 
31 
6 
2 
15 
33 
2 
48 
55 
54 
29 
5 
10 
10 
13 
29 
23 
23 
17 
21 
23 
30 
72 
46 
40 
63 
54 
8 
17 
66 
79 
56 
48 
8 
31 
8 
5 
6 
50 
110 
109 
64 
70 
51 
68 
21 
17 
76 
58 
56 
73 
18 
18 
34 
56 
96 
128 
119 
86 
20 
58 
116 
119 
72 
49 
14 
58 
90 
103 
55 
30 
37 
40 
7 
49 
55 
56 
9 
13 
32 
24 
32 
15 
6 
69 
16 
19 
37 
0 
30 
47 
25 
7 
6 
21 
31 
16 
15 
1 
5 
5 
21 
32 
24 
40 
18 
46 
56 
47 
14 
47 
16 
6 
5 
26 
58 
54 
13 
0 
31 
112 
135 
78 
29 
27 
13 
12 
2 
16 
30 
13 
0 
1 
42 
31 
32 
29 
53 
53 
26 
66 
94 
53 
37 
7 
23 
0 
7 
10 
30 
37 
29 
15 
16 
63 
71 
94 
40 
25 
4 
10 
4 
34 
47 
48 
0 
9 
18 
53 
104 
115 
61 
20 
66 
52 
21 
28 
34 
23 
15 
0 
16 
40 
32 
21 
2 
37 
80 
55 
6 
18 
15 
46 
16 
3 
10 
7 
23 
8 
23 
10 
6 
10 
26 
23 
7 
24 
55 
39 
0 
18 
42 
62 
69 
39 
57 
71 
0 
15 
9 
13 
37 
80 
47 
62 
29 
7 
22 
77 
0 
49 
71 
16 
1 
2 
0 
15 
16 
13 
26 
34 
22 
10 
29 
72 
79 
54 
21 
15 
25 
55 
31 
8 
18 
46 
93 
80 
43 
29 
36 
50 
39 
17 
34 
2 
16 
0 
7 
31 
0 
18 
46 
53 
24 
30 
32 
30 
5 
11 
26 
71 
39 
16 
48 
88 
111 
62 
18 
76 
55 
33 
26 
0 
34 
70 
77 
48 
8 
17 
13 
66 
5 
46 
61 
7 
40 
53 
45 
35 
53 
59 
61 
38 
24 
23 
14 
2 
55 
71 
24 
8 
15 
46 
37 
16 
16 
13 
6 
21 
96 
64 
63 
14 
63 
80 
57 
26 
10 
48 
88 
80 
8 
10 
1 
26 
0 
15 
34 
46 
45 
5 
8 
8 
7 
18 
14 
5 
16 
99 
69 
28 
74 
140 
106 
74 
13 
145 
138 
130 
110 
45 
15 
12 
2 
12 
2 
11 
31 
89 
55 
40 
18 
34 
10 
18 
50 
58 
54 
37 
40 
38 
29 
7 
52 
10 
5 
15 
47 
47 
15 
31 
110 
117 
78 
64 
14 
28 
5 
15 
1 
0 
0 
41 
66 
23 
7 
16 
32 
56 
79 
86 
52 
2 
28 
26 
24 
1 
18 
39 
64 
13 
10 
5 
18 
63 
87 
90 
54 
29 
7 
1 
13 
0 
1 
5 
0 
25 
18 
8 
55 
38 
5 
40 
46 
29 
23 
33 
34 
40 
33 
101 
64 
56 
63 
9 
5 
24 
31 
14 
26 
40 
17 
15 
12 
26 
16 
63 
46 
21 
40 
38 
37 
8 
8 
14 
13 
28 
26 
7 
54 
77 
31 
9 
0 
28 
18 
8 
27 
5 
32 
19 
53 
8 
40 
33 
2 
2 
7 
15 
0 
23 
43 
29 
48 
55 
6 
18 
8 
19 
45 
40 
70 
44 
26 
25 
12 
34 
63 
7 
74 
70 
77 
21 
0 
16 
17 
26 
15 
1 
16 
4 
5 
7 
46 
40 
14 
16 
0 
14 
45 
72 
43 
37 
23 
105 
106 
39 
8 
6 
117 
128 
51 
26 
39 
39 
38 
21 
18 
31 
16 
46 
80 
107 
61 
4 
39 
49 
63 
25 
10 
15 
20 
45 
56 
30 
7 
15 
22 
5 
0 
31 
30 
13 
0 
55 
102 
101 
0 
49 
58 
64 
41 
42 
63 
24 
54 
96 
83 
61 
43 
13 
23 
14 
21 
15 
9 
50 
39 
71 
15 
32 
72 
72 
79 
46 
2 
15 
38 
32 
20 
58 
23 
8 
6 
21 
8 
7 
14 
37 
56 
30 
16 
19 
37 
11 
5 
4 
13 
32 
1 
5 
7 
0 
7 
38 
5 
55 
8 
17 
2 
24 
40 
63 
55 
70 
37 
0 
32 
25 
10 
23 
64 
5 
62 
141 
115 
45 
41 
95 
41 
31 
39 
32 
23 
39 
15 
15 
7 
47 
71 
55 
30 
10 
16 
30 
5 
13 
16 
3 
26 
39 
48 
32 
13 
2 
50 
106 
118 
61 
48 
36 
58 
55 
32 
24 
18 
30 
37 
29 
40 
16 
24 
22 
21 
40 
67 
53 
35 
29 
23 
25 
82 
63 
39 
15 
8 
5 
5 
13 
53 
77 
67 
85 
48 
46 
16 
9 
23 
48 
41 
37 
0 
23 
80 
16 
34 
46 
37 
45 
88 
86 
27 
29 
23 
25 
55 
56 
2 
14 
13 
0 
1 
13 
0 
38 
77 
72 
46 
48 
6 
31 
89 
74 
39 
32 
23 
0 
42 
78 
45 
0 
7 
1 
0 
7 
14 
13 
16 
47 
38 
13 
7 
16 
17 
5 
31 
38 
16 
22 
16 
3 
13 
8 
7 
25 
34 
26 
34 
10 
61 
77 
77 
16 
23 
14 
26 
39 
32 
5 
22 
29 
29 
48 
55 
54 
16 
3 
45 
35 
2 
35 
32 
1 
31 
25 
10 
8 
9 
5 
8 
0 
0 
1 
21 
32 
31 
46 
32 
19 
5 
0 
1 
0 
0 
6 
5 
0 
0 
5 
6 
13 
32 
47 
46 
32 
19 
5 
20 
2 
0 
25 
2 
5 
16 
15 
7 
6 
10 
16 
31 
22 
16 
7 
1 
21 
37 
48 
39 
22 
21 
31 
36 
10 
32 
19 
10 
8 
6 
5 
15 
1 
5 
18 
21 
40 
32 
24 
7 
15 
22 
13 
40 
35 
18 
8 
22 
32 
11 
13 
0 
6 
29 
16 
6 
10 
0 
17 
10 
8 
1 
13 
32 
30 
45 
16 
17 
2 
8 
15 
7 
14 
2 
0 
7 
26 
46 
40 
23 
30 
24 
33 
7 
4 
13 
32 
19 
2 
23 
16 
6 
21 
32 
30 
45 
48 
46 
48 
9 
79 
64 
9 
5 
16 
16 
7 
0 
26 
38 
69 
56 
51 
5 
20 
26 
127 
93 
45 
18 
39 
40 
80 
69 
77 
85 
56 
0 
22 
45 
27 
5 
84 
82 
64 
5 
10 
30 
37 
29 
48 
56 
47 
30 
5 
7 
14 
24 
46 
24 
14 
0 
9 
2 
8 
9 
5 
8 
6 
10 
0 
19 
21 
24 
22 
29 
31 
22 
13 
8 
17 
10 
39 
48 
9 
21 
64 
62 
69 
43 
45 
4 
34 
40 
1 
18 
8 
23 
46 
45 
8 
8 
49 
18 
24 
63 
30 
0 
12 
18 
32 
63 
22 
34 
23 
0 
15 
38 
37 
24 
19 
5 
0 
1 
8 
8 
22 
18 
18 
16 
32 
24 
0 
8 
6 
13 
13 
56 
30 
29 
24 
14 
16 
7 
17 
18 
0 
24 
23 
22 
29 
24 
0 
1 
7 
23 
46 
40 
27 
5 
24 
6 
13 
0 
8 
15 
22 
13 
8 
4 
2 
8 
31 
22 
0 
11 
29 
32 
19 
5 
7 
24 
17 
5 
21 
24 
23 
46 
37 
32 
49 
2 
40 
39 
46 
29 
16 
33 
34 
42 
8 
0 
16 
7 
0 
8 
16 
24 
5 
2 
14 
5 
24 
16 
7 
6 
45 
24 
33 
74 
31 
37 
1 
26 
55 
24 
26 
14 
2 
0 
1 
10 
16 
49 
63 
15 
24 
21 
21 
13 
1 
13 
40 
70 
68 
68 
121 
97 
68 
27 
53 
126 
78 
30 
58 
65 
71 
49 
47 
17 
34 
80 
57 
26 
26 
0 
0 
13 
41 
34 
42 
22 
26 
2 
29 
32 
24 
8 
15 
31 
8 
48 
53 
21 
5 
5 
29 
45 
40 
16 
7 
1 
2 
8 
16 
47 
42 
38 
2 
71 
64 
49 
37 
61 
21 
32 
8 
2 
33 
2 
37 
29 
9 
5 
29 
8 
31 
24 
29 
41 
50 
54 
45 
21 
0 
0 
2 
1 
2 
16 
32 
7 
16 
13 
1 
5 
37 
56 
40 
19 
13 
8 
16 
29 
33 
21 
37 
21 
21 
32 
40 
8 
0 
6 
13 
8 
15 
22 
13 
5 
8 
7 
23 
50 
46 
21 
7 
36 
13 
56 
59 
13 
36 
90 
136 
81 
25 
34 
10 
55 
63 
88 
88 
56 
32 
23 
4 
50 
39 
48 
17 
13 
32 
24 
15 
0 
39 
58 
30 
29 
2 
24 
23 
22 
5 
7 
6 
32 
27 
21 
23 
30 
7 
41 
42 
64 
45 
17 
13 
53 
77 
69 
56 
15 
30 
37 
0 
25 
26 
15 
24 
7 
18 
30 
29 
37 
32 
19 
45 
40 
22 
15 
28 
10 
7 
1 
2 
8 
31 
30 
29 
32 
4 
10 
7 
22 
40 
62 
37 
28 
26 
8 
38 
37 
7 
14 
16 
30 
40 
38 
19 
21 
22 
11 
3 
2 
1 
23 
9 
0 
22 
16 
9 
10 
12 
21 
32 
46 
40 
54 
52 
53 
11 
0 
9 
28 
34 
121 
63 
8 
38 
85 
64 
35 
37 
48 
46 
32 
22 
20 
13 
19 
29 
22 
3 
3 
42 
49 
36 
18 
1 
8 
30 
16 
14 
23 
33 
18 
15 
7 
24 
72 
48 
40 
40 
23 
15 
38 
40 
19 
21 
3 
2 
12 
2 
3 
2 
15 
14 
8 
6 
2 
0 
14 
8 
4 
2 
8 
22 
32 
27 
21 
19 
29 
11 
13 
11 
5 
3 
13 
6 
7 
17 
23 
52 
2 
16 
16 
8 
8 
0 
15 
15 
15 
23 
23 
15 
23 
23 
10 
22 
13 
10 
15 
0 
23 
15 
26 
38 
21 
24 
3 
10 
31 
15 
62 
64 
11 
34 
80 
57 
26 
33 
50 
58 
70 
93 
85 
96 
102 
84 
29 
1 
33 
65 
97 
57 
92 
66 
40 
30 
53 
80 
120 
115 
93 
27 
55 
105 
124 
74 
31 
7 
54 
61 
45 
16 
16 
39 
15 
6 
5 
21 
32 
35 
37 
24 
22 
8 
1 
15 
12 
13 
24 
6 
42 
95 
117 
85 
5 
42 
66 
95 
71 
48 
32 
16 
0 
15 
23 
2 
9 
26 
23 
