25 
26 
7 
0 
7 
48 
32 
31 
31 
39 
18 
37 
1 
21 
29 
29 
29 
77 
61 
2 
40 
48 
62 
64 
57 
20 
2 
65 
72 
150 
75 
3 
50 
129 
135 
96 
48 
7 
24 
40 
81 
82 
50 
66 
34 
1 
2 
42 
8 
40 
39 
6 
10 
42 
55 
71 
39 
48 
104 
133 
136 
88 
30 
18 
48 
41 
39 
24 
9 
13 
16 
16 
31 
1 
40 
55 
78 
80 
70 
27 
5 
65 
60 
58 
71 
22 
101 
96 
83 
29 
33 
111 
65 
39 
48 
49 
42 
14 
26 
63 
80 
65 
42 
7 
7 
10 
9 
5 
26 
90 
118 
109 
43 
18 
81 
95 
88 
65 
22 
26 
58 
66 
62 
69 
53 
64 
38 
37 
43 
37 
4 
23 
65 
23 
9 
37 
16 
30 
13 
3 
21 
11 
2 
36 
34 
15 
14 
186 
135 
111 
102 
84 
81 
73 
52 
56 
70 
56 
30 
21 
16 
0 
17 
45 
93 
112 
71 
22 
15 
25 
39 
49 
35 
18 
4 
19 
34 
33 
47 
65 
63 
64 
61 
56 
56 
62 
60 
68 
49 
44 
23 
28 
18 
18 
8 
64 
77 
77 
45 
58 
50 
38 
13 
2 
31 
15 
23 
55 
102 
133 
131 
124 
68 
4 
53 
102 
123 
115 
98 
57 
23 
19 
69 
96 
115 
133 
115 
100 
57 
41 
33 
41 
52 
59 
18 
7 
46 
64 
54 
24 
41 
95 
113 
82 
55 
23 
7 
16 
31 
31 
30 
37 
27 
37 
11 
13 
60 
107 
98 
96 
57 
66 
31 
7 
48 
56 
48 
32 
0 
17 
50 
47 
32 
21 
6 
101 
101 
63 
17 
15 
39 
22 
18 
23 
56 
45 
45 
5 
50 
87 
103 
114 
118 
72 
46 
27 
13 
30 
11 
36 
20 
14 
2 
22 
1 
41 
49 
12 
11 
20 
11 
3 
3 
5 
38 
35 
45 
30 
11 
18 
28 
18 
15 
9 
8 
11 
69 
35 
85 
115 
116 
89 
57 
22 
86 
75 
52 
27 
3 
62 
154 
105 
95 
48 
6 
37 
80 
131 
157 
118 
42 
30 
64 
70 
92 
117 
99 
76 
44 
20 
4 
20 
68 
69 
14 
33 
65 
68 
92 
90 
73 
39 
15 
78 
101 
91 
69 
54 
4 
35 
67 
83 
108 
148 
156 
103 
57 
5 
80 
103 
126 
101 
67 
85 
54 
4 
36 
73 
117 
118 
139 
155 
114 
41 
2 
39 
103 
78 
31 
16 
21 
41 
34 
0 
24 
71 
102 
44 
21 
6 
6 
17 
33 
52 
68 
92 
47 
1 
76 
82 
84 
58 
23 
31 
70 
77 
63 
46 
24 
9 
36 
50 
28 
2 
49 
79 
105 
114 
112 
72 
48 
0 
56 
89 
42 
10 
0 
16 
15 
48 
77 
61 
61 
35 
5 
1 
52 
67 
122 
129 
92 
10 
56 
45 
17 
30 
29 
34 
87 
79 
63 
31 
1 
26 
20 
18 
7 
33 
63 
81 
130 
63 
47 
7 
14 
29 
8 
16 
41 
58 
74 
39 
26 
62 
77 
3 
50 
116 
162 
151 
104 
39 
47 
6 
18 
71 
88 
136 
112 
56 
25 
58 
56 
1 
26 
48 
81 
90 
71 
23 
48 
87 
75 
61 
16 
17 
55 
57 
50 
56 
57 
66 
58 
58 
50 
25 
10 
53 
64 
63 
70 
0 
33 
71 
105 
103 
64 
40 
21 
5 
7 
56 
73 
74 
135 
112 
85 
37 
10 
47 
55 
7 
15 
14 
5 
31 
49 
18 
7 
24 
72 
39 
9 
42 
68 
66 
39 
6 
74 
135 
176 
144 
70 
20 
83 
138 
161 
146 
119 
79 
19 
26 
92 
90 
108 
122 
103 
104 
72 
16 
72 
49 
42 
26 
26 
42 
46 
13 
7 
47 
9 
79 
129 
170 
154 
86 
16 
14 
39 
49 
63 
81 
18 
80 
55 
86 
144 
190 
83 
3 
68 
148 
172 
171 
162 
143 
119 
46 
28 
83 
147 
158 
114 
57 
28 
18 
28 
74 
175 
143 
94 
44 
10 
81 
76 
71 
81 
63 
33 
2 
15 
24 
8 
23 
40 
48 
29 
9 
2 
18 
39 
80 
69 
22 
13 
26 
47 
71 
71 
57 
58 
16 
62 
85 
83 
8 
25 
36 
42 
48 
25 
21 
32 
8 
15 
18 
38 
45 
40 
23 
1 
47 
23 
62 
29 
7 
17 
58 
63 
56 
48 
15 
48 
61 
49 
18 
42 
90 
90 
86 
53 
24 
17 
50 
55 
64 
33 
2 
10 
16 
7 
46 
69 
56 
63 
38 
13 
8 
41 
66 
23 
32 
16 
48 
39 
31 
22 
21 
15 
16 
1 
5 
32 
23 
55 
54 
45 
16 
0 
41 
87 
15 
0 
18 
94 
93 
59 
5 
40 
73 
63 
56 
24 
26 
63 
79 
74 
46 
5 
10 
7 
8 
1 
2 
16 
32 
8 
69 
29 
42 
114 
122 
86 
5 
48 
65 
47 
20 
2 
8 
47 
62 
48 
39 
54 
48 
23 
9 
18 
0 
30 
24 
4 
2 
20 
26 
20 
2 
8 
6 
37 
8 
23 
26 
22 
26 
31 
48 
8 
34 
62 
85 
48 
20 
26 
39 
48 
26 
58 
82 
102 
77 
56 
19 
18 
68 
39 
25 
31 
25 
18 
4 
18 
50 
8 
24 
85 
93 
61 
2 
10 
5 
45 
45 
48 
40 
6 
26 
56 
65 
82 
63 
23 
9 
26 
71 
128 
125 
85 
61 
8 
24 
17 
7 
20 
18 
8 
39 
22 
5 
0 
45 
49 
34 
21 
64 
88 
95 
38 
10 
24 
9 
8 
8 
10 
25 
53 
85 
117 
96 
11 
18 
44 
106 
140 
42 
16 
102 
245 
227 
92 
44 
19 
116 
172 
191 
185 
151 
95 
54 
10 
116 
159 
169 
154 
111 
40 
31 
31 
15 
15 
7 
15 
31 
39 
7 
32 
63 
39 
15 
58 
54 
53 
48 
31 
14 
2 
31 
64 
57 
18 
37 
72 
59 
69 
80 
86 
27 
50 
33 
15 
9 
8 
8 
25 
2 
23 
32 
13 
14 
18 
5 
53 
80 
144 
119 
86 
8 
49 
87 
97 
98 
39 
7 
16 
8 
56 
48 
56 
39 
74 
54 
40 
0 
25 
10 
24 
15 
24 
25 
18 
16 
72 
147 
109 
43 
3 
26 
49 
67 
82 
96 
77 
45 
21 
16 
0 
17 
63 
124 
98 
98 
114 
62 
0 
68 
74 
15 
7 
38 
45 
21 
15 
16 
17 
18 
7 
64 
87 
78 
32 
12 
26 
64 
1 
93 
120 
75 
53 
6 
63 
89 
48 
9 
50 
40 
14 
101 
197 
171 
61 
68 
127 
129 
170 
111 
31 
16 
49 
50 
71 
71 
112 
88 
112 
63 
30 
32 
11 
42 
36 
42 
44 
26 
15 
17 
2 
8 
1 
21 
31 
16 
7 
15 
32 
48 
57 
26 
10 
0 
8 
23 
32 
40 
47 
46 
21 
32 
38 
37 
35 
45 
4 
39 
89 
79 
60 
18 
40 
55 
0 
46 
101 
96 
94 
69 
20 
50 
56 
33 
31 
8 
15 
6 
29 
16 
11 
69 
52 
21 
20 
31 
25 
23 
25 
45 
32 
15 
14 
8 
47 
62 
61 
39 
22 
51 
34 
32 
57 
63 
80 
104 
95 
54 
3 
34 
89 
124 
122 
100 
82 
82 
70 
45 
8 
36 
50 
23 
9 
5 
40 
14 
29 
56 
54 
24 
9 
4 
2 
22 
28 
5 
60 
50 
24 
1 
5 
29 
13 
2 
21 
109 
112 
67 
21 
36 
42 
65 
71 
121 
42 
13 
93 
85 
61 
61 
29 
16 
31 
40 
32 
24 
0 
15 
18 
18 
2 
26 
47 
71 
79 
47 
25 
58 
50 
23 
56 
39 
46 
0 
38 
48 
54 
16 
1 
26 
48 
41 
34 
26 
10 
29 
69 
93 
93 
32 
0 
41 
79 
71 
48 
24 
24 
41 
58 
31 
32 
73 
66 
26 
14 
10 
7 
7 
22 
29 
16 
7 
38 
29 
16 
24 
14 
29 
40 
15 
38 
56 
22 
44 
37 
38 
28 
55 
113 
111 
85 
45 
13 
10 
47 
81 
98 
82 
79 
50 
38 
29 
0 
8 
9 
18 
7 
0 
25 
26 
13 
24 
15 
8 
6 
13 
48 
43 
29 
24 
31 
62 
109 
40 
14 
15 
73 
111 
136 
109 
13 
42 
111 
183 
158 
93 
32 
17 
71 
105 
90 
87 
87 
66 
25 
79 
80 
85 
65 
50 
58 
70 
45 
8 
16 
25 
10 
0 
16 
17 
21 
32 
8 
46 
77 
67 
61 
35 
0 
9 
55 
49 
39 
40 
24 
32 
23 
79 
104 
47 
63 
86 
56 
38 
44 
21 
28 
91 
130 
127 
101 
85 
21 
31 
65 
98 
144 
133 
101 
45 
32 
19 
37 
27 
5 
100 
138 
111 
48 
37 
13 
39 
55 
63 
80 
88 
56 
23 
8 
25 
18 
2 
5 
13 
45 
53 
37 
2 
0 
7 
6 
0 
23 
22 
8 
9 
18 
8 
47 
94 
77 
63 
64 
64 
61 
45 
40 
40 
30 
18 
16 
9 
8 
14 
24 
22 
16 
113 
100 
82 
80 
57 
58 
47 
39 
80 
72 
55 
46 
53 
40 
30 
12 
26 
17 
27 
18 
9 
20 
18 
17 
36 
42 
57 
55 
84 
82 
71 
48 
16 
5 
13 
2 
2 
0 
8 
0 
10 
14 
26 
7 
8 
21 
5 
23 
47 
0 
1 
2 
15 
32 
17 
21 
16 
8 
0 
25 
50 
79 
40 
88 
64 
53 
37 
48 
0 
88 
101 
97 
66 
30 
10 
34 
58 
39 
39 
39 
47 
112 
120 
64 
8 
40 
53 
69 
61 
69 
45 
5 
16 
47 
112 
125 
141 
101 
16 
40 
17 
13 
8 
20 
66 
111 
104 
72 
0 
39 
56 
64 
21 
73 
66 
63 
31 
8 
39 
74 
118 
0 
88 
113 
154 
114 
38 
13 
0 
25 
71 
72 
53 
45 
37 
21 
16 
24 
65 
74 
95 
111 
88 
39 
14 
34 
63 
56 
16 
7 
7 
0 
16 
7 
15 
48 
40 
24 
16 
47 
71 
54 
45 
32 
28 
42 
39 
40 
5 
22 
5 
21 
32 
0 
15 
22 
21 
15 
16 
15 
18 
2 
23 
15 
7 
40 
40 
24 
8 
15 
31 
74 
46 
32 
19 
2 
68 
58 
55 
40 
24 
16 
24 
80 
101 
117 
69 
8 
16 
25 
34 
31 
24 
10 
26 
26 
18 
34 
26 
2 
5 
37 
21 
26 
34 
30 
77 
64 
31 
14 
32 
16 
17 
47 
72 
72 
64 
24 
40 
85 
81 
62 
69 
53 
48 
24 
23 
6 
2 
8 
24 
72 
109 
53 
2 
31 
87 
111 
111 
62 
69 
48 
6 
39 
41 
50 
48 
49 
18 
13 
32 
56 
47 
0 
9 
26 
0 
24 
56 
63 
79 
91 
85 
48 
9 
47 
1 
7 
17 
27 
53 
59 
4 
66 
97 
112 
113 
90 
54 
21 
28 
98 
132 
130 
120 
109 
69 
26 
55 
40 
16 
13 
6 
2 
2 
0 
32 
120 
127 
70 
32 
6 
7 
1 
4 
23 
6 
20 
34 
33 
5 
24 
17 
13 
10 
21 
45 
29 
21 
2 
18 
26 
0 
24 
40 
32 
47 
55 
10 
2 
18 
30 
37 
40 
31 
9 
23 
11 
29 
62 
52 
2 
60 
71 
49 
26 
8 
16 
16 
24 
16 
24 
88 
80 
87 
54 
8 
57 
63 
33 
8 
39 
38 
18 
39 
24 
0 
15 
23 
23 
31 
62 
69 
48 
30 
5 
36 
34 
56 
57 
34 
15 
0 
55 
55 
39 
39 
34 
30 
26 
39 
24 
79 
111 
134 
93 
36 
66 
92 
82 
72 
49 
5 
48 
23 
30 
37 
24 
15 
30 
37 
2 
0 
0 
15 
8 
29 
45 
64 
88 
51 
37 
4 
53 
70 
19 
11 
38 
18 
41 
92 
127 
129 
66 
50 
1 
74 
144 
221 
189 
149 
104 
22 
79 
113 
136 
113 
82 
63 
39 
7 
41 
34 
55 
88 
120 
96 
80 
63 
14 
39 
48 
1 
16 
39 
30 
63 
104 
17 
69 
88 
87 
62 
8 
9 
15 
1 
5 
0 
9 
5 
37 
40 
39 
6 
15 
24 
17 
7 
17 
2 
24 
14 
29 
32 
7 
7 
22 
53 
61 
48 
43 
29 
3 
26 
76 
26 
0 
54 
16 
51 
61 
40 
9 
79 
128 
117 
69 
29 
8 
40 
97 
82 
82 
58 
31 
8 
7 
0 
1 
2 
23 
80 
80 
48 
0 
33 
5 
40 
46 
40 
6 
52 
5 
59 
85 
75 
53 
17 
92 
95 
49 
50 
24 
2 
9 
10 
2 
29 
57 
21 
103 
160 
136 
112 
43 
66 
140 
170 
136 
101 
53 
0 
47 
56 
65 
66 
64 
57 
58 
72 
64 
80 
64 
19 
26 
52 
42 
24 
1 
40 
46 
40 
70 
48 
30 
47 
65 
31 
16 
6 
37 
48 
35 
45 
56 
19 
10 
48 
17 
40 
47 
14 
18 
63 
80 
65 
42 
6 
2 
26 
47 
39 
79 
87 
55 
7 
29 
13 
58 
114 
110 
96 
1 
87 
129 
87 
73 
42 
15 
16 
24 
40 
48 
37 
49 
58 
119 
111 
63 
22 
5 
36 
58 
60 
42 
32 
22 
64 
46 
45 
23 
1 
58 
40 
7 
31 
82 
86 
61 
23 
9 
23 
17 
47 
36 
18 
0 
7 
0 
0 
0 
24 
56 
53 
61 
85 
56 
24 
17 
13 
23 
46 
52 
21 
44 
31 
17 
23 
24 
57 
63 
24 
143 
182 
165 
86 
20 
75 
114 
137 
111 
87 
40 
0 
9 
18 
12 
18 
47 
73 
106 
111 
112 
48 
7 
1 
18 
31 
16 
9 
18 
0 
15 
78 
61 
43 
45 
35 
53 
70 
27 
27 
47 
73 
76 
66 
39 
8 
26 
70 
77 
61 
40 
31 
1 
31 
44 
34 
31 
23 
7 
15 
15 
23 
16 
93 
101 
125 
112 
27 
34 
44 
13 
43 
8 
1 
60 
66 
68 
58 
31 
15 
16 
31 
64 
112 
144 
119 
46 
27 
58 
71 
57 
42 
23 
8 
16 
40 
37 
17 
34 
74 
82 
94 
53 
28 
26 
25 
15 
9 
0 
12 
18 
7 
15 
30 
29 
8 
55 
62 
69 
99 
101 
14 
60 
95 
97 
71 
81 
50 
2 
37 
93 
85 
45 
29 
69 
128 
131 
117 
54 
20 
100 
171 
170 
164 
98 
2 
33 
74 
71 
63 
72 
72 
40 
7 
15 
0 
8 
0 
8 
8 
0 
39 
71 
87 
86 
45 
12 
42 
20 
37 
35 
29 
1 
23 
49 
50 
23 
24 
16 
8 
8 
8 
7 
103 
119 
127 
102 
32 
65 
71 
49 
63 
72 
48 
24 
7 
32 
88 
77 
53 
69 
21 
16 
0 
17 
2 
24 
31 
22 
13 
15 
0 
16 
29 
65 
34 
57 
118 
157 
149 
59 
26 
49 
87 
97 
74 
31 
7 
0 
24 
56 
53 
29 
13 
21 
21 
8 
15 
39 
48 
15 
88 
64 
32 
24 
64 
88 
103 
70 
7 
33 
31 
49 
39 
33 
10 
8 
0 
10 
10 
34 
46 
29 
21 
8 
7 
14 
85 
72 
62 
19 
26 
25 
52 
50 
47 
45 
29 
34 
58 
42 
74 
62 
29 
32 
87 
54 
12 
50 
116 
90 
31 
8 
23 
23 
15 
31 
39 
15 
8 
7 
23 
39 
23 
10 
9 
13 
45 
77 
64 
47 
1 
50 
32 
9 
5 
16 
6 
2 
23 
25 
26 
39 
15 
9 
34 
63 
64 
81 
58 
66 
78 
37 
0 
57 
92 
50 
11 
93 
99 
93 
43 
24 
33 
52 
58 
80 
65 
50 
5 
32 
40 
24 
24 
16 
8 
15 
40 
85 
77 
69 
72 
95 
62 
3 
26 
1 
28 
59 
42 
65 
79 
57 
39 
23 
0 
33 
5 
0 
20 
10 
52 
50 
60 
66 
87 
88 
80 
48 
23 
14 
5 
0 
1 
7 
9 
31 
33 
18 
16 
25 
0 
47 
62 
61 
64 
38 
29 
8 
17 
26 
23 
7 
1 
10 
24 
59 
85 
88 
70 
3 
29 
14 
52 
95 
153 
138 
39 
45 
81 
90 
102 
69 
8 
7 
1 
2 
7 
32 
69 
9 
45 
77 
69 
69 
37 
23 
48 
33 
26 
26 
7 
15 
55 
79 
63 
62 
37 
24 
8 
24 
33 
50 
58 
15 
16 
40 
63 
63 
14 
5 
24 
23 
30 
45 
64 
32 
6 
2 
8 
7 
14 
16 
30 
48 
1 
19 
37 
59 
69 
38 
52 
55 
65 
71 
57 
42 
23 
0 
24 
48 
88 
72 
55 
42 
38 
5 
23 
24 
54 
77 
48 
22 
24 
41 
87 
65 
39 
56 
41 
2 
53 
53 
65 
66 
42 
34 
15 
23 
23 
8 
17 
5 
72 
46 
48 
22 
11 
0 
14 
11 
7 
25 
28 
10 
23 
33 
26 
26 
42 
46 
37 
40 
46 
52 
53 
46 
81 
65 
68 
67 
42 
17 
12 
2 
132 
114 
119 
127 
115 
69 
43 
12 
74 
73 
76 
98 
156 
170 
82 
9 
71 
140 
146 
175 
175 
111 
30 
23 
68 
74 
47 
25 
26 
31 
0 
29 
17 
77 
133 
104 
46 
23 
57 
87 
73 
50 
1 
5 
66 
95 
104 
133 
101 
21 
47 
96 
81 
10 
7 
0 
47 
50 
78 
133 
80 
6 
42 
76 
58 
39 
97 
106 
74 
38 
26 
63 
88 
97 
98 
71 
87 
104 
88 
31 
62 
37 
4 
35 
50 
52 
91 
122 
116 
42 
8 
16 
8 
25 
47 
64 
97 
95 
63 
24 
56 
47 
30 
64 
38 
52 
45 
9 
68 
107 
130 
120 
85 
69 
2 
23 
60 
66 
64 
73 
90 
135 
191 
150 
64 
1 
57 
76 
87 
73 
55 
17 
8 
3 
69 
123 
101 
19 
58 
105 
122 
111 
96 
51 
13 
52 
91 
66 
68 
58 
48 
97 
90 
70 
13 
8 
31 
46 
16 
44 
66 
60 
42 
15 
15 
38 
45 
39 
6 
2 
0 
10 
9 
10 
10 
17 
90 
95 
32 
32 
53 
61 
56 
0 
1 
64 
54 
59 
11 
107 
107 
66 
33 
12 
5 
24 
6 
93 
53 
23 
72 
69 
37 
37 
2 
31 
48 
57 
58 
56 
81 
98 
87 
95 
39 
33 
66 
39 
1 
37 
43 
37 
27 
11 
42 
17 
31 
49 
42 
15 
0 
31 
47 
71 
54 
77 
32 
30 
16 
3 
5 
7 
1 
23 
40 
41 
42 
23 
0 
15 
34 
54 
53 
56 
47 
86 
125 
123 
77 
41 
43 
18 
12 
15 
41 
52 
27 
18 
11 
96 
150 
115 
11 
44 
43 
11 
10 
46 
3 
12 
61 
1 
65 
73 
41 
12 
7 
6 
7 
22 
69 
88 
47 
8 
69 
61 
5 
30 
101 
149 
187 
148 
20 
3 
61 
91 
128 
158 
166 
98 
36 
37 
21 
48 
32 
56 
40 
40 
61 
77 
144 
155 
53 
60 
50 
64 
86 
35 
26 
89 
92 
27 
5 
14 
36 
39 
14 
3 
29 
75 
93 
84 
45 
20 
47 
9 
4 
26 
9 
27 
42 
60 
55 
40 
30 
45 
101 
144 
136 
211 
205 
110 
34 
62 
131 
148 
169 
137 
108 
39 
22 
21 
31 
48 
24 
7 
32 
33 
87 
96 
137 
198 
133 
43 
51 
83 
131 
74 
28 
5 
63 
54 
2 
64 
89 
54 
21 
26 
23 
63 
131 
149 
56 
17 
39 
22 
56 
62 
56 
14 
12 
31 
17 
15 
17 
39 
6 
96 
206 
131 
44 
99 
195 
170 
56 
50 
70 
53 
120 
27 
50 
32 
25 
69 
216 
270 
226 
97 
120 
243 
300 
276 
207 
32 
127 
87 
55 
0 
63 
102 
85 
30 
3 
76 
123 
138 
164 
159 
176 
93 
85 
168 
118 
10 
70 
163 
228 
209 
129 
84 
58 
16 
96 
96 
40 
23 
72 
144 
72 
0 
8 
32 
23 
136 
183 
358 
259 
130 
63 
115 
205 
299 
332 
287 
233 
154 
82 
14 
31 
89 
161 
193 
172 
167 
137 
122 
63 
15 
10 
49 
31 
52 
130 
112 
37 
42 
206 
141 
8 
1 
100 
3 
90 
113 
63 
214 
109 
7 
81 
218 
263 
158 
65 
26 
97 
153 
153 
132 
106 
60 
18 
11 
13 
103 
248 
342 
282 
81 
173 
320 
278 
123 
5 
22 
65 
60 
71 
117 
101 
13 
25 
28 
20 
1 
18 
54 
131 
139 
98 
177 
178 
198 
154 
89 
4 
60 
81 
101 
118 
106 
105 
140 
146 
114 
33 
138 
103 
183 
103 
35 
37 
24 
0 
23 
127 
126 
53 
12 
143 
225 
159 
31 
103 
102 
85 
44 
154 
176 
120 
51 
66 
121 
244 
250 
152 
8 
119 
191 
151 
63 
15 
2 
22 
31 
65 
111 
97 
79 
47 
23 
71 
142 
61 
23 
32 
6 
27 
11 
36 
81 
61 
46 
36 
87 
136 
45 
53 
0 
143 
158 
53 
33 
39 
89 
130 
95 
55 
72 
269 
373 
204 
5 
76 
19 
130 
289 
295 
224 
151 
110 
124 
44 
179 
292 
269 
206 
234 
201 
114 
47 
14 
85 
3 
107 
163 
190 
138 
121 
88 
65 
39 
64 
105 
130 
127 
105 
74 
34 
39 
142 
141 
104 
51 
157 
86 
18 
24 
143 
278 
269 
203 
167 
121 
118 
13 
1 
36 
117 
150 
139 
140 
196 
119 
6 
56 
6 
2 
32 
24 
97 
106 
86 
157 
86 
124 
209 
233 
168 
17 
77 
64 
32 
6 
5 
84 
186 
184 
104 
120 
83 
57 
57 
1 
110 
190 
226 
208 
133 
56 
20 
74 
116 
106 
103 
32 
9 
42 
47 
104 
157 
229 
180 
97 
46 
146 
185 
204 
207 
144 
26 
90 
22 
21 
7 
39 
38 
58 
140 
226 
160 
77 
24 
3 
45 
30 
28 
5 
60 
103 
137 
90 
48 
95 
86 
124 
10 
97 
87 
34 
46 
37 
26 
82 
70 
45 
16 
1 
71 
65 
15 
32 
33 
18 
74 
26 
5 
14 
21 
29 
24 
31 
46 
13 
56 
17 
40 
91 
77 
35 
21 
11 
5 
8 
30 
10 
55 
0 
1 
29 
21 
24 
32 
27 
21 
41 
116 
111 
128 
85 
37 
48 
22 
47 
81 
170 
223 
160 
144 
149 
205 
240 
110 
109 
222 
326 
354 
273 
183 
176 
88 
1 
188 
259 
246 
210 
177 
159 
200 
144 
107 
100 
19 
116 
205 
230 
234 
169 
175 
127 
27 
26 
132 
162 
252 
234 
154 
90 
38 
23 
88 
57 
42 
106 
90 
34 
6 
66 
50 
95 
90 
62 
2 
3 
13 
6 
0 
65 
63 
16 
53 
85 
16 
25 
79 
89 
79 
56 
16 
21 
37 
16 
39 
47 
31 
15 
16 
5 
9 
50 
79 
79 
79 
46 
13 
16 
35 
37 
0 
1 
5 
0 
47 
15 
56 
39 
22 
2 
11 
44 
13 
1 
39 
65 
95 
104 
24 
40 
25 
50 
98 
106 
122 
86 
125 
188 
229 
210 
132 
58 
109 
181 
333 
291 
220 
207 
177 
182 
85 
38 
76 
76 
109 
166 
123 
77 
46 
19 
67 
99 
87 
73 
64 
49 
50 
7 
15 
30 
29 
20 
11 
29 
22 
27 
12 
3 
21 
59 
12 
26 
36 
59 
74 
16 
46 
37 
48 
56 
71 
55 
42 
6 
26 
23 
7 
1 
21 
35 
37 
28 
74 
84 
82 
39 
16 
16 
20 
50 
47 
33 
39 
32 
6 
23 
64 
45 
37 
88 
131 
125 
43 
3 
11 
43 
50 
33 
16 
62 
64 
150 
115 
75 
67 
9 
61 
75 
132 
125 
230 
314 
357 
189 
1 
165 
150 
136 
158 
172 
157 
106 
81 
55 
21 
5 
2 
37 
40 
63 
94 
29 
4 
18 
57 
116 
135 
137 
55 
7 
23 
71 
32 
8 
53 
157 
141 
53 
0 
15 
24 
8 
8 
23 
23 
24 
93 
29 
5 
10 
71 
88 
24 
16 
24 
7 
8 
14 
21 
88 
102 
28 
18 
15 
32 
33 
10 
72 
102 
68 
85 
126 
83 
28 
78 
66 
92 
162 
192 
136 
61 
10 
47 
63 
32 
81 
87 
33 
58 
88 
61 
13 
13 
5 
32 
8 
23 
6 
55 
97 
135 
160 
79 
65 
130 
132 
130 
152 
181 
125 
13 
50 
63 
64 
49 
32 
94 
68 
69 
30 
41 
124 
139 
154 
175 
71 
25 
20 
13 
14 
3 
65 
121 
153 
108 
82 
136 
152 
119 
94 
32 
1 
43 
42 
11 
10 
44 
7 
1 
8 
14 
19 
2 
33 
79 
121 
62 
18 
55 
56 
53 
61 
77 
56 
54 
40 
6 
32 
43 
37 
28 
74 
48 
25 
5 
24 
48 
37 
29 
18 
34 
50 
39 
58 
22 
29 
16 
15 
14 
5 
7 
8 
86 
93 
88 
70 
43 
37 
30 
19 
60 
74 
81 
95 
104 
101 
109 
85 
79 
112 
133 
144 
139 
149 
146 
65 
46 
59 
11 
50 
6 
80 
62 
19 
42 
92 
18 
35 
45 
19 
29 
1 
28 
4 
24 
54 
75 
35 
36 
12 
11 
27 
75 
34 
4 
12 
29 
14 
11 
68 
61 
46 
19 
11 
50 
92 
26 
24 
22 
91 
121 
49 
38 
78 
5 
38 
30 
43 
59 
44 
45 
30 
25 
76 
32 
46 
68 
106 
92 
42 
15 
62 
88 
27 
18 
31 
41 
18 
56 
63 
38 
85 
96 
78 
75 
60 
68 
20 
4 
37 
158 
139 
99 
5 
30 
96 
115 
133 
110 
52 
10 
38 
51 
5 
30 
131 
220 
283 
114 
58 
38 
18 
3 
3 
122 
209 
186 
79 
103 
118 
56 
62 
83 
68 
20 
28 
4 
28 
108 
116 
71 
57 
82 
47 
15 
103 
134 
109 
107 
108 
36 
108 
124 
132 
131 
114 
7 
86 
133 
168 
167 
142 
96 
70 
19 
59 
182 
194 
124 
42 
4 
21 
23 
40 
26 
106 
143 
103 
87 
55 
30 
21 
19 
11 
10 
20 
43 
26 
14 
11 
34 
1 
7 
1 
39 
16 
1 
45 
72 
71 
54 
5 
31 
7 
63 
6 
31 
36 
5 
64 
115 
181 
158 
3 
43 
74 
57 
49 
44 
171 
138 
63 
16 
7 
72 
87 
70 
50 
148 
170 
119 
95 
47 
16 
29 
57 
58 
78 
69 
29 
0 
48 
48 
53 
45 
37 
29 
21 
21 
7 
8 
7 
15 
15 
18 
22 
29 
63 
39 
42 
46 
40 
35 
48 
46 
11 
3 
1 
9 
25 
33 
33 
36 
7 
6 
8 
6 
101 
67 
61 
43 
36 
41 
49 
65 
33 
9 
30 
11 
19 
4 
11 
35 
35 
43 
34 
11 
72 
78 
20 
2 
17 
20 
67 
130 
105 
12 
4 
44 
25 
21 
17 
97 
124 
47 
1 
15 
9 
8 
43 
37 
3 
10 
36 
55 
25 
23 
6 
48 
115 
93 
54 
27 
123 
154 
121 
92 
95 
81 
31 
67 
157 
132 
53 
33 
100 
79 
105 
111 
72 
5 
78 
117 
8 
9 
13 
51 
20 
26 
49 
19 
60 
12 
42 
81 
89 
76 
58 
36 
8 
30 
48 
31 
1 
16 
9 
31 
9 
50 
104 
57 
18 
47 
7 
31 
40 
15 
54 
69 
96 
54 
36 
42 
73 
84 
66 
64 
65 
26 
5 
5 
16 
24 
48 
47 
9 
10 
16 
17 
31 
41 
31 
0 
25 
34 
15 
23 
72 
112 
16 
39 
23 
7 
1 
24 
1 
27 
42 
79 
88 
16 
9 
66 
7 
0 
31 
66 
42 
0 
31 
24 
29 
57 
77 
85 
18 
31 
31 
0 
39 
16 
24 
15 
39 
56 
112 
103 
39 
41 
146 
154 
102 
85 
23 
57 
183 
168 
109 
77 
72 
8 
144 
53 
5 
10 
31 
23 
23 
6 
2 
18 
13 
53 
14 
101 
141 
117 
56 
7 
69 
109 
21 
10 
69 
80 
23 
57 
82 
119 
103 
6 
58 
74 
45 
77 
45 
13 
63 
79 
40 
31 
103 
103 
90 
38 
18 
15 
0 
55 
31 
2 
29 
53 
13 
34 
58 
42 
17 
98 
98 
98 
150 
29 
20 
58 
84 
138 
34 
2 
81 
26 
2 
31 
39 
39 
47 
39 
38 
29 
0 
24 
25 
39 
103 
48 
40 
56 
121 
146 
79 
63 
50 
6 
18 
31 
40 
17 
13 
56 
38 
26 
119 
72 
16 
55 
71 
7 
31 
39 
15 
7 
8 
7 
31 
63 
87 
47 
7 
18 
53 
57 
34 
10 
29 
13 
48 
39 
78 
80 
30 
58 
72 
33 
26 
63 
63 
16 
112 
129 
106 
55 
5 
18 
22 
13 
7 
89 
138 
15 
64 
63 
7 
24 
64 
64 
43 
5 
39 
160 
217 
174 
61 
15 
17 
15 
36 
26 
71 
24 
46 
29 
7 
33 
34 
55 
71 
39 
37 
153 
154 
94 
53 
32 
31 
65 
74 
63 
40 
112 
123 
45 
20 
106 
113 
119 
72 
23 
63 
58 
58 
74 
55 
16 
7 
0 
7 
34 
46 
45 
56 
47 
88 
141 
149 
88 
47 
6 
26 
72 
121 
90 
34 
13 
45 
93 
136 
126 
48 
1 
108 
98 
64 
77 
45 
13 
63 
124 
170 
151 
87 
31 
8 
65 
31 
3 
50 
71 
81 
26 
0 
64 
21 
42 
2 
23 
88 
109 
125 
85 
45 
13 
2 
16 
1 
23 
1 
0 
28 
34 
15 
7 
0 
40 
64 
31 
79 
16 
69 
53 
26 
58 
46 
37 
0 
32 
8 
24 
7 
32 
32 
17 
2 
40 
20 
58 
50 
38 
0 
9 
3 
85 
59 
29 
32 
97 
82 
17 
10 
146 
122 
86 
69 
32 
96 
97 
66 
42 
10 
45 
69 
77 
53 
16 
67 
93 
67 
18 
73 
59 
42 
88 
89 
18 
0 
40 
56 
80 
109 
109 
45 
7 
47 
72 
61 
25 
29 
93 
136 
23 
41 
26 
10 
16 
48 
15 
39 
24 
32 
13 
10 
14 
53 
77 
77 
72 
27 
10 
7 
32 
0 
2 
33 
5 
29 
40 
56 
8 
40 
57 
5 
5 
5 
10 
2 
2 
34 
10 
14 
42 
111 
112 
69 
37 
37 
64 
46 
12 
5 
1 
0 
6 
15 
57 
66 
47 
31 
39 
63 
29 
141 
152 
135 
214 
116 
21 
49 
100 
106 
129 
5 
8 
1 
18 
31 
72 
64 
31 
128 
128 
79 
70 
66 
103 
56 
24 
0 
56 
21 
6 
13 
10 
39 
55 
87 
94 
69 
40 
38 
24 
33 
39 
73 
26 
5 
16 
39 
72 
88 
7 
48 
29 
49 
82 
135 
143 
70 
5 
32 
25 
39 
60 
42 
7 
23 
55 
0 
32 
24 
29 
9 
45 
56 
39 
86 
53 
2 
50 
50 
30 
42 
34 
26 
54 
37 
24 
67 
53 
8 
28 
2 
0 
64 
56 
21 
2 
29 
13 
66 
71 
119 
71 
10 
25 
42 
31 
24 
1 
29 
77 
16 
8 
7 
42 
18 
1 
26 
26 
55 
72 
24 
74 
146 
130 
86 
53 
24 
24 
35 
42 
79 
65 
34 
24 
70 
109 
59 
10 
145 
167 
85 
45 
34 
87 
104 
17 
10 
34 
0 
40 
29 
77 
45 
45 
45 
10 
63 
55 
7 
48 
56 
38 
8 
9 
34 
15 
0 
23 
18 
9 
77 
96 
79 
38 
2 
0 
23 
1 
18 
31 
20 
5 
56 
95 
62 
47 
137 
186 
170 
46 
151 
156 
130 
74 
0 
8 
0 
103 
111 
62 
13 
20 
2 
12 
42 
88 
121 
90 
62 
13 
71 
112 
137 
142 
61 
10 
7 
23 
32 
49 
18 
7 
56 
7 
130 
182 
133 
64 
11 
82 
143 
160 
71 
38 
26 
55 
64 
112 
87 
30 
23 
65 
106 
15 
136 
184 
152 
88 
31 
17 
58 
68 
66 
31 
30 
77 
71 
1 
39 
81 
98 
127 
98 
6 
151 
160 
117 
101 
61 
64 
27 
26 
84 
66 
31 
36 
2 
53 
48 
40 
23 
50 
78 
53 
64 
49 
143 
15 
54 
16 
16 
17 
50 
47 
0 
69 
77 
85 
5 
7 
31 
0 
47 
90 
54 
16 
23 
78 
16 
22 
51 
58 
84 
58 
15 
55 
78 
85 
40 
54 
29 
23 
137 
162 
55 
23 
89 
146 
170 
119 
54 
2 
55 
97 
26 
0 
16 
6 
48 
71 
78 
96 
94 
0 
81 
79 
44 
18 
63 
28 
45 
45 
48 
23 
14 
13 
24 
16 
39 
46 
13 
7 
0 
46 
69 
0 
33 
5 
43 
5 
30 
75 
186 
47 
8 
31 
64 
49 
34 
39 
56 
56 
48 
56 
80 
79 
86 
112 
102 
91 
59 
43 
34 
36 
0 
46 
69 
43 
18 
16 
9 
7 
36 
34 
39 
25 
2 
7 
14 
16 
30 
12 
13 
11 
44 
33 
25 
22 
59 
67 
92 
60 
121 
105 
105 
84 
16 
150 
147 
116 
41 
1 
14 
18 
25 
33 
36 
35 
26 
33 
36 
28 
4 
10 
22 
94 
126 
58 
30 
44 
85 
110 
83 
51 
83 
19 
60 
4 
52 
3 
36 
19 
84 
52 
92 
107 
45 
118 
27 
11 
35 
20 
2 
6 
12 
29 
3 
18 
1 
48 
30 
52 
85 
6 
51 
54 
26 
25 
4 
44 
57 
81 
65 
43 
3 
5 
70 
44 
29 
3 
40 
30 
36 
67 
9 
45 
30 
6 
73 
19 
21 
22 
64 
46 
8 
38 
19 
20 
37 
38 
14 
20 
44 
19 
34 
25 
75 
92 
61 
38 
6 
44 
36 
4 
10 
14 
38 
4 
35 
34 
46 
91 
29 
1 
12 
90 
68 
18 
11 
5 
22 
8 
70 
108 
77 
46 
4 
34 
17 
15 
1 
7 
49 
87 
33 
5 
40 
31 
94 
104 
38 
40 
46 
32 
14 
19 
50 
28 
37 
43 
53 
22 
3 
2 
1 
49 
60 
0 
30 
44 
5 
23 
9 
2 
0 
14 
21 
24 
39 
46 
32 
11 
2 
51 
93 
59 
20 
18 
17 
36 
58 
76 
18 
8 
15 
14 
21 
47 
54 
67 
101 
86 
62 
84 
52 
15 
65 
8 
6 
8 
71 
22 
42 
16 
17 
2 
32 
14 
74 
48 
158 
93 
7 
1 
32 
1 
10 
12 
10 
4 
21 
11 
10 
3 
8 
14 
7 
25 
18 
8 
30 
10 
56 
143 
86 
24 
1 
12 
13 
30 
11 
0 
17 
44 
10 
16 
14 
16 
4 
21 
3 
34 
27 
29 
32 
38 
32 
14 
0 
6 
16 
22 
16 
22 
3 
5 
12 
10 
20 
10 
16 
25 
26 
26 
42 
38 
2 
7 
16 
17 
10 
7 
0 
22 
50 
40 
41 
18 
23 
56 
48 
32 
16 
7 
0 
8 
23 
47 
5 
41 
50 
50 
10 
54 
53 
48 
7 
1 
16 
16 
9 
18 
47 
23 
7 
8 
32 
29 
9 
2 
26 
18 
50 
26 
38 
29 
5 
23 
16 
14 
21 
2 
5 
2 
17 
34 
26 
50 
30 
21 
16 
15 
8 
2 
13 
13 
1 
21 
5 
13 
18 
50 
57 
74 
30 
13 
10 
26 
2 
29 
65 
50 
50 
22 
21 
21 
7 
23 
48 
5 
34 
30 
13 
31 
40 
8 
5 
26 
50 
79 
55 
7 
23 
10 
21 
33 
42 
26 
37 
85 
80 
64 
46 
5 
28 
34 
23 
47 
8 
31 
55 
58 
6 
58 
63 
8 
40 
55 
23 
15 
15 
23 
31 
31 
0 
18 
6 
42 
42 
8 
40 
48 
24 
39 
30 
10 
7 
15 
29 
6 
2 
26 
46 
18 
42 
71 
39 
15 
16 
26 
30 
5 
24 
16 
15 
14 
37 
13 
16 
15 
0 
1 
10 
18 
15 
8 
2 
22 
5 
16 
8 
24 
31 
15 
5 
13 
30 
10 
34 
74 
90 
90 
62 
8 
0 
9 
111 
136 
24 
40 
88 
117 
65 
18 
10 
6 
26 
58 
42 
2 
13 
45 
96 
91 
69 
46 
36 
5 
20 
50 
0 
16 
9 
2 
8 
8 
14 
29 
37 
48 
15 
9 
21 
21 
15 
48 
24 
21 
5 
2 
2 
18 
18 
30 
45 
32 
16 
35 
13 
7 
24 
8 
10 
2 
18 
34 
26 
22 
53 
72 
35 
29 
0 
81 
82 
23 
8 
24 
16 
24 
48 
63 
22 
45 
64 
39 
30 
47 
113 
87 
0 
82 
66 
54 
21 
16 
24 
0 
24 
45 
5 
22 
45 
72 
75 
61 
15 
9 
39 
65 
58 
39 
23 
8 
40 
48 
32 
32 
23 
7 
22 
45 
56 
31 
1 
0 
47 
56 
13 
10 
7 
8 
7 
7 
39 
31 
23 
7 
7 
8 
5 
22 
21 
21 
40 
48 
31 
30 
29 
32 
7 
17 
21 
8 
1 
5 
8 
13 
14 
5 
29 
32 
8 
24 
8 
9 
18 
13 
29 
56 
56 
31 
6 
5 
13 
24 
6 
2 
2 
16 
0 
17 
10 
8 
32 
47 
46 
8 
4 
21 
48 
31 
1 
10 
34 
39 
47 
40 
7 
56 
79 
47 
13 
6 
13 
8 
8 
0 
8 
10 
34 
26 
30 
45 
21 
0 
24 
30 
29 
31 
46 
40 
11 
13 
7 
16 
17 
2 
74 
39 
0 
24 
56 
71 
71 
86 
80 
62 
32 
14 
20 
42 
129 
82 
7 
34 
62 
61 
40 
8 
5 
9 
2 
0 
7 
6 
5 
8 
39 
30 
21 
0 
8 
8 
6 
13 
13 
24 
32 
23 
14 
2 
7 
8 
1 
21 
13 
29 
5 
0 
0 
16 
16 
18 
22 
45 
64 
51 
37 
32 
6 
2 
7 
7 
24 
16 
8 
23 
34 
14 
37 
16 
31 
30 
39 
40 
9 
18 
10 
21 
45 
37 
21 
0 
7 
8 
16 
39 
31 
46 
53 
24 
7 
17 
10 
0 
7 
15 
7 
15 
14 
21 
24 
47 
70 
45 
23 
6 
0 
1 
8 
20 
2 
7 
16 
2 
13 
14 
13 
37 
48 
35 
13 
15 
17 
10 
31 
15 
0 
40 
72 
64 
31 
16 
9 
2 
39 
7 
55 
54 
45 
24 
9 
5 
8 
0 
16 
13 
6 
13 
21 
16 
0 
15 
22 
37 
32 
7 
1 
18 
0 
8 
7 
15 
26 
10 
6 
13 
24 
16 
7 
14 
21 
24 
31 
30 
13 
16 
7 
6 
5 
18 
15 
23 
24 
16 
66 
62 
13 
8 
7 
6 
29 
32 
8 
23 
22 
5 
0 
8 
5 
2 
1 
5 
21 
40 
31 
54 
53 
43 
37 
27 
13 
15 
49 
55 
64 
17 
42 
55 
24 
80 
63 
79 
58 
30 
2 
23 
8 
0 
8 
8 
7 
7 
23 
42 
17 
26 
34 
10 
37 
53 
32 
39 
48 
24 
15 
7 
32 
48 
40 
45 
29 
33 
26 
6 
29 
37 
24 
8 
2 
6 
5 
8 
32 
1 
5 
0 
0 
39 
63 
54 
45 
48 
15 
6 
0 
25 
34 
39 
23 
8 
16 
24 
29 
32 
8 
0 
16 
32 
22 
45 
48 
78 
72 
51 
29 
7 
97 
122 
31 
16 
56 
64 
39 
46 
53 
7 
24 
33 
18 
18 
2 
2 
2 
37 
45 
21 
24 
23 
38 
53 
80 
78 
8 
57 
64 
49 
7 
7 
33 
5 
29 
37 
9 
18 
38 
37 
37 
31 
18 
6 
5 
34 
39 
23 
7 
30 
61 
40 
31 
6 
0 
39 
39 
30 
10 
15 
32 
24 
2 
1 
2 
10 
2 
21 
45 
53 
48 
31 
22 
5 
0 
1 
8 
27 
53 
24 
24 
37 
25 
34 
13 
37 
5 
29 
32 
8 
31 
31 
14 
2 
7 
7 
0 
8 
24 
39 
14 
5 
0 
8 
7 
14 
2 
48 
39 
38 
37 
23 
1 
5 
24 
0 
1 
5 
16 
24 
17 
5 
16 
8 
23 
22 
21 
40 
47 
30 
0 
4 
13 
16 
25 
10 
31 
56 
29 
26 
62 
69 
56 
16 
7 
2 
38 
37 
5 
16 
8 
16 
9 
5 
48 
56 
54 
37 
7 
17 
31 
33 
18 
0 
15 
50 
46 
29 
8 
15 
8 
6 
10 
0 
32 
30 
37 
64 
67 
61 
27 
5 
28 
50 
47 
1 
5 
15 
1 
21 
0 
9 
37 
40 
39 
14 
24 
11 
5 
8 
7 
22 
16 
22 
29 
23 
30 
8 
28 
66 
79 
56 
1 
29 
37 
32 
24 
32 
16 
8 
7 
39 
70 
37 
19 
69 
3 
29 
27 
2 
20 
34 
40 
33 
34 
8 
40 
47 
46 
45 
40 
19 
5 
7 
36 
26 
15 
7 
0 
23 
46 
53 
64 
3 
66 
39 
31 
54 
32 
79 
54 
40 
38 
16 
6 
39 
33 
2 
7 
1 
8 
8 
0 
30 
32 
4 
5 
3 
21 
35 
45 
43 
44 
61 
54 
43 
20 
12 
9 
13 
6 
25 
20 
19 
10 
9 
4 
24 
6 
3 
5 
22 
43 
44 
21 
30 
51 
12 
14 
34 
41 
20 
2 
14 
4 
13 
35 
36 
37 
27 
28 
29 
27 
28 
21 
1 
4 
4 
27 
50 
33 
4 
37 
19 
53 
43 
5 
17 
23 
6 
44 
79 
1 
40 
35 
37 
23 
38 
37 
31 
22 
16 
6 
16 
22 
24 
38 
35 
37 
6 
28 
3 
2 
4 
2 
33 
23 
20 
2 
32 
27 
21 
31 
30 
16 
46 
48 
46 
32 
9 
20 
2 
22 
4 
10 
3 
32 
30 
27 
45 
51 
52 
29 
9 
76 
74 
84 
50 
7 
23 
46 
53 
24 
6 
5 
8 
14 
72 
102 
67 
44 
21 
6 
9 
12 
7 
17 
58 
40 
9 
2 
16 
23 
38 
32 
22 
29 
6 
15 
25 
18 
7 
14 
23 
15 
62 
45 
31 
30 
48 
43 
40 
14 
4 
21 
14 
27 
50 
68 
2 
15 
6 
2 
32 
51 
93 
59 
21 
30 
4 
26 
25 
28 
2 
60 
66 
7 
7 
46 
53 
56 
54 
61 
11 
42 
1 
24 
1 
16 
11 
21 
19 
13 
39 
41 
18 
5 
40 
23 
6 
16 
19 
21 
28 
26 
15 
17 
10 
16 
39 
15 
26 
42 
38 
21 
8 
15 
30 
37 
32 
30 
8 
14 
13 
3 
5 
20 
42 
64 
33 
21 
32 
47 
78 
64 
54 
40 
22 
4 
2 
12 
13 
4 
13 
7 
17 
23 
33 
18 
15 
1 
29 
7 
1 
2 
23 
30 
53 
40 
31 
14 
45 
53 
32 
20 
18 
4 
2 
20 
7 
33 
47 
49 
18 
21 
48 
56 
24 
24 
48 
48 
47 
55 
22 
5 
7 
14 
0 
36 
10 
8 
1 
5 
8 
3 
2 
48 
46 
45 
43 
29 
3 
26 
35 
24 
30 
20 
5 
3 
4 
21 
6 
3 
5 
14 
12 
2 
12 
8 
30 
8 
1 
5 
0 
6 
5 
0 
1 
5 
8 
7 
22 
16 
15 
22 
32 
54 
36 
37 
27 
24 
22 
3 
3 
18 
1 
3 
19 
12 
4 
6 
5 
30 
27 
20 
5 
1 
39 
17 
0 
0 
22 
37 
24 
22 
53 
43 
53 
62 
11 
35 
51 
50 
36 
5 
43 
53 
39 
14 
15 
1 
27 
37 
46 
19 
36 
35 
26 
17 
23 
4 
21 
24 
0 
9 
37 
87 
54 
40 
22 
19 
24 
9 
28 
26 
49 
10 
0 
1 
39 
32 
46 
61 
64 
55 
46 
48 
62 
32 
22 
11 
5 
9 
36 
34 
28 
21 
72 
54 
20 
18 
20 
19 
26 
41 
19 
29 
43 
29 
8 
6 
7 
12 
29 
32 
23 
5 
9 
21 
61 
88 
75 
45 
14 
4 
20 
43 
34 
1 
16 
6 
16 
19 
21 
15 
49 
0 
6 
21 
27 
21 
7 
14 
0 
0 
7 
2 
14 
5 
8 
23 
38 
32 
59 
53 
27 
10 
41 
55 
48 
17 
13 
40 
39 
38 
45 
32 
38 
32 
51 
64 
62 
19 
27 
74 
68 
50 
39 
16 
6 
13 
16 
25 
5 
0 
31 
66 
70 
40 
7 
9 
5 
16 
55 
38 
2 
40 
41 
10 
5 
24 
15 
22 
45 
48 
51 
45 
27 
5 
24 
25 
23 
36 
34 
0 
23 
38 
37 
47 
62 
72 
54 
56 
30 
3 
42 
44 
58 
55 
16 
6 
5 
8 
15 
6 
13 
32 
31 
14 
8 
31 
38 
37 
32 
15 
23 
30 
32 
7 
17 
47 
32 
17 
2 
8 
23 
38 
61 
48 
12 
34 
31 
40 
45 
45 
29 
10 
66 
103 
90 
78 
69 
32 
1 
2 
24 
17 
29 
21 
0 
17 
18 
15 
7 
0 
6 
37 
53 
55 
46 
24 
6 
5 
7 
6 
13 
39 
86 
85 
51 
11 
50 
65 
51 
18 
11 
29 
11 
18 
0 
26 
14 
5 
10 
13 
2 
7 
31 
56 
24 
26 
50 
34 
14 
25 
10 
10 
26 
42 
39 
23 
2 
21 
1 
13 
16 
23 
30 
29 
24 
62 
77 
59 
37 
12 
34 
44 
82 
92 
58 
7 
56 
63 
42 
30 
13 
29 
24 
32 
15 
0 
8 
13 
21 
13 
2 
10 
26 
46 
61 
56 
43 
37 
15 
14 
8 
14 
5 
24 
33 
39 
32 
21 
21 
6 
45 
45 
72 
83 
69 
36 
5 
36 
50 
55 
48 
16 
7 
26 
10 
18 
22 
37 
21 
37 
88 
123 
109 
51 
10 
49 
100 
114 
128 
85 
49 
18 
9 
18 
26 
63 
87 
80 
77 
77 
37 
21 
29 
29 
13 
8 
0 
0 
30 
40 
59 
64 
54 
27 
4 
19 
42 
73 
103 
97 
58 
2 
9 
2 
10 
31 
39 
40 
48 
72 
64 
48 
39 
23 
6 
10 
0 
8 
13 
25 
18 
10 
24 
40 
40 
31 
46 
53 
27 
37 
27 
29 
11 
2 
28 
5 
32 
57 
55 
32 
17 
13 
24 
48 
63 
94 
125 
63 
22 
23 
64 
81 
74 
42 
6 
18 
50 
118 
141 
104 
46 
12 
55 
89 
103 
85 
57 
30 
5 
39 
32 
53 
81 
82 
106 
86 
77 
64 
46 
3 
18 
57 
87 
65 
15 
16 
9 
21 
72 
64 
54 
21 
11 
5 
0 
1 
16 
3 
2 
31 
80 
29 
2 
2 
5 
18 
34 
58 
74 
66 
54 
29 
24 
11 
13 
0 
7 
22 
16 
0 
1 
7 
9 
5 
19 
85 
75 
52 
5 
1 
36 
34 
57 
66 
64 
45 
21 
2 
2 
34 
66 
90 
74 
62 
29 
0 
9 
18 
15 
0 
2 
26 
22 
21 
13 
5 
24 
31 
22 
13 
16 
1 
7 
17 
34 
15 
8 
47 
39 
90 
102 
45 
12 
50 
79 
73 
18 
40 
47 
47 
46 
5 
16 
15 
0 
10 
14 
5 
5 
16 
48 
55 
43 
13 
7 
9 
7 
3 
29 
32 
70 
56 
22 
11 
66 
92 
90 
72 
13 
2 
50 
86 
77 
53 
24 
8 
0 
8 
8 
32 
32 
13 
5 
16 
0 
39 
86 
109 
43 
19 
42 
41 
55 
17 
21 
8 
6 
37 
32 
1 
10 
23 
24 
29 
33 
18 
9 
42 
66 
71 
64 
45 
25 
18 
14 
29 
40 
47 
46 
68 
109 
86 
3 
68 
132 
99 
58 
44 
58 
55 
24 
23 
47 
63 
80 
72 
63 
71 
46 
37 
72 
62 
5 
48 
81 
79 
64 
17 
37 
24 
23 
46 
24 
3 
13 
8 
23 
30 
21 
16 
7 
9 
26 
26 
2 
24 
56 
95 
94 
77 
51 
28 
26 
68 
71 
65 
55 
32 
7 
26 
38 
37 
48 
48 
63 
86 
88 
46 
15 
25 
15 
17 
42 
56 
80 
65 
13 
37 
5 
2 
16 
48 
48 
39 
31 
46 
69 
37 
24 
16 
29 
6 
2 
15 
0 
63 
70 
48 
38 
36 
2 
28 
31 
41 
26 
31 
24 
16 
23 
15 
0 
7 
55 
55 
71 
38 
5 
7 
8 
9 
18 
2 
24 
40 
40 
7 
2 
9 
18 
15 
16 
55 
62 
45 
23 
1 
7 
8 
17 
10 
10 
37 
88 
152 
179 
133 
46 
41 
65 
49 
49 
81 
84 
63 
49 
55 
64 
64 
16 
65 
74 
63 
49 
42 
42 
23 
8 
8 
0 
8 
15 
47 
47 
15 
0 
0 
0 
8 
32 
48 
40 
22 
13 
3 
21 
19 
21 
27 
5 
20 
5 
24 
27 
21 
0 
17 
18 
7 
9 
0 
20 
2 
24 
32 
23 
26 
18 
10 
25 
10 
21 
29 
13 
40 
72 
43 
29 
7 
6 
0 
62 
24 
17 
7 
11 
10 
56 
81 
74 
7 
32 
48 
103 
119 
70 
10 
72 
81 
42 
9 
26 
42 
58 
86 
77 
40 
11 
29 
35 
61 
22 
36 
67 
106 
100 
74 
34 
10 
41 
42 
42 
47 
55 
56 
40 
48 
55 
46 
29 
16 
3 
2 
7 
24 
49 
34 
13 
56 
47 
70 
72 
70 
60 
2 
25 
11 
28 
2 
57 
108 
98 
80 
61 
37 
24 
16 
49 
71 
68 
66 
63 
55 
48 
61 
85 
69 
8 
40 
40 
25 
