32 
31 
15 
7 
39 
30 
5 
8 
9 
7 
6 
7 
17 
23 
24 
33 
10 
10 
0 
3 
21 
8 
9 
15 
17 
18 
24 
1 
12 
10 
20 
34 
39 
31 
7 
7 
16 
40 
48 
53 
37 
45 
45 
32 
24 
16 
7 
15 
30 
53 
80 
75 
61 
19 
5 
4 
15 
17 
27 
42 
52 
50 
55 
25 
10 
3 
21 
30 
12 
13 
22 
31 
49 
55 
64 
72 
77 
69 
41 
18 
2 
16 
7 
10 
10 
5 
13 
40 
32 
40 
24 
32 
24 
0 
23 
30 
29 
23 
30 
16 
11 
5 
0 
16 
9 
26 
39 
56 
57 
42 
7 
8 
6 
21 
32 
38 
5 
8 
1 
10 
8 
33 
42 
39 
48 
41 
15 
24 
17 
10 
16 
31 
38 
48 
70 
43 
19 
11 
26 
49 
47 
73 
82 
79 
48 
17 
18 
16 
1 
10 
15 
15 
30 
29 
29 
24 
39 
31 
26 
26 
10 
5 
10 
2 
13 
21 
24 
32 
63 
70 
80 
46 
12 
10 
9 
20 
31 
57 
55 
65 
82 
71 
63 
50 
14 
5 
2 
16 
0 
8 
6 
18 
31 
15 
0 
11 
45 
48 
38 
24 
22 
16 
4 
18 
31 
63 
88 
120 
79 
54 
61 
56 
31 
2 
25 
42 
62 
61 
56 
51 
77 
43 
12 
18 
36 
34 
60 
42 
24 
25 
23 
41 
50 
31 
24 
8 
7 
15 
19 
21 
35 
12 
1 
21 
14 
3 
55 
81 
82 
74 
62 
45 
40 
39 
38 
45 
45 
16 
7 
14 
21 
24 
15 
10 
14 
21 
13 
13 
16 
8 
7 
14 
10 
36 
42 
63 
87 
63 
39 
7 
8 
32 
35 
69 
75 
60 
29 
20 
50 
79 
103 
102 
125 
119 
86 
72 
54 
32 
17 
42 
79 
88 
72 
72 
47 
54 
48 
30 
11 
7 
9 
31 
33 
39 
41 
34 
31 
40 
48 
37 
9 
18 
18 
7 
8 
14 
0 
1 
15 
25 
2 
16 
14 
29 
3 
13 
0 
17 
23 
12 
18 
44 
58 
71 
80 
80 
64 
47 
22 
13 
0 
16 
40 
48 
47 
46 
32 
14 
8 
9 
31 
33 
18 
7 
6 
7 
8 
14 
16 
30 
52 
21 
25 
52 
74 
95 
120 
95 
31 
2 
24 
62 
76 
89 
97 
116 
98 
76 
58 
40 
1 
32 
62 
64 
62 
43 
52 
57 
41 
5 
25 
52 
74 
79 
64 
24 
15 
55 
94 
93 
102 
118 
122 
97 
84 
58 
52 
10 
43 
75 
99 
74 
76 
50 
24 
1 
36 
57 
65 
57 
60 
75 
82 
68 
39 
9 
11 
2 
6 
4 
4 
6 
1 
17 
44 
51 
34 
33 
39 
25 
35 
26 
4 
21 
19 
36 
81 
113 
116 
123 
106 
100 
82 
64 
33 
24 
38 
44 
77 
86 
62 
38 
6 
9 
20 
36 
43 
58 
49 
51 
34 
36 
15 
6 
12 
37 
38 
35 
27 
11 
14 
5 
14 
27 
36 
51 
55 
49 
55 
41 
23 
28 
26 
28 
18 
4 
7 
9 
7 
17 
15 
9 
19 
2 
27 
44 
37 
30 
19 
16 
6 
4 
11 
11 
42 
65 
84 
79 
57 
31 
28 
26 
16 
1 
5 
19 
29 
27 
29 
14 
6 
20 
27 
18 
9 
3 
3 
18 
1 
4 
23 
57 
63 
56 
56 
57 
58 
50 
39 
32 
9 
13 
8 
11 
37 
40 
30 
16 
6 
13 
11 
5 
36 
50 
63 
60 
58 
31 
9 
5 
3 
21 
19 
45 
70 
86 
54 
50 
17 
20 
27 
21 
46 
75 
92 
99 
106 
103 
112 
104 
95 
94 
69 
47 
14 
2 
23 
23 
18 
6 
5 
13 
69 
64 
43 
45 
35 
53 
46 
19 
20 
18 
33 
52 
50 
64 
81 
90 
98 
66 
39 
15 
3 
37 
43 
53 
70 
43 
36 
17 
29 
22 
11 
4 
35 
28 
27 
19 
10 
9 
31 
25 
8 
8 
13 
21 
37 
32 
15 
14 
5 
7 
32 
56 
91 
117 
118 
107 
78 
46 
22 
22 
54 
54 
38 
30 
27 
11 
3 
26 
49 
44 
51 
50 
1 
12 
27 
35 
51 
46 
22 
27 
27 
20 
21 
3 
28 
17 
1 
5 
17 
6 
1 
11 
19 
12 
44 
41 
44 
52 
52 
59 
42 
9 
11 
51 
35 
27 
35 
28 
28 
28 
35 
27 
19 
26 
25 
12 
11 
6 
5 
22 
34 
41 
41 
44 
15 
6 
11 
3 
28 
45 
54 
59 
43 
28 
36 
33 
20 
4 
3 
3 
12 
20 
4 
20 
12 
20 
29 
22 
28 
49 
57 
49 
60 
47 
60 
66 
55 
48 
41 
10 
7 
14 
28 
29 
35 
11 
12 
25 
41 
49 
41 
52 
27 
3 
9 
33 
41 
60 
76 
87 
89 
68 
50 
1 
4 
4 
13 
6 
3 
0 
9 
0 
49 
44 
42 
44 
26 
28 
26 
24 
25 
10 
0 
22 
2 
8 
1 
5 
16 
1 
18 
15 
9 
0 
17 
20 
18 
9 
7 
24 
25 
26 
23 
23 
24 
8 
38 
52 
49 
17 
22 
34 
57 
79 
103 
87 
86 
96 
70 
64 
38 
23 
9 
47 
47 
47 
46 
45 
40 
15 
14 
2 
7 
23 
40 
40 
40 
16 
15 
30 
5 
0 
1 
18 
20 
5 
27 
36 
37 
22 
3 
7 
9 
7 
9 
34 
44 
58 
56 
57 
82 
79 
63 
31 
47 
47 
30 
29 
16 
0 
6 
7 
16 
5 
13 
13 
8 
8 
0 
0 
0 
16 
31 
46 
13 
16 
9 
2 
7 
31 
56 
63 
71 
94 
85 
72 
27 
21 
0 
14 
2 
15 
32 
41 
50 
46 
69 
64 
22 
2 
36 
34 
47 
32 
16 
6 
13 
11 
21 
3 
5 
4 
2 
12 
26 
63 
76 
66 
63 
63 
56 
32 
0 
16 
0 
32 
48 
67 
92 
69 
22 
52 
82 
103 
127 
126 
100 
101 
91 
68 
53 
14 
19 
50 
76 
74 
71 
63 
55 
38 
8 
7 
14 
16 
30 
16 
6 
8 
6 
0 
9 
10 
16 
9 
47 
49 
47 
41 
39 
44 
42 
26 
8 
8 
16 
21 
17 
5 
13 
8 
7 
40 
48 
45 
61 
53 
21 
13 
5 
13 
2 
2 
18 
30 
29 
24 
31 
46 
52 
45 
14 
6 
20 
23 
33 
47 
65 
66 
63 
47 
39 
23 
0 
6 
10 
31 
32 
25 
10 
15 
24 
24 
2 
13 
13 
13 
13 
18 
2 
2 
1 
2 
23 
15 
40 
21 
9 
5 
40 
54 
35 
29 
46 
52 
26 
33 
47 
49 
71 
64 
49 
42 
15 
7 
7 
8 
16 
9 
2 
24 
43 
80 
94 
78 
30 
17 
44 
60 
55 
73 
79 
64 
49 
26 
15 
1 
21 
51 
60 
53 
30 
11 
3 
22 
26 
25 
12 
12 
36 
43 
50 
52 
34 
8 
30 
27 
29 
14 
1 
1 
1 
1 
6 
11 
12 
28 
51 
58 
52 
42 
31 
9 
5 
20 
23 
17 
19 
2 
19 
20 
28 
17 
1 
5 
9 
17 
28 
34 
36 
58 
79 
96 
96 
64 
29 
41 
10 
5 
0 
7 
14 
45 
32 
19 
13 
8 
8 
17 
18 
39 
57 
34 
0 
22 
8 
6 
3 
13 
23 
30 
24 
22 
12 
13 
9 
36 
47 
65 
80 
81 
90 
82 
70 
37 
29 
2 
22 
45 
64 
51 
21 
27 
37 
27 
12 
11 
26 
36 
55 
80 
77 
49 
18 
2 
8 
15 
17 
18 
23 
24 
33 
18 
16 
6 
24 
22 
40 
62 
43 
28 
29 
6 
20 
79 
104 
125 
125 
109 
120 
94 
77 
23 
22 
4 
5 
11 
20 
25 
25 
53 
54 
38 
14 
1 
9 
9 
12 
11 
0 
17 
31 
49 
58 
63 
48 
23 
0 
8 
5 
5 
5 
21 
29 
37 
45 
48 
32 
39 
14 
13 
16 
1 
5 
24 
22 
29 
48 
30 
29 
32 
46 
8 
17 
42 
63 
80 
55 
31 
23 
2 
9 
2 
10 
23 
79 
95 
103 
94 
48 
35 
37 
15 
6 
15 
16 
33 
42 
26 
23 
0 
15 
23 
31 
7 
26 
38 
21 
0 
17 
2 
16 
7 
1 
2 
5 
0 
7 
2 
6 
18 
7 
0 
6 
29 
29 
16 
15 
14 
2 
15 
40 
33 
26 
50 
79 
87 
82 
62 
37 
13 
0 
15 
31 
55 
39 
23 
15 
18 
6 
18 
26 
39 
40 
29 
25 
10 
13 
48 
59 
37 
8 
17 
26 
39 
47 
64 
64 
71 
55 
55 
47 
16 
15 
31 
26 
26 
34 
22 
21 
10 
18 
26 
50 
58 
78 
77 
72 
39 
1 
2 
31 
63 
78 
69 
48 
30 
21 
8 
1 
42 
71 
72 
69 
61 
53 
48 
32 
0 
23 
22 
37 
48 
54 
44 
13 
23 
33 
34 
55 
56 
33 
34 
39 
32 
24 
24 
31 
22 
13 
24 
8 
16 
15 
14 
5 
0 
11 
29 
27 
29 
1 
7 
24 
29 
37 
37 
5 
9 
34 
47 
64 
57 
66 
30 
21 
29 
13 
0 
15 
18 
14 
21 
21 
29 
5 
15 
15 
28 
26 
23 
32 
40 
21 
21 
24 
32 
8 
15 
8 
8 
32 
43 
29 
7 
33 
58 
39 
24 
16 
16 
21 
13 
1 
29 
32 
35 
53 
46 
11 
10 
33 
60 
50 
55 
53 
77 
77 
69 
48 
55 
30 
13 
7 
31 
23 
23 
39 
54 
44 
37 
46 
27 
12 
5 
4 
31 
48 
85 
93 
77 
64 
31 
0 
6 
23 
49 
42 
31 
23 
39 
31 
22 
32 
19 
5 
15 
32 
56 
80 
70 
32 
14 
12 
10 
31 
40 
37 
45 
53 
45 
53 
29 
8 
2 
2 
6 
5 
0 
6 
8 
22 
24 
22 
11 
2 
23 
41 
26 
26 
31 
31 
16 
17 
23 
20 
18 
0 
6 
16 
22 
8 
1 
15 
32 
37 
37 
9 
2 
5 
16 
9 
15 
17 
7 
1 
15 
21 
33 
34 
42 
42 
46 
21 
0 
8 
2 
6 
0 
0 
29 
53 
45 
24 
7 
7 
22 
21 
2 
34 
54 
61 
68 
61 
27 
3 
18 
33 
31 
36 
34 
63 
71 
71 
55 
23 
23 
7 
30 
53 
19 
2 
20 
13 
27 
36 
29 
11 
8 
9 
40 
49 
63 
55 
40 
48 
61 
61 
61 
61 
61 
45 
16 
8 
0 
24 
24 
48 
80 
91 
108 
93 
54 
1 
60 
74 
112 
117 
109 
88 
95 
86 
53 
16 
21 
33 
50 
62 
45 
32 
11 
2 
7 
6 
8 
8 
9 
7 
3 
21 
19 
53 
62 
62 
70 
26 
30 
66 
89 
124 
146 
150 
149 
124 
109 
107 
59 
12 
18 
44 
50 
71 
79 
79 
78 
53 
27 
13 
15 
14 
8 
16 
41 
34 
42 
74 
62 
29 
0 
22 
13 
4 
10 
9 
23 
24 
25 
10 
5 
5 
15 
15 
7 
30 
29 
11 
21 
3 
3 
10 
33 
44 
42 
32 
33 
34 
42 
47 
47 
23 
31 
31 
23 
31 
31 
34 
34 
18 
5 
1 
26 
42 
54 
53 
40 
15 
1 
0 
0 
1 
26 
47 
52 
34 
15 
6 
16 
46 
54 
35 
8 
9 
32 
17 
42 
79 
95 
90 
86 
69 
53 
61 
53 
21 
23 
55 
79 
99 
93 
78 
36 
2 
44 
50 
47 
79 
95 
87 
74 
62 
37 
8 
31 
55 
70 
37 
32 
19 
13 
24 
14 
23 
64 
85 
101 
101 
88 
46 
29 
15 
9 
10 
26 
34 
62 
45 
47 
30 
16 
45 
69 
72 
99 
117 
118 
114 
121 
116 
87 
57 
47 
33 
23 
9 
0 
14 
11 
21 
22 
38 
51 
67 
51 
26 
9 
12 
11 
2 
14 
19 
3 
0 
1 
4 
2 
9 
26 
28 
50 
39 
48 
32 
24 
32 
24 
0 
16 
17 
39 
48 
49 
50 
39 
15 
8 
8 
8 
7 
30 
29 
24 
22 
16 
14 
15 
41 
55 
96 
101 
112 
102 
92 
77 
62 
11 
0 
41 
90 
78 
101 
67 
53 
19 
5 
17 
34 
64 
64 
80 
54 
61 
51 
29 
19 
26 
26 
22 
2 
2 
7 
7 
8 
16 
32 
16 
32 
23 
15 
6 
18 
10 
7 
15 
21 
1 
5 
16 
14 
21 
11 
21 
4 
2 
8 
33 
50 
54 
61 
61 
48 
47 
55 
39 
39 
7 
8 
15 
15 
26 
26 
2 
13 
13 
13 
15 
8 
0 
8 
0 
25 
74 
74 
46 
37 
8 
4 
2 
10 
15 
39 
54 
53 
27 
2 
40 
57 
82 
55 
7 
6 
2 
7 
8 
2 
13 
21 
24 
0 
8 
8 
15 
63 
63 
47 
23 
15 
7 
24 
24 
8 
7 
8 
31 
39 
22 
13 
15 
36 
26 
15 
48 
61 
69 
53 
45 
40 
39 
2 
37 
61 
61 
56 
35 
21 
3 
18 
44 
34 
15 
17 
23 
32 
29 
25 
26 
46 
45 
21 
13 
1 
2 
15 
16 
16 
25 
10 
18 
2 
8 
16 
0 
6 
13 
32 
22 
2 
15 
33 
58 
63 
56 
32 
2 
14 
13 
7 
16 
6 
21 
23 
30 
5 
16 
41 
66 
90 
90 
70 
53 
40 
32 
31 
8 
40 
56 
55 
55 
62 
48 
38 
0 
25 
42 
56 
53 
61 
53 
45 
29 
21 
13 
5 
2 
22 
29 
32 
11 
5 
20 
26 
16 
9 
0 
3 
5 
8 
1 
26 
31 
8 
6 
8 
6 
7 
17 
28 
34 
44 
42 
39 
80 
80 
63 
30 
2 
7 
15 
18 
14 
21 
2 
23 
48 
56 
48 
48 
39 
14 
18 
38 
45 
29 
40 
47 
46 
40 
22 
16 
9 
36 
58 
60 
50 
15 
1 
0 
1 
15 
17 
18 
23 
39 
31 
31 
47 
63 
63 
39 
26 
8 
8 
24 
23 
15 
18 
6 
13 
29 
32 
15 
17 
39 
48 
57 
34 
31 
16 
8 
1 
13 
31 
22 
32 
46 
40 
14 
7 
33 
44 
42 
60 
50 
48 
49 
18 
34 
34 
7 
7 
16 
15 
38 
61 
70 
51 
3 
44 
63 
73 
87 
95 
107 
101 
75 
45 
38 
32 
6 
15 
16 
33 
30 
29 
40 
31 
14 
21 
21 
24 
15 
0 
37 
37 
9 
2 
2 
7 
16 
17 
26 
15 
1 
8 
22 
24 
22 
0 
6 
12 
37 
11 
0 
9 
36 
42 
68 
106 
111 
88 
72 
48 
32 
24 
15 
1 
2 
23 
63 
78 
77 
62 
11 
15 
49 
55 
71 
79 
79 
78 
80 
47 
30 
0 
32 
48 
45 
45 
32 
7 
17 
2 
0 
1 
13 
7 
14 
16 
14 
24 
30 
8 
6 
7 
33 
55 
81 
98 
106 
94 
61 
40 
23 
7 
8 
16 
32 
32 
56 
71 
46 
24 
1 
31 
49 
34 
31 
24 
9 
2 
0 
6 
16 
30 
32 
30 
3 
10 
20 
34 
68 
82 
87 
80 
72 
63 
75 
85 
31 
6 
34 
55 
71 
70 
53 
32 
1 
50 
55 
55 
39 
47 
46 
21 
26 
54 
61 
72 
78 
59 
44 
13 
25 
52 
63 
84 
82 
98 
94 
93 
80 
62 
56 
30 
7 
32 
53 
37 
37 
32 
19 
13 
16 
7 
6 
0 
24 
29 
17 
2 
13 
0 
0 
22 
21 
4 
10 
36 
50 
48 
41 
50 
66 
46 
29 
10 
38 
53 
83 
69 
46 
11 
11 
27 
34 
25 
44 
50 
56 
49 
50 
74 
78 
61 
47 
30 
29 
31 
26 
6 
5 
5 
10 
46 
61 
64 
54 
40 
30 
32 
14 
10 
23 
24 
17 
31 
68 
58 
47 
36 
5 
8 
22 
28 
21 
43 
20 
13 
4 
7 
41 
98 
119 
119 
94 
77 
56 
31 
2 
13 
29 
37 
48 
64 
59 
53 
48 
38 
3 
10 
33 
63 
80 
65 
58 
42 
38 
21 
6 
29 
40 
31 
30 
40 
22 
3 
26 
41 
55 
48 
33 
18 
15 
16 
9 
13 
0 
1 
5 
3 
5 
32 
57 
63 
79 
88 
80 
55 
23 
5 
37 
45 
61 
64 
51 
69 
35 
5 
28 
50 
63 
104 
93 
69 
41 
5 
2 
8 
0 
0 
26 
22 
5 
7 
8 
1 
10 
0 
6 
7 
6 
16 
25 
15 
9 
18 
7 
8 
30 
29 
3 
10 
33 
63 
73 
58 
58 
58 
30 
45 
56 
47 
22 
15 
48 
64 
24 
8 
7 
24 
32 
29 
21 
9 
5 
13 
5 
7 
0 
15 
23 
14 
5 
8 
7 
25 
18 
23 
44 
34 
15 
28 
50 
47 
39 
15 
0 
21 
45 
80 
78 
16 
9 
19 
26 
47 
65 
58 
42 
23 
7 
0 
38 
48 
54 
60 
37 
1 
36 
39 
57 
79 
93 
101 
101 
104 
99 
85 
54 
8 
9 
23 
25 
26 
24 
32 
29 
29 
21 
0 
7 
7 
16 
8 
2 
18 
1 
5 
21 
24 
7 
9 
34 
32 
25 
34 
48 
45 
33 
18 
2 
15 
7 
0 
15 
38 
40 
22 
0 
25 
42 
47 
48 
21 
17 
2 
4 
21 
43 
53 
54 
20 
13 
20 
50 
88 
125 
117 
117 
109 
88 
78 
45 
11 
42 
71 
71 
63 
47 
31 
0 
16 
32 
5 
9 
5 
7 
16 
25 
2 
0 
8 
7 
1 
2 
0 
9 
18 
24 
33 
42 
55 
79 
63 
50 
38 
10 
23 
47 
46 
45 
48 
30 
24 
3 
2 
36 
42 
36 
10 
4 
2 
1 
4 
7 
17 
26 
39 
39 
48 
80 
80 
87 
90 
78 
21 
8 
0 
29 
37 
45 
53 
45 
32 
15 
15 
16 
13 
9 
18 
0 
1 
7 
1 
0 
22 
0 
17 
7 
12 
5 
8 
6 
13 
3 
15 
57 
95 
104 
120 
115 
101 
83 
68 
61 
30 
4 
23 
41 
63 
80 
80 
61 
40 
8 
8 
16 
21 
5 
6 
21 
24 
11 
13 
0 
0 
17 
5 
4 
18 
44 
34 
25 
16 
30 
44 
53 
70 
58 
57 
48 
49 
23 
28 
18 
16 
22 
24 
38 
19 
65 
73 
57 
84 
95 
105 
90 
103 
68 
34 
12 
16 
22 
30 
19 
4 
3 
2 
6 
0 
1 
23 
20 
10 
7 
9 
34 
24 
17 
0 
3 
10 
12 
12 
36 
33 
25 
9 
10 
17 
36 
34 
60 
42 
44 
42 
52 
58 
36 
5 
51 
60 
68 
68 
52 
59 
27 
19 
6 
25 
57 
89 
113 
108 
83 
58 
52 
39 
49 
15 
22 
32 
54 
45 
23 
1 
15 
24 
41 
34 
24 
17 
36 
34 
52 
50 
40 
41 
2 
24 
35 
45 
43 
45 
35 
20 
12 
10 
17 
20 
12 
28 
12 
11 
19 
19 
43 
50 
36 
11 
26 
60 
50 
44 
50 
44 
34 
23 
32 
25 
31 
47 
48 
40 
24 
8 
40 
32 
0 
38 
37 
31 
54 
8 
14 
40 
14 
8 
1 
19 
44 
53 
54 
38 
14 
17 
52 
84 
87 
89 
68 
82 
79 
60 
58 
7 
16 
39 
38 
68 
77 
62 
14 
25 
44 
51 
50 
41 
39 
48 
45 
53 
45 
5 
6 
32 
35 
32 
6 
36 
50 
64 
61 
53 
41 
34 
42 
23 
7 
8 
16 
48 
71 
78 
76 
65 
57 
17 
6 
22 
26 
57 
100 
90 
87 
88 
61 
41 
5 
8 
11 
37 
67 
83 
115 
106 
52 
20 
59 
58 
76 
82 
95 
104 
141 
144 
127 
78 
32 
0 
5 
21 
13 
21 
45 
64 
48 
31 
50 
62 
84 
73 
57 
45 
14 
25 
84 
74 
84 
82 
88 
105 
106 
95 
56 
0 
31 
55 
63 
38 
85 
75 
68 
100 
99 
50 
44 
2 
14 
44 
28 
49 
105 
145 
159 
151 
182 
172 
133 
122 
105 
81 
37 
1 
44 
82 
112 
128 
152 
143 
126 
100 
65 
41 
37 
30 
1 
52 
71 
81 
90 
111 
112 
96 
80 
71 
54 
21 
7 
39 
39 
46 
21 
23 
31 
32 
23 
23 
6 
40 
46 
24 
78 
99 
146 
144 
81 
5 
59 
76 
84 
143 
173 
173 
181 
196 
201 
185 
113 
33 
43 
74 
96 
113 
110 
125 
136 
110 
61 
11 
10 
64 
73 
47 
0 
30 
48 
54 
36 
17 
1 
50 
97 
88 
89 
98 
118 
125 
120 
118 
99 
60 
59 
143 
105 
90 
71 
62 
21 
19 
52 
29 
22 
27 
12 
19 
10 
25 
20 
5 
27 
24 
20 
18 
31 
128 
177 
111 
24 
38 
47 
88 
69 
2 
66 
82 
70 
69 
48 
1 
63 
112 
96 
64 
63 
62 
64 
102 
112 
86 
24 
44 
58 
95 
144 
176 
150 
130 
121 
83 
14 
100 
130 
127 
128 
128 
152 
127 
111 
102 
37 
16 
14 
31 
149 
157 
108 
37 
1 
79 
33 
101 
7 
3 
5 
55 
72 
65 
62 
101 
120 
115 
124 
109 
54 
19 
74 
23 
22 
34 
72 
64 
48 
56 
71 
62 
99 
132 
124 
50 
36 
34 
51 
115 
119 
125 
125 
128 
123 
141 
158 
110 
126 
11 
50 
78 
61 
87 
90 
58 
26 
18 
7 
8 
24 
56 
95 
66 
10 
69 
117 
99 
11 
74 
112 
101 
53 
24 
35 
69 
86 
158 
43 
12 
55 
41 
82 
150 
205 
112 
1 
84 
163 
58 
3 
20 
37 
62 
35 
32 
6 
55 
88 
119 
174 
172 
141 
30 
68 
18 
40 
37 
10 
16 
78 
99 
36 
21 
126 
115 
68 
13 
25 
87 
224 
261 
227 
164 
85 
9 
60 
2 
31 
70 
12 
10 
33 
111 
120 
104 
80 
7 
112 
32 
17 
53 
73 
58 
50 
87 
48 
56 
39 
147 
253 
366 
219 
193 
240 
269 
176 
51 
26 
15 
74 
119 
0 
4 
112 
206 
128 
1 
103 
159 
222 
196 
148 
123 
98 
25 
4 
28 
61 
9 
127 
168 
149 
117 
125 
85 
139 
109 
118 
202 
97 
43 
132 
211 
250 
223 
104 
43 
21 
67 
53 
79 
63 
11 
69 
39 
10 
98 
242 
182 
104 
81 
119 
145 
170 
174 
101 
47 
57 
2 
96 
112 
55 
55 
90 
54 
18 
112 
97 
18 
15 
143 
176 
150 
67 
106 
143 
71 
24 
115 
139 
134 
181 
211 
236 
205 
142 
67 
34 
126 
213 
238 
190 
59 
71 
168 
211 
284 
252 
151 
81 
51 
6 
97 
284 
386 
238 
90 
119 
40 
144 
96 
80 
88 
0 
161 
130 
278 
29 
120 
81 
50 
135 
48 
39 
94 
163 
60 
4 
36 
28 
36 
23 
73 
138 
135 
80 
17 
34 
15 
23 
127 
78 
21 
27 
53 
126 
40 
85 
293 
251 
147 
166 
14 
44 
15 
17 
66 
152 
176 
136 
182 
277 
220 
141 
46 
54 
14 
81 
217 
297 
68 
58 
47 
6 
190 
117 
84 
295 
128 
26 
26 
38 
101 
147 
292 
244 
63 
78 
110 
75 
62 
38 
22 
7 
1 
20 
81 
161 
246 
236 
228 
186 
175 
97 
12 
52 
95 
97 
154 
102 
21 
3 
45 
6 
61 
256 
339 
45 
78 
110 
29 
51 
76 
217 
281 
191 
168 
117 
117 
132 
92 
115 
69 
162 
165 
26 
42 
66 
10 
80 
150 
112 
62 
148 
21 
36 
55 
81 
66 
79 
102 
155 
108 
148 
44 
234 
215 
67 
68 
97 
84 
55 
118 
219 
130 
64 
61 
5 
78 
117 
53 
40 
65 
98 
183 
95 
49 
5 
8 
55 
14 
2 
15 
32 
118 
117 
55 
134 
115 
27 
18 
9 
58 
28 
2 
63 
151 
214 
200 
102 
45 
7 
88 
88 
27 
2 
15 
8 
45 
9 
2 
61 
148 
229 
306 
129 
143 
16 
150 
201 
249 
287 
271 
118 
48 
97 
150 
106 
76 
10 
12 
48 
102 
32 
1 
85 
56 
40 
36 
42 
12 
29 
33 
41 
44 
66 
56 
5 
72 
19 
34 
64 
24 
61 
13 
135 
136 
33 
21 
23 
24 
17 
2 
26 
7 
119 
263 
210 
54 
103 
124 
74 
39 
113 
178 
120 
49 
13 
88 
222 
116 
57 
28 
83 
42 
6 
0 
93 
125 
109 
63 
78 
93 
53 
1 
72 
28 
13 
110 
212 
29 
9 
55 
109 
80 
41 
34 
163 
213 
198 
123 
128 
62 
43 
51 
234 
81 
13 
40 
87 
79 
158 
69 
59 
28 
5 
4 
80 
110 
30 
89 
57 
49 
35 
67 
3 
34 
40 
133 
232 
272 
246 
179 
112 
70 
44 
186 
199 
255 
214 
99 
3 
50 
36 
18 
60 
50 
96 
49 
2 
42 
119 
119 
30 
22 
69 
146 
169 
128 
65 
4 
55 
128 
182 
176 
126 
85 
103 
135 
24 
135 
162 
254 
184 
57 
199 
168 
189 
112 
27 
10 
36 
5 
75 
42 
168 
136 
60 
71 
33 
35 
100 
145 
29 
46 
54 
1 
25 
33 
95 
133 
157 
205 
139 
61 
35 
8 
41 
15 
23 
7 
29 
64 
43 
13 
16 
15 
1 
5 
13 
32 
15 
49 
106 
90 
6 
82 
9 
5 
24 
118 
15 
49 
12 
37 
35 
13 
22 
38 
68 
10 
160 
153 
90 
23 
63 
82 
41 
82 
39 
0 
1 
31 
72 
72 
28 
106 
0 
31 
55 
39 
4 
2 
0 
3 
69 
112 
126 
20 
82 
84 
74 
44 
32 
16 
85 
88 
83 
69 
0 
5 
62 
29 
10 
78 
10 
72 
199 
86 
47 
9 
39 
56 
41 
62 
53 
69 
61 
25 
10 
7 
12 
10 
15 
0 
47 
23 
70 
37 
128 
22 
3 
3 
34 
33 
84 
98 
95 
71 
23 
16 
39 
32 
11 
61 
59 
52 
26 
48 
56 
29 
41 
58 
66 
39 
8 
1 
10 
2 
23 
54 
29 
16 
62 
45 
2 
39 
54 
61 
123 
45 
52 
26 
39 
6 
79 
73 
42 
128 
243 
65 
2 
41 
73 
65 
44 
107 
146 
127 
112 
112 
94 
77 
35 
37 
8 
26 
9 
42 
87 
119 
127 
102 
40 
38 
32 
1 
42 
64 
88 
103 
126 
120 
78 
32 
8 
29 
37 
24 
63 
46 
16 
12 
2 
15 
33 
2 
7 
23 
78 
69 
11 
2 
52 
114 
102 
93 
71 
54 
45 
32 
16 
12 
13 
8 
22 
29 
39 
38 
133 
96 
11 
18 
16 
81 
130 
39 
23 
11 
5 
64 
97 
78 
45 
15 
24 
0 
23 
23 
15 
24 
7 
0 
41 
26 
13 
2 
58 
18 
53 
117 
103 
30 
56 
30 
66 
95 
215 
198 
112 
46 
5 
8 
15 
39 
47 
34 
42 
39 
23 
0 
55 
8 
120 
19 
21 
20 
2 
4 
12 
9 
34 
33 
15 
32 
72 
127 
150 
101 
63 
10 
18 
13 
48 
78 
85 
63 
6 
18 
72 
128 
119 
54 
79 
176 
201 
146 
60 
29 
67 
52 
37 
46 
62 
19 
42 
96 
125 
125 
79 
38 
45 
7 
71 
87 
25 
26 
48 
15 
7 
39 
70 
85 
75 
77 
32 
8 
24 
24 
39 
54 
21 
0 
23 
22 
37 
16 
7 
22 
0 
9 
23 
57 
74 
63 
24 
0 
39 
66 
6 
53 
69 
45 
69 
21 
74 
54 
69 
133 
112 
142 
44 
41 
25 
70 
67 
16 
1 
4 
57 
81 
96 
136 
160 
174 
187 
164 
99 
19 
79 
137 
122 
118 
88 
94 
28 
5 
4 
8 
27 
21 
24 
5 
65 
122 
106 
50 
34 
34 
23 
55 
55 
23 
8 
7 
31 
42 
62 
5 
0 
6 
0 
25 
42 
24 
1 
53 
56 
46 
45 
22 
4 
5 
1 
25 
3 
52 
28 
2 
65 
99 
106 
152 
121 
74 
47 
16 
70 
77 
24 
24 
6 
27 
29 
6 
11 
15 
57 
52 
18 
7 
57 
58 
55 
1 
85 
91 
53 
43 
84 
36 
59 
18 
86 
123 
180 
178 
150 
85 
87 
22 
95 
65 
2 
23 
50 
42 
8 
94 
107 
82 
25 
44 
75 
38 
1 
36 
42 
41 
76 
7 
6 
20 
26 
63 
120 
149 
109 
18 
2 
9 
2 
15 
8 
3 
5 
55 
61 
5 
18 
15 
47 
18 
21 
14 
29 
45 
19 
2 
38 
62 
20 
106 
127 
120 
128 
55 
34 
50 
42 
8 
27 
93 
116 
117 
147 
117 
4 
35 
18 
41 
49 
80 
105 
90 
66 
52 
34 
28 
31 
9 
16 
8 
5 
13 
5 
40 
48 
21 
1 
13 
8 
11 
21 
19 
21 
46 
16 
40 
88 
80 
40 
17 
10 
32 
9 
24 
14 
37 
71 
18 
81 
82 
98 
98 
34 
37 
10 
23 
22 
45 
32 
14 
26 
23 
15 
31 
63 
87 
71 
55 
39 
13 
69 
125 
144 
110 
67 
44 
19 
59 
50 
48 
97 
130 
114 
118 
85 
53 
13 
34 
34 
34 
7 
39 
15 
40 
55 
79 
74 
41 
42 
18 
62 
29 
16 
63 
14 
72 
28 
58 
60 
74 
39 
25 
2 
31 
64 
48 
33 
18 
15 
15 
46 
40 
71 
46 
16 
3 
29 
46 
12 
63 
97 
86 
117 
144 
99 
85 
75 
45 
23 
64 
48 
72 
112 
87 
38 
23 
49 
42 
47 
48 
9 
2 
13 
24 
7 
1 
2 
16 
11 
5 
3 
29 
19 
4 
9 
13 
6 
11 
31 
152 
192 
119 
78 
61 
80 
48 
24 
8 
7 
17 
66 
87 
168 
168 
3 
74 
156 
106 
76 
2 
40 
8 
31 
86 
72 
23 
16 
24 
0 
0 
39 
94 
77 
48 
49 
82 
111 
71 
31 
31 
31 
38 
10 
28 
42 
24 
22 
64 
4 
34 
23 
16 
1 
5 
26 
31 
0 
16 
32 
9 
13 
42 
103 
128 
73 
2 
32 
43 
45 
13 
16 
15 
7 
24 
21 
37 
13 
39 
57 
50 
28 
21 
35 
21 
3 
18 
55 
79 
95 
66 
10 
5 
37 
32 
14 
23 
25 
13 
2 
15 
7 
16 
40 
48 
0 
26 
38 
53 
16 
25 
34 
64 
97 
66 
58 
34 
69 
61 
34 
39 
16 
0 
31 
32 
0 
1 
37 
16 
16 
41 
5 
32 
1 
18 
7 
1 
15 
20 
5 
15 
17 
10 
40 
33 
106 
71 
48 
16 
39 
23 
16 
25 
18 
15 
24 
45 
45 
48 
56 
47 
47 
39 
45 
45 
40 
32 
39 
70 
72 
35 
2 
23 
25 
34 
55 
72 
65 
50 
58 
42 
15 
8 
15 
6 
21 
32 
15 
22 
5 
3 
29 
27 
21 
25 
31 
33 
71 
64 
65 
50 
42 
34 
10 
30 
53 
18 
26 
38 
24 
22 
28 
13 
7 
41 
98 
74 
26 
6 
5 
48 
40 
24 
15 
31 
30 
13 
8 
9 
18 
8 
1 
18 
24 
33 
10 
16 
8 
9 
26 
39 
0 
23 
22 
18 
42 
55 
71 
39 
31 
15 
0 
8 
8 
6 
29 
45 
56 
47 
14 
15 
20 
34 
76 
106 
63 
16 
45 
33 
34 
26 
61 
144 
143 
134 
11 
63 
97 
135 
144 
144 
96 
15 
5 
13 
21 
13 
24 
35 
45 
32 
22 
5 
15 
16 
33 
42 
58 
31 
56 
32 
5 
10 
1 
2 
10 
5 
16 
32 
3 
2 
7 
12 
18 
4 
29 
22 
12 
31 
56 
85 
53 
40 
15 
31 
23 
39 
48 
16 
18 
22 
2 
8 
31 
22 
0 
16 
9 
13 
0 
16 
1 
29 
16 
36 
58 
60 
2 
8 
32 
33 
10 
7 
4 
2 
16 
27 
29 
11 
26 
7 
14 
11 
34 
88 
85 
61 
80 
71 
78 
32 
7 
17 
22 
45 
64 
43 
21 
11 
45 
43 
5 
20 
55 
33 
5 
11 
2 
15 
17 
21 
36 
66 
64 
17 
13 
15 
6 
45 
23 
49 
87 
76 
26 
0 
0 
9 
18 
16 
38 
21 
3 
7 
28 
26 
48 
41 
15 
25 
50 
23 
23 
110 
37 
8 
1 
15 
41 
42 
56 
97 
90 
58 
46 
21 
5 
6 
45 
40 
15 
22 
45 
40 
14 
0 
25 
47 
72 
57 
42 
39 
15 
7 
0 
8 
39 
63 
24 
95 
147 
13 
44 
50 
48 
25 
10 
8 
6 
0 
32 
73 
66 
34 
5 
5 
2 
2 
10 
7 
7 
32 
32 
13 
1 
2 
10 
10 
5 
8 
32 
35 
37 
24 
15 
1 
47 
80 
77 
49 
34 
42 
18 
10 
5 
5 
16 
24 
15 
14 
5 
7 
17 
34 
24 
17 
10 
23 
0 
2 
25 
10 
29 
47 
54 
19 
10 
40 
57 
50 
79 
111 
87 
55 
18 
14 
5 
26 
42 
58 
78 
61 
8 
9 
7 
1 
63 
80 
49 
42 
23 
7 
8 
7 
23 
14 
5 
0 
7 
22 
18 
48 
33 
55 
56 
72 
64 
31 
17 
2 
16 
0 
0 
7 
7 
0 
2 
22 
21 
16 
17 
18 
23 
32 
0 
9 
10 
15 
23 
16 
13 
1 
2 
2 
16 
7 
24 
57 
50 
39 
39 
31 
32 
0 
23 
23 
15 
18 
22 
37 
8 
12 
18 
24 
33 
47 
40 
25 
18 
18 
2 
10 
18 
26 
7 
15 
8 
8 
14 
5 
7 
24 
40 
41 
18 
18 
18 
5 
29 
40 
32 
7 
14 
7 
20 
18 
23 
49 
58 
50 
47 
56 
37 
29 
21 
13 
39 
47 
18 
22 
21 
0 
1 
2 
32 
57 
42 
42 
34 
31 
15 
23 
7 
39 
86 
72 
3 
26 
40 
33 
58 
79 
80 
80 
56 
32 
32 
72 
77 
21 
8 
7 
0 
1 
13 
8 
33 
39 
25 
26 
23 
32 
24 
37 
24 
16 
7 
15 
7 
14 
5 
7 
28 
18 
47 
72 
29 
5 
2 
2 
2 
10 
10 
22 
21 
8 
4 
10 
23 
40 
49 
34 
34 
26 
23 
24 
24 
5 
9 
13 
13 
21 
0 
7 
40 
21 
9 
2 
8 
7 
17 
26 
39 
32 
29 
6 
21 
32 
8 
25 
10 
0 
0 
14 
16 
33 
5 
23 
40 
25 
26 
15 
8 
6 
29 
23 
22 
23 
52 
50 
63 
64 
57 
34 
42 
0 
0 
7 
14 
29 
32 
16 
7 
8 
1 
18 
23 
40 
49 
34 
8 
8 
55 
32 
23 
5 
33 
18 
8 
7 
14 
13 
0 
19 
5 
0 
4 
5 
0 
1 
0 
6 
4 
5 
4 
3 
10 
1 
12 
11 
50 
68 
58 
36 
10 
12 
2 
11 
13 
11 
13 
4 
16 
14 
14 
4 
35 
51 
50 
36 
47 
49 
39 
36 
13 
16 
14 
12 
45 
27 
3 
10 
25 
47 
41 
39 
41 
32 
9 
7 
6 
7 
6 
8 
6 
15 
33 
31 
17 
5 
11 
2 
36 
34 
24 
17 
0 
9 
10 
3 
5 
0 
22 
8 
1 
35 
50 
44 
50 
15 
9 
23 
20 
10 
0 
14 
24 
30 
24 
22 
4 
26 
17 
51 
50 
55 
49 
23 
7 
22 
7 
17 
0 
9 
21 
3 
5 
11 
13 
6 
11 
58 
68 
50 
24 
1 
2 
4 
10 
7 
21 
17 
2 
7 
36 
34 
50 
55 
48 
9 
2 
7 
3 
13 
24 
19 
13 
24 
38 
48 
3 
10 
28 
47 
73 
58 
64 
49 
34 
0 
15 
14 
2 
8 
14 
21 
8 
1 
0 
20 
26 
60 
42 
40 
25 
18 
0 
11 
2 
23 
23 
24 
24 
17 
5 
2 
24 
25 
15 
8 
25 
23 
0 
0 
5 
1 
2 
16 
15 
22 
5 
24 
33 
47 
32 
57 
63 
40 
16 
26 
30 
21 
24 
24 
11 
13 
0 
6 
15 
17 
35 
42 
40 
25 
15 
8 
17 
0 
15 
14 
0 
12 
13 
12 
34 
60 
50 
47 
64 
29 
37 
45 
13 
18 
22 
29 
32 
23 
30 
40 
22 
12 
26 
52 
50 
63 
57 
34 
7 
15 
16 
17 
10 
2 
24 
15 
6 
7 
4 
5 
20 
10 
28 
10 
15 
37 
53 
45 
21 
5 
13 
13 
9 
13 
5 
16 
20 
2 
0 
6 
0 
17 
7 
6 
2 
28 
42 
31 
32 
25 
10 
26 
23 
24 
13 
17 
10 
2 
0 
7 
15 
7 
1 
18 
15 
23 
31 
23 
24 
24 
45 
45 
21 
5 
13 
6 
26 
26 
2 
2 
21 
37 
56 
56 
23 
17 
42 
40 
25 
34 
31 
40 
40 
21 
1 
5 
16 
15 
38 
24 
4 
18 
31 
56 
25 
42 
39 
24 
13 
1 
5 
0 
0 
8 
14 
5 
23 
32 
21 
45 
37 
45 
29 
29 
21 
13 
16 
0 
23 
15 
15 
15 
15 
30 
45 
3 
2 
4 
5 
36 
42 
55 
32 
33 
10 
0 
16 
8 
17 
10 
0 
16 
25 
18 
7 
25 
34 
23 
8 
6 
2 
0 
3 
13 
8 
4 
5 
7 
1 
0 
17 
31 
33 
26 
24 
1 
7 
48 
33 
7 
7 
22 
21 
27 
21 
20 
42 
32 
49 
50 
32 
25 
18 
18 
7 
7 
1 
13 
15 
30 
8 
17 
26 
48 
49 
34 
55 
64 
48 
16 
7 
26 
30 
21 
16 
3 
2 
0 
3 
5 
15 
33 
42 
47 
32 
17 
10 
7 
0 
6 
21 
8 
6 
13 
4 
10 
31 
33 
42 
39 
24 
41 
42 
34 
7 
0 
7 
8 
7 
39 
14 
15 
25 
26 
24 
25 
18 
7 
8 
1 
2 
7 
8 
9 
29 
24 
12 
26 
16 
9 
15 
33 
18 
8 
9 
10 
16 
17 
18 
10 
0 
8 
1 
10 
24 
49 
50 
39 
39 
23 
8 
0 
22 
21 
15 
6 
2 
8 
7 
0 
9 
26 
31 
33 
34 
31 
40 
21 
5 
1 
13 
16 
6 
13 
24 
27 
21 
0 
36 
50 
63 
103 
96 
55 
31 
7 
0 
15 
15 
10 
30 
29 
40 
31 
30 
15 
48 
41 
39 
16 
17 
26 
23 
16 
24 
13 
9 
5 
32 
23 
14 
10 
12 
18 
23 
33 
42 
42 
26 
23 
23 
23 
7 
7 
23 
30 
13 
0 
20 
10 
23 
28 
18 
15 
9 
18 
23 
8 
17 
2 
5 
7 
8 
1 
10 
15 
16 
17 
26 
15 
32 
25 
10 
7 
16 
3 
5 
24 
38 
48 
14 
20 
18 
40 
57 
106 
87 
50 
26 
18 
14 
21 
9 
13 
45 
32 
15 
6 
5 
0 
25 
42 
32 
17 
2 
7 
24 
17 
5 
0 
0 
6 
29 
40 
22 
23 
41 
39 
49 
26 
32 
25 
34 
23 
24 
16 
5 
1 
5 
24 
15 
17 
26 
23 
32 
33 
34 
15 
16 
8 
2 
6 
5 
16 
16 
3 
2 
8 
14 
8 
1 
12 
18 
36 
42 
40 
45 
41 
34 
10 
10 
18 
8 
8 
16 
37 
53 
53 
45 
32 
32 
24 
0 
7 
39 
38 
37 
48 
23 
6 
13 
23 
25 
34 
32 
57 
50 
42 
23 
0 
15 
6 
37 
27 
45 
27 
29 
19 
15 
49 
71 
112 
128 
104 
64 
47 
30 
13 
7 
24 
32 
48 
48 
39 
30 
13 
7 
1 
8 
12 
26 
47 
52 
34 
42 
47 
40 
8 
15 
15 
7 
2 
1 
2 
0 
24 
25 
18 
7 
1 
10 
7 
8 
1 
21 
8 
16 
40 
45 
69 
53 
45 
21 
2 
6 
5 
5 
24 
6 
10 
8 
30 
29 
4 
5 
15 
57 
58 
47 
31 
23 
15 
16 
8 
0 
22 
37 
48 
30 
16 
6 
47 
121 
106 
71 
58 
34 
2 
13 
16 
32 
23 
18 
1 
5 
10 
18 
42 
39 
23 
23 
31 
24 
8 
23 
2 
9 
5 
16 
24 
19 
21 
24 
4 
5 
12 
50 
56 
57 
26 
15 
16 
53 
49 
18 
2 
16 
31 
38 
45 
24 
1 
20 
34 
52 
58 
87 
80 
39 
23 
26 
22 
2 
18 
31 
26 
22 
2 
15 
8 
1 
10 
0 
8 
1 
2 
8 
33 
18 
23 
7 
23 
38 
24 
14 
0 
17 
47 
41 
34 
31 
32 
25 
10 
7 
1 
21 
24 
30 
24 
3 
18 
32 
41 
31 
44 
34 
0 
25 
23 
32 
25 
18 
0 
0 
7 
0 
9 
2 
0 
24 
25 
15 
24 
17 
10 
31 
23 
8 
6 
21 
24 
19 
21 
3 
2 
36 
50 
47 
32 
25 
18 
0 
14 
8 
22 
16 
12 
10 
15 
32 
64 
69 
33 
34 
55 
55 
40 
24 
16 
8 
8 
0 
31 
87 
78 
21 
8 
1 
2 
20 
34 
31 
17 
10 
0 
17 
10 
7 
9 
5 
19 
28 
37 
22 
4 
35 
42 
49 
63 
72 
65 
42 
42 
39 
31 
15 
2 
13 
8 
16 
15 
22 
16 
30 
7 
17 
23 
25 
42 
55 
47 
23 
16 
39 
31 
14 
16 
4 
21 
8 
41 
47 
65 
50 
31 
7 
0 
14 
37 
40 
14 
4 
5 
11 
10 
33 
7 
17 
27 
10 
36 
26 
31 
33 
18 
42 
39 
31 
7 
16 
24 
25 
13 
8 
12 
26 
7 
8 
14 
21 
15 
30 
24 
9 
15 
9 
15 
1 
19 
2 
16 
25 
39 
24 
25 
0 
27 
37 
4 
18 
44 
50 
50 
63 
63 
63 
47 
31 
15 
0 
7 
7 
18 
30 
21 
16 
27 
29 
27 
29 
19 
20 
2 
12 
55 
73 
79 
64 
40 
25 
18 
7 
0 
14 
8 
1 
21 
19 
21 
16 
49 
55 
56 
41 
34 
42 
23 
0 
0 
0 
10 
14 
10 
7 
3 
18 
39 
25 
10 
23 
30 
5 
15 
7 
15 
32 
65 
66 
74 
39 
24 
39 
30 
27 
45 
38 
35 
27 
32 
1 
39 
69 
69 
85 
80 
80 
71 
86 
104 
95 
78 
24 
8 
37 
33 
34 
39 
47 
56 
48 
32 
23 
31 
22 
8 
20 
2 
4 
10 
32 
17 
12 
29 
11 
12 
21 
22 
11 
15 
1 
31 
88 
101 
157 
189 
171 
125 
75 
21 
25 
87 
104 
77 
77 
69 
48 
3 
29 
19 
29 
19 
10 
1 
11 
5 
11 
12 
28 
41 
36 
28 
3 
2 
4 
7 
17 
31 
33 
31 
40 
40 
29 
21 
24 
16 
23 
22 
29 
16 
3 
2 
0 
6 
0 
9 
28 
5 
14 
4 
6 
10 
9 
25 
25 
25 
12 
4 
3 
21 
17 
60 
71 
65 
34 
47 
41 
18 
15 
8 
21 
1 
21 
40 
38 
8 
33 
39 
33 
31 
40 
25 
42 
32 
13 
9 
26 
16 
31 
1 
26 
15 
0 
6 
50 
47 
39 
16 
29 
53 
45 
37 
13 
5 
32 
48 
40 
0 
13 
70 
61 
0 
23 
14 
29 
56 
43 
37 
14 
4 
21 
14 
28 
18 
9 
42 
40 
53 
53 
18 
70 
77 
48 
9 
2 
77 
80 
54 
43 
44 
36 
17 
21 
46 
35 
27 
36 
13 
17 
20 
27 
18 
17 
36 
50 
47 
80 
85 
13 
70 
109 
131 
100 
92 
84 
84 
67 
42 
20 
11 
29 
30 
11 
19 
19 
11 
3 
9 
9 
21 
14 
46 
62 
62 
30 
17 
41 
65 
84 
95 
105 
58 
16 
59 
92 
113 
148 
111 
65 
82 
96 
65 
23 
14 
20 
37 
110 
42 
22 
3 
11 
3 
11 
38 
38 
22 
1 
25 
52 
43 
27 
26 
1 
22 
6 
17 
37 
46 
54 
42 
25 
60 
18 
36 
42 
47 
63 
64 
48 
48 
120 
80 
55 
23 
2 
29 
37 
45 
72 
63 
62 
56 
54 
44 
49 
49 
25 
14 
27 
34 
49 
84 
114 
104 
9 
45 
16 
25 
50 
47 
56 
40 
32 
45 
9 
2 
7 
24 
17 
2 
18 
18 
15 
0 
0 
6 
5 
16 
39 
6 
5 
0 
4 
10 
20 
10 
4 
12 
28 
41 
5 
17 
36 
10 
7 
39 
24 
104 
117 
85 
81 
42 
0 
15 
23 
31 
0 
31 
22 
37 
26 
26 
34 
42 
34 
54 
61 
72 
35 
37 
35 
36 
37 
6 
60 
28 
11 
42 
33 
31 
17 
8 
23 
18 
22 
45 
32 
7 
62 
16 
1 
24 
30 
8 
1 
13 
19 
5 
24 
16 
1 
29 
8 
22 
21 
19 
37 
27 
16 
17 
39 
49 
39 
7 
14 
13 
40 
79 
38 
21 
32 
7 
40 
33 
26 
0 
0 
2 
1 
18 
82 
70 
5 
63 
79 
103 
102 
109 
91 
28 
13 
3 
10 
11 
2 
12 
34 
56 
57 
34 
6 
10 
39 
16 
13 
13 
26 
42 
13 
18 
10 
10 
15 
5 
9 
34 
39 
55 
71 
71 
95 
71 
62 
48 
30 
35 
18 
4 
42 
47 
40 
72 
56 
9 
26 
24 
1 
5 
16 
16 
7 
17 
58 
71 
48 
16 
0 
21 
13 
16 
8 
6 
10 
12 
21 
16 
45 
69 
93 
107 
117 
134 
106 
33 
5 
9 
8 
22 
52 
29 
9 
43 
50 
52 
42 
4 
37 
35 
7 
49 
16 
6 
0 
15 
38 
69 
47 
30 
35 
53 
30 
11 
20 
34 
4 
39 
57 
82 
47 
32 
23 
40 
24 
16 
0 
7 
15 
26 
18 
1 
10 
10 
10 
18 
15 
55 
74 
58 
50 
10 
2 
2 
10 
30 
32 
27 
21 
11 
5 
0 
8 
13 
13 
5 
18 
30 
45 
56 
54 
21 
24 
53 
61 
45 
32 
16 
7 
15 
15 
15 
47 
74 
86 
85 
67 
61 
62 
35 
20 
5 
1 
15 
33 
55 
48 
40 
40 
48 
0 
23 
7 
62 
53 
35 
37 
19 
5 
25 
55 
64 
77 
85 
101 
109 
104 
87 
62 
21 
8 
49 
42 
7 
16 
17 
34 
23 
32 
56 
35 
29 
11 
15 
41 
63 
63 
95 
67 
26 
8 
54 
45 
0 
32 
79 
86 
35 
29 
11 
21 
32 
109 
141 
141 
107 
109 
46 
12 
21 
48 
77 
93 
72 
39 
22 
2 
0 
3 
21 
8 
25 
42 
34 
39 
58 
54 
37 
32 
15 
50 
10 
10 
23 
40 
24 
15 
0 
23 
29 
29 
24 
56 
143 
54 
8 
25 
66 
79 
87 
95 
74 
62 
69 
45 
32 
7 
1 
18 
39 
47 
39 
54 
69 
52 
29 
30 
28 
42 
17 
23 
24 
25 
34 
31 
32 
29 
37 
25 
26 
2 
16 
9 
39 
65 
74 
86 
53 
23 
30 
24 
14 
29 
23 
1 
42 
39 
47 
18 
22 
13 
0 
9 
5 
16 
19 
29 
32 
30 
32 
78 
59 
27 
1 
41 
92 
119 
141 
141 
109 
96 
63 
38 
8 
7 
24 
24 
37 
61 
64 
43 
29 
12 
10 
47 
33 
10 
15 
21 
25 
18 
26 
26 
10 
2 
13 
23 
87 
79 
63 
62 
45 
0 
7 
48 
48 
7 
15 
23 
39 
46 
53 
16 
25 
42 
48 
17 
23 
24 
9 
18 
15 
16 
9 
26 
39 
7 
0 
8 
7 
10 
1 
23 
1 
20 
49 
77 
38 
6 
1 
12 
18 
28 
42 
55 
72 
88 
120 
144 
131 
117 
59 
13 
15 
40 
45 
41 
34 
31 
32 
21 
6 
2 
32 
56 
55 
42 
30 
13 
2 
7 
23 
15 
31 
15 
34 
50 
70 
45 
35 
28 
5 
17 
28 
19 
26 
64 
77 
65 
50 
26 
0 
0 
1 
10 
15 
16 
40 
56 
37 
37 
37 
45 
29 
5 
22 
53 
72 
43 
37 
23 
30 
16 
14 
8 
1 
12 
43 
42 
41 
39 
25 
26 
55 
56 
72 
64 
78 
85 
43 
40 
38 
61 
43 
21 
8 
25 
50 
47 
40 
53 
73 
26 
14 
37 
37 
47 
30 
3 
18 
36 
34 
23 
33 
34 
23 
24 
24 
6 
32 
54 
51 
36 
4 
42 
68 
82 
87 
80 
64 
37 
9 
29 
43 
56 
62 
51 
45 
30 
3 
31 
65 
103 
144 
144 
142 
140 
129 
105 
73 
25 
22 
42 
76 
122 
143 
150 
132 
89 
45 
22 
1 
19 
42 
55 
65 
58 
74 
74 
34 
10 
2 
18 
15 
0 
6 
0 
9 
10 
7 
6 
2 
7 
32 
37 
25 
2 
2 
26 
10 
26 
34 
34 
7 
3 
37 
54 
24 
6 
0 
4 
5 
15 
24 
33 
50 
50 
47 
55 
63 
66 
46 
45 
37 
24 
0 
9 
26 
23 
39 
63 
70 
69 
59 
44 
28 
17 
14 
42 
57 
71 
77 
109 
117 
96 
70 
45 
23 
1 
22 
21 
29 
37 
16 
0 
6 
5 
31 
55 
46 
21 
7 
15 
23 
15 
15 
14 
13 
19 
16 
9 
39 
57 
78 
77 
61 
48 
30 
45 
31 
6 
10 
26 
15 
26 
22 
5 
7 
7 
0 
14 
21 
40 
43 
45 
43 
29 
1 
23 
33 
47 
49 
58 
55 
33 
34 
