15 
7 
0 
8 
15 
15 
1 
5 
16 
15 
15 
9 
39 
64 
53 
41 
26 
66 
31 
34 
26 
17 
18 
50 
58 
74 
54 
5 
16 
49 
47 
92 
74 
50 
31 
0 
7 
31 
24 
0 
15 
55 
39 
31 
6 
18 
0 
33 
50 
55 
40 
29 
9 
5 
16 
8 
0 
1 
10 
0 
8 
17 
5 
0 
24 
33 
42 
47 
32 
8 
5 
10 
6 
2 
2 
16 
32 
22 
29 
4 
34 
32 
65 
74 
63 
48 
32 
24 
8 
8 
8 
24 
16 
16 
8 
7 
1 
26 
7 
9 
2 
7 
6 
5 
8 
10 
1 
18 
7 
8 
1 
7 
17 
47 
41 
10 
8 
25 
34 
15 
16 
16 
45 
33 
21 
2 
15 
24 
8 
2 
22 
5 
7 
16 
25 
2 
26 
31 
0 
6 
13 
23 
0 
9 
10 
32 
16 
57 
106 
63 
31 
7 
7 
31 
15 
0 
5 
2 
14 
5 
0 
8 
17 
26 
31 
17 
10 
24 
9 
10 
23 
16 
8 
7 
14 
21 
16 
14 
10 
44 
42 
23 
16 
1 
74 
79 
16 
63 
47 
25 
13 
16 
3 
2 
15 
9 
31 
56 
48 
45 
37 
29 
17 
10 
8 
27 
53 
56 
62 
40 
30 
19 
58 
36 
39 
41 
31 
33 
18 
16 
25 
34 
24 
6 
21 
56 
22 
2 
28 
26 
56 
49 
39 
36 
10 
7 
16 
6 
40 
27 
45 
0 
9 
11 
18 
36 
42 
44 
34 
16 
9 
7 
36 
18 
15 
7 
62 
24 
38 
7 
17 
36 
74 
100 
66 
39 
24 
6 
13 
24 
40 
15 
1 
16 
15 
1 
23 
17 
23 
17 
15 
33 
31 
41 
42 
39 
24 
16 
2 
6 
2 
2 
8 
11 
13 
0 
9 
31 
49 
50 
47 
40 
17 
13 
40 
40 
3 
2 
0 
7 
6 
0 
25 
39 
41 
42 
63 
40 
24 
9 
5 
2 
15 
7 
7 
23 
22 
18 
16 
25 
26 
7 
8 
9 
2 
15 
1 
18 
23 
24 
33 
10 
10 
0 
7 
20 
18 
31 
28 
10 
0 
8 
25 
10 
18 
15 
16 
8 
22 
29 
16 
6 
18 
32 
33 
39 
32 
29 
25 
10 
10 
10 
15 
0 
16 
23 
11 
45 
15 
49 
26 
40 
33 
26 
16 
1 
21 
8 
8 
1 
10 
16 
3 
2 
7 
9 
23 
41 
55 
48 
25 
10 
23 
16 
1 
13 
29 
8 
15 
14 
5 
16 
25 
39 
40 
25 
23 
24 
8 
1 
5 
0 
8 
1 
13 
15 
6 
18 
16 
17 
23 
25 
26 
12 
2 
7 
24 
33 
26 
15 
8 
8 
1 
7 
0 
22 
23 
56 
45 
33 
5 
15 
23 
8 
0 
18 
22 
32 
7 
9 
7 
12 
10 
24 
17 
23 
32 
41 
26 
7 
0 
1 
2 
0 
0 
22 
21 
8 
9 
26 
32 
33 
31 
28 
18 
0 
0 
1 
10 
8 
14 
5 
8 
6 
10 
20 
26 
52 
42 
31 
25 
26 
31 
7 
0 
14 
13 
8 
7 
14 
5 
0 
25 
23 
25 
39 
52 
34 
7 
12 
5 
7 
8 
6 
8 
15 
6 
16 
30 
8 
25 
47 
41 
23 
36 
34 
31 
24 
33 
2 
24 
7 
14 
8 
6 
0 
9 
39 
41 
42 
39 
56 
40 
24 
8 
0 
7 
22 
21 
24 
11 
2 
8 
25 
23 
20 
18 
31 
40 
17 
26 
23 
24 
0 
14 
29 
21 
0 
12 
10 
7 
48 
65 
42 
15 
7 
0 
6 
13 
16 
23 
22 
24 
6 
23 
56 
65 
66 
55 
31 
31 
40 
16 
7 
15 
18 
18 
14 
5 
15 
0 
8 
25 
26 
23 
7 
24 
41 
26 
10 
0 
0 
16 
23 
15 
22 
16 
4 
18 
24 
25 
31 
17 
23 
12 
2 
0 
7 
14 
10 
23 
8 
1 
8 
12 
18 
44 
74 
63 
55 
40 
24 
16 
8 
7 
7 
18 
22 
21 
24 
1 
2 
23 
25 
34 
31 
24 
33 
34 
26 
10 
2 
2 
5 
16 
24 
15 
1 
10 
20 
26 
15 
33 
18 
23 
24 
2 
6 
29 
8 
7 
1 
10 
7 
9 
18 
20 
42 
39 
17 
10 
0 
9 
18 
18 
15 
23 
23 
7 
7 
0 
8 
33 
26 
23 
8 
1 
2 
8 
3 
13 
24 
7 
14 
2 
0 
17 
26 
31 
49 
42 
31 
40 
33 
10 
0 
0 
0 
9 
5 
24 
15 
14 
16 
9 
7 
17 
42 
48 
25 
23 
8 
17 
2 
0 
14 
10 
8 
7 
6 
0 
20 
34 
23 
33 
26 
24 
25 
18 
15 
0 
0 
9 
13 
16 
11 
5 
15 
25 
34 
47 
48 
53 
29 
9 
2 
5 
8 
15 
30 
40 
11 
13 
4 
26 
36 
58 
55 
48 
45 
25 
10 
15 
7 
8 
23 
22 
29 
32 
30 
11 
2 
25 
63 
77 
81 
58 
42 
26 
15 
0 
8 
23 
46 
45 
47 
14 
15 
17 
23 
33 
34 
48 
49 
34 
10 
7 
15 
0 
14 
29 
16 
3 
13 
0 
17 
39 
65 
58 
47 
24 
16 
37 
17 
10 
13 
24 
16 
15 
22 
13 
8 
33 
31 
24 
17 
18 
16 
9 
10 
0 
7 
1 
13 
8 
6 
2 
16 
25 
47 
25 
34 
32 
9 
15 
8 
21 
37 
33 
2 
13 
21 
16 
6 
10 
15 
41 
42 
39 
31 
24 
8 
25 
5 
8 
23 
30 
21 
16 
6 
8 
28 
34 
44 
42 
39 
32 
33 
18 
7 
8 
0 
6 
13 
16 
3 
21 
12 
18 
28 
26 
32 
41 
31 
32 
32 
45 
45 
29 
13 
0 
15 
0 
1 
5 
0 
8 
25 
26 
7 
0 
5 
25 
10 
8 
23 
15 
14 
16 
15 
6 
7 
33 
31 
41 
34 
32 
17 
10 
7 
8 
1 
2 
8 
3 
13 
8 
9 
23 
36 
34 
20 
26 
31 
24 
21 
21 
9 
2 
5 
0 
8 
8 
1 
0 
24 
25 
39 
40 
29 
13 
17 
18 
2 
5 
24 
32 
23 
14 
0 
16 
9 
23 
44 
34 
7 
24 
17 
10 
8 
15 
6 
10 
0 
0 
14 
2 
20 
10 
15 
17 
31 
41 
26 
15 
9 
2 
7 
0 
6 
13 
0 
6 
0 
12 
18 
32 
49 
39 
32 
9 
2 
31 
24 
1 
21 
32 
7 
1 
2 
8 
17 
42 
32 
41 
50 
47 
47 
24 
0 
7 
0 
0 
0 
22 
29 
24 
4 
2 
16 
41 
58 
47 
40 
32 
16 
2 
5 
1 
5 
21 
8 
8 
0 
9 
26 
23 
32 
25 
18 
23 
8 
13 
21 
13 
13 
5 
5 
9 
2 
10 
15 
31 
32 
37 
17 
2 
2 
16 
23 
30 
29 
16 
16 
25 
34 
50 
62 
77 
61 
61 
48 
48 
23 
5 
9 
2 
18 
15 
15 
39 
39 
31 
22 
5 
7 
16 
45 
49 
34 
23 
7 
15 
7 
0 
0 
7 
6 
5 
7 
24 
40 
56 
53 
37 
37 
29 
21 
5 
0 
18 
30 
29 
29 
31 
38 
24 
12 
26 
31 
48 
57 
50 
47 
39 
23 
15 
8 
0 
0 
0 
7 
2 
6 
2 
7 
24 
33 
34 
23 
0 
0 
2 
14 
13 
16 
8 
16 
21 
25 
18 
15 
40 
64 
53 
29 
13 
5 
1 
5 
2 
5 
0 
0 
15 
7 
18 
1 
18 
15 
32 
25 
34 
23 
8 
8 
1 
5 
13 
31 
38 
40 
30 
4 
2 
25 
63 
80 
65 
58 
39 
24 
5 
6 
13 
16 
11 
5 
10 
31 
40 
40 
41 
42 
34 
23 
15 
0 
10 
6 
21 
13 
0 
15 
10 
14 
10 
24 
33 
34 
23 
32 
33 
18 
15 
8 
0 
13 
21 
1 
21 
13 
16 
11 
2 
7 
17 
47 
44 
26 
15 
32 
48 
21 
5 
6 
13 
8 
16 
8 
9 
10 
23 
33 
34 
39 
16 
24 
5 
9 
13 
2 
0 
16 
15 
22 
13 
4 
2 
12 
10 
24 
49 
42 
23 
24 
9 
10 
7 
8 
6 
13 
15 
24 
25 
2 
24 
25 
23 
28 
2 
8 
30 
37 
35 
32 
38 
19 
20 
17 
5 
6 
25 
41 
60 
55 
73 
80 
73 
66 
23 
15 
8 
6 
13 
16 
14 
18 
32 
45 
41 
58 
58 
42 
26 
18 
13 
5 
13 
21 
29 
24 
8 
6 
5 
4 
5 
0 
1 
7 
1 
31 
25 
26 
31 
32 
16 
24 
16 
25 
10 
15 
40 
41 
34 
26 
15 
15 
8 
0 
15 
7 
2 
14 
37 
24 
4 
26 
23 
32 
25 
50 
47 
31 
15 
15 
14 
29 
43 
61 
67 
76 
36 
6 
34 
73 
111 
120 
128 
120 
95 
78 
48 
15 
9 
26 
58 
58 
46 
53 
32 
0 
9 
31 
47 
48 
40 
32 
16 
16 
7 
0 
16 
16 
0 
8 
7 
34 
50 
50 
46 
37 
21 
0 
15 
31 
15 
26 
30 
45 
56 
19 
5 
31 
56 
61 
65 
66 
58 
26 
10 
18 
26 
2 
29 
29 
37 
48 
47 
38 
8 
12 
34 
36 
34 
32 
25 
7 
22 
44 
53 
38 
4 
7 
25 
31 
56 
89 
106 
106 
102 
109 
72 
30 
29 
12 
18 
15 
24 
40 
61 
61 
29 
8 
23 
31 
31 
31 
7 
7 
0 
8 
7 
18 
30 
37 
40 
38 
16 
6 
28 
50 
63 
65 
50 
39 
40 
64 
32 
16 
8 
8 
2 
18 
22 
37 
48 
46 
19 
8 
9 
28 
42 
47 
56 
33 
42 
42 
34 
26 
6 
6 
2 
2 
23 
24 
53 
53 
21 
6 
5 
2 
10 
10 
10 
5 
37 
37 
37 
35 
37 
19 
11 
2 
6 
3 
10 
9 
39 
65 
74 
63 
63 
39 
42 
30 
45 
45 
13 
6 
5 
32 
54 
56 
62 
43 
29 
22 
20 
29 
38 
4 
34 
49 
68 
74 
73 
47 
25 
15 
1 
23 
57 
58 
34 
26 
30 
45 
53 
39 
47 
46 
29 
24 
0 
7 
32 
31 
31 
42 
38 
45 
21 
24 
15 
30 
0 
20 
7 
9 
20 
2 
9 
20 
2 
12 
23 
44 
18 
7 
9 
18 
55 
71 
64 
32 
33 
26 
0 
3 
13 
24 
14 
8 
0 
6 
13 
10 
15 
24 
14 
20 
13 
1 
12 
27 
42 
39 
40 
41 
34 
46 
69 
69 
48 
35 
45 
56 
39 
38 
5 
7 
55 
118 
148 
180 
156 
82 
17 
34 
52 
66 
104 
128 
149 
152 
144 
135 
70 
5 
23 
23 
31 
55 
47 
46 
61 
56 
32 
16 
29 
61 
85 
85 
77 
40 
24 
8 
15 
31 
46 
21 
8 
7 
23 
22 
21 
23 
48 
57 
50 
39 
40 
32 
8 
16 
8 
16 
8 
8 
32 
16 
16 
0 
17 
26 
39 
24 
9 
16 
30 
32 
22 
24 
30 
36 
37 
11 
18 
33 
66 
84 
106 
98 
71 
55 
66 
62 
37 
24 
0 
21 
29 
33 
22 
69 
69 
67 
60 
13 
41 
72 
73 
58 
66 
70 
77 
72 
78 
40 
9 
34 
42 
26 
22 
2 
15 
7 
7 
7 
7 
0 
8 
8 
23 
15 
7 
0 
0 
8 
16 
16 
33 
39 
24 
1 
13 
24 
30 
24 
19 
29 
3 
16 
22 
3 
18 
49 
79 
92 
74 
63 
47 
16 
9 
10 
34 
23 
18 
29 
53 
59 
29 
4 
26 
48 
49 
58 
39 
23 
15 
31 
47 
39 
23 
0 
17 
18 
18 
6 
5 
24 
38 
43 
36 
21 
1 
47 
80 
80 
88 
86 
77 
43 
29 
15 
14 
21 
5 
5 
2 
26 
14 
37 
21 
32 
31 
15 
14 
21 
24 
31 
22 
12 
13 
14 
3 
12 
3 
2 
1 
20 
55 
73 
98 
98 
78 
69 
48 
39 
34 
34 
34 
18 
2 
9 
18 
2 
0 
7 
32 
39 
47 
70 
69 
35 
21 
3 
2 
33 
47 
73 
98 
86 
93 
72 
54 
45 
39 
1 
18 
7 
7 
8 
16 
8 
7 
23 
15 
0 
0 
15 
47 
59 
69 
67 
68 
45 
22 
19 
20 
47 
73 
104 
97 
71 
79 
80 
80 
47 
46 
8 
8 
24 
24 
32 
15 
14 
10 
23 
48 
40 
40 
39 
23 
9 
10 
2 
7 
15 
31 
31 
38 
32 
11 
2 
44 
58 
55 
64 
48 
39 
23 
0 
24 
59 
85 
78 
35 
4 
26 
72 
89 
90 
90 
86 
69 
53 
40 
0 
21 
53 
61 
72 
78 
68 
45 
38 
14 
4 
60 
82 
111 
119 
95 
54 
45 
32 
18 
1 
10 
18 
22 
5 
2 
15 
8 
16 
29 
13 
5 
1 
13 
21 
32 
32 
7 
1 
10 
23 
32 
40 
69 
69 
61 
45 
24 
8 
15 
31 
55 
46 
21 
16 
11 
21 
15 
44 
26 
15 
1 
12 
18 
20 
26 
8 
9 
10 
8 
7 
14 
7 
41 
34 
56 
61 
57 
74 
62 
69 
53 
48 
30 
10 
32 
33 
42 
39 
39 
30 
37 
11 
10 
23 
17 
26 
23 
40 
32 
5 
14 
13 
8 
7 
6 
21 
19 
0 
17 
36 
42 
56 
61 
45 
21 
17 
10 
2 
5 
8 
7 
0 
9 
2 
15 
12 
5 
4 
2 
11 
0 
32 
53 
61 
72 
67 
69 
43 
29 
16 
7 
16 
16 
15 
22 
37 
48 
22 
13 
0 
0 
2 
1 
2 
0 
8 
25 
26 
32 
41 
39 
47 
48 
48 
40 
32 
16 
7 
0 
21 
37 
32 
24 
7 
6 
0 
9 
15 
1 
5 
4 
5 
3 
13 
14 
16 
6 
7 
9 
26 
44 
74 
95 
104 
96 
56 
39 
30 
21 
5 
15 
24 
40 
64 
71 
78 
36 
18 
44 
42 
47 
48 
45 
53 
53 
53 
32 
0 
39 
62 
64 
46 
8 
17 
31 
40 
53 
57 
50 
50 
34 
30 
45 
21 
0 
0 
25 
42 
38 
21 
11 
5 
8 
25 
7 
8 
16 
25 
18 
7 
0 
9 
2 
5 
0 
16 
37 
57 
66 
47 
23 
15 
16 
0 
38 
77 
59 
53 
54 
43 
32 
1 
52 
74 
112 
120 
128 
111 
86 
69 
35 
45 
40 
7 
41 
66 
70 
85 
88 
78 
56 
14 
3 
5 
27 
19 
3 
18 
25 
44 
34 
39 
72 
69 
61 
61 
69 
85 
77 
53 
24 
8 
0 
18 
30 
53 
72 
67 
69 
70 
52 
13 
9 
35 
58 
64 
81 
106 
103 
98 
86 
53 
47 
30 
13 
15 
32 
29 
29 
37 
32 
8 
8 
21 
21 
21 
21 
21 
21 
5 
5 
18 
18 
26 
38 
13 
15 
1 
27 
10 
4 
0 
1 
8 
14 
3 
13 
6 
12 
34 
40 
49 
66 
55 
55 
48 
65 
58 
31 
7 
23 
22 
2 
0 
15 
15 
0 
2 
2 
2 
0 
16 
41 
34 
7 
0 
14 
29 
40 
46 
32 
22 
8 
6 
0 
9 
32 
81 
87 
95 
87 
71 
47 
23 
18 
5 
29 
29 
48 
63 
62 
40 
14 
16 
41 
55 
48 
53 
41 
42 
10 
34 
46 
29 
24 
0 
16 
24 
32 
23 
30 
8 
9 
15 
32 
33 
10 
18 
0 
1 
21 
8 
4 
45 
51 
36 
13 
33 
84 
98 
103 
88 
87 
78 
53 
35 
29 
0 
31 
55 
55 
54 
29 
15 
14 
0 
9 
31 
33 
26 
15 
32 
40 
32 
16 
7 
27 
45 
16 
9 
34 
56 
80 
77 
61 
29 
24 
32 
16 
8 
16 
29 
13 
2 
0 
15 
16 
6 
21 
32 
78 
32 
14 
7 
40 
49 
26 
31 
23 
39 
39 
31 
47 
56 
40 
8 
0 
9 
2 
8 
7 
0 
13 
5 
13 
13 
32 
23 
31 
46 
37 
53 
48 
32 
7 
24 
0 
8 
32 
40 
48 
39 
38 
45 
32 
19 
13 
1 
11 
34 
49 
43 
26 
40 
41 
42 
47 
71 
63 
46 
29 
48 
31 
15 
5 
21 
13 
32 
31 
6 
2 
26 
34 
30 
21 
8 
0 
0 
7 
8 
0 
9 
10 
0 
0 
6 
5 
16 
7 
6 
5 
16 
0 
9 
15 
32 
33 
34 
23 
9 
0 
1 
0 
1 
7 
20 
18 
34 
34 
46 
53 
56 
47 
39 
26 
18 
22 
45 
29 
8 
23 
32 
40 
63 
67 
53 
24 
9 
10 
15 
24 
56 
77 
65 
50 
26 
10 
23 
7 
0 
8 
16 
8 
0 
7 
1 
2 
7 
24 
33 
42 
34 
18 
15 
0 
7 
15 
30 
21 
24 
27 
21 
3 
2 
9 
31 
65 
87 
87 
71 
39 
47 
22 
13 
2 
18 
26 
30 
29 
32 
23 
14 
15 
12 
5 
22 
4 
2 
20 
26 
31 
56 
56 
40 
32 
16 
29 
49 
18 
7 
7 
14 
21 
32 
54 
56 
22 
0 
17 
7 
9 
18 
36 
34 
56 
73 
63 
55 
48 
8 
0 
24 
40 
31 
7 
10 
9 
10 
6 
5 
2 
23 
39 
24 
7 
10 
22 
13 
16 
19 
29 
24 
14 
32 
38 
27 
1 
18 
25 
20 
20 
27 
39 
33 
47 
41 
34 
16 
6 
0 
14 
15 
40 
41 
34 
23 
44 
42 
39 
32 
33 
18 
5 
13 
13 
16 
16 
7 
9 
18 
23 
32 
64 
64 
48 
24 
24 
24 
7 
39 
55 
34 
30 
48 
27 
37 
30 
4 
18 
12 
3 
2 
17 
17 
28 
18 
36 
50 
47 
56 
56 
64 
72 
41 
18 
0 
32 
29 
21 
21 
29 
21 
2 
15 
23 
34 
38 
13 
16 
19 
13 
7 
33 
31 
25 
10 
15 
17 
5 
23 
30 
20 
29 
19 
28 
25 
6 
50 
81 
95 
88 
93 
85 
72 
72 
63 
46 
29 
0 
39 
71 
63 
62 
48 
30 
24 
1 
15 
28 
10 
7 
36 
26 
15 
8 
17 
18 
23 
23 
40 
37 
57 
74 
58 
26 
5 
40 
47 
46 
56 
43 
29 
3 
2 
8 
17 
47 
64 
49 
47 
40 
45 
41 
42 
38 
29 
21 
5 
10 
26 
38 
45 
32 
46 
36 
29 
1 
20 
23 
17 
31 
40 
49 
50 
58 
31 
23 
8 
8 
22 
32 
14 
15 
36 
42 
39 
32 
17 
2 
0 
8 
0 
2 
14 
45 
35 
5 
28 
50 
56 
57 
50 
47 
40 
40 
32 
32 
23 
0 
13 
64 
55 
22 
0 
36 
34 
47 
64 
64 
48 
24 
15 
7 
5 
21 
53 
64 
67 
61 
54 
19 
23 
49 
60 
50 
23 
33 
47 
52 
34 
26 
7 
7 
7 
6 
2 
16 
25 
15 
1 
16 
3 
10 
7 
9 
2 
0 
4 
2 
15 
12 
26 
63 
64 
49 
10 
0 
16 
9 
8 
0 
1 
2 
7 
16 
24 
16 
7 
6 
0 
4 
7 
25 
31 
24 
17 
26 
34 
34 
10 
14 
29 
37 
32 
19 
29 
29 
32 
23 
7 
0 
23 
22 
37 
45 
47 
38 
29 
16 
22 
24 
11 
18 
41 
55 
57 
71 
64 
41 
26 
23 
23 
32 
31 
15 
16 
13 
5 
2 
0 
15 
32 
33 
26 
7 
15 
38 
21 
19 
37 
32 
14 
0 
11 
29 
35 
12 
27 
54 
66 
57 
47 
65 
74 
102 
117 
91 
88 
46 
0 
32 
33 
2 
2 
7 
23 
26 
10 
30 
29 
24 
0 
0 
0 
0 
7 
0 
21 
37 
49 
34 
39 
39 
40 
8 
23 
22 
32 
35 
45 
35 
32 
22 
8 
28 
26 
40 
57 
79 
72 
17 
5 
3 
13 
6 
26 
63 
75 
69 
56 
70 
48 
46 
53 
63 
46 
10 
47 
95 
126 
100 
101 
67 
44 
37 
27 
21 
28 
71 
116 
130 
135 
135 
103 
70 
69 
64 
54 
32 
1 
42 
88 
144 
155 
148 
132 
83 
22 
17 
49 
84 
122 
142 
157 
139 
117 
91 
69 
3 
26 
39 
24 
13 
13 
5 
21 
13 
16 
32 
32 
15 
22 
21 
32 
38 
48 
35 
40 
22 
4 
3 
19 
43 
30 
6 
9 
9 
6 
26 
65 
79 
96 
120 
112 
91 
69 
40 
16 
91 
99 
70 
54 
4 
39 
55 
55 
86 
104 
78 
32 
16 
37 
32 
47 
78 
52 
17 
2 
20 
50 
87 
103 
134 
139 
115 
91 
51 
36 
29 
14 
4 
26 
44 
58 
79 
96 
80 
55 
62 
61 
48 
23 
14 
7 
32 
49 
42 
47 
65 
66 
66 
63 
63 
47 
18 
9 
18 
5 
2 
10 
0 
2 
14 
21 
24 
3 
10 
23 
4 
21 
40 
22 
0 
17 
18 
7 
0 
6 
16 
22 
14 
36 
84 
90 
88 
69 
85 
77 
56 
43 
37 
0 
40 
61 
72 
75 
69 
46 
35 
35 
37 
14 
36 
74 
114 
150 
164 
149 
78 
3 
10 
0 
22 
45 
56 
35 
13 
3 
10 
31 
57 
66 
74 
94 
101 
99 
45 
0 
36 
26 
23 
41 
63 
88 
88 
56 
32 
16 
32 
61 
56 
55 
30 
15 
64 
77 
53 
8 
23 
40 
41 
10 
21 
69 
72 
35 
13 
4 
8 
1 
20 
13 
36 
82 
104 
117 
93 
80 
40 
16 
7 
22 
61 
56 
46 
40 
22 
3 
10 
3 
29 
16 
8 
32 
56 
79 
78 
77 
80 
86 
67 
28 
21 
27 
4 
26 
49 
92 
98 
103 
89 
2 
36 
98 
72 
32 
0 
22 
13 
0 
16 
31 
55 
31 
39 
40 
16 
8 
32 
25 
18 
26 
54 
69 
83 
75 
100 
68 
36 
28 
3 
51 
70 
90 
156 
186 
167 
151 
118 
80 
35 
37 
54 
24 
41 
98 
151 
123 
109 
67 
48 
78 
75 
43 
27 
3 
52 
106 
136 
152 
151 
158 
115 
132 
133 
110 
67 
2 
49 
103 
73 
66 
71 
64 
96 
112 
79 
54 
44 
57 
49 
55 
41 
4 
41 
100 
98 
119 
110 
125 
136 
134 
108 
69 
0 
56 
119 
150 
107 
35 
11 
27 
34 
7 
9 
37 
15 
95 
80 
8 
30 
13 
18 
62 
133 
188 
193 
177 
153 
92 
11 
65 
108 
143 
184 
216 
179 
244 
180 
103 
25 
76 
108 
60 
60 
91 
114 
104 
125 
149 
139 
93 
43 
5 
7 
26 
22 
5 
16 
51 
93 
67 
37 
24 
31 
13 
61 
88 
83 
109 
120 
158 
144 
110 
59 
28 
13 
6 
57 
124 
170 
143 
72 
46 
13 
39 
22 
2 
34 
31 
31 
15 
28 
13 
14 
27 
35 
4 
35 
50 
66 
46 
120 
166 
198 
170 
169 
105 
43 
35 
90 
96 
65 
158 
229 
250 
228 
138 
71 
1 
39 
113 
174 
261 
294 
290 
289 
271 
176 
57 
59 
116 
127 
169 
254 
292 
251 
234 
207 
84 
73 
121 
191 
259 
316 
330 
375 
334 
184 
55 
24 
86 
124 
188 
219 
186 
87 
89 
47 
7 
2 
37 
117 
88 
16 
62 
21 
71 
56 
49 
34 
39 
20 
13 
35 
57 
93 
62 
41 
84 
82 
84 
18 
8 
23 
39 
123 
125 
39 
22 
85 
16 
51 
69 
35 
69 
51 
15 
41 
18 
28 
10 
15 
13 
37 
77 
10 
104 
61 
62 
137 
34 
100 
105 
33 
20 
11 
84 
122 
143 
110 
93 
75 
20 
2 
81 
8 
118 
157 
16 
167 
198 
163 
82 
65 
122 
105 
67 
2 
78 
146 
224 
276 
285 
218 
137 
60 
51 
83 
18 
59 
76 
68 
74 
103 
126 
157 
286 
198 
118 
11 
71 
113 
127 
120 
7 
63 
94 
131 
179 
202 
192 
173 
128 
31 
5 
24 
38 
52 
105 
169 
129 
148 
130 
97 
52 
11 
20 
28 
20 
4 
12 
25 
33 
68 
95 
144 
248 
134 
77 
40 
23 
62 
77 
91 
141 
134 
102 
70 
62 
30 
33 
31 
48 
53 
32 
88 
183 
182 
133 
23 
10 
7 
12 
45 
134 
99 
91 
178 
199 
247 
166 
32 
59 
225 
241 
215 
97 
24 
83 
172 
16 
55 
45 
89 
37 
110 
34 
87 
94 
11 
259 
218 
161 
165 
46 
48 
65 
66 
154 
202 
114 
43 
84 
119 
129 
39 
30 
12 
51 
154 
158 
117 
48 
80 
135 
78 
12 
31 
87 
47 
23 
54 
72 
38 
27 
4 
5 
35 
108 
108 
30 
258 
73 
165 
220 
121 
110 
21 
150 
12 
370 
702 
369 
106 
289 
350 
293 
230 
198 
110 
38 
68 
39 
14 
79 
133 
133 
91 
61 
168 
7 
263 
302 
179 
91 
61 
270 
10 
22 
30 
117 
155 
244 
199 
73 
83 
231 
315 
297 
271 
192 
161 
162 
127 
105 
20 
60 
124 
191 
249 
199 
225 
326 
237 
83 
106 
113 
135 
168 
195 
221 
195 
104 
25 
79 
221 
221 
144 
7 
144 
248 
203 
149 
9 
27 
108 
37 
160 
192 
203 
185 
113 
52 
15 
41 
142 
189 
182 
170 
89 
108 
195 
239 
185 
151 
33 
197 
212 
125 
114 
273 
8 
7 
31 
198 
136 
86 
64 
59 
5 
41 
105 
100 
43 
99 
27 
92 
158 
221 
198 
110 
91 
56 
2 
21 
43 
85 
131 
125 
103 
32 
164 
220 
239 
169 
108 
27 
51 
14 
21 
54 
14 
132 
223 
131 
61 
8 
40 
11 
45 
155 
165 
102 
11 
220 
119 
166 
24 
79 
9 
170 
158 
29 
94 
147 
14 
113 
98 
134 
101 
102 
176 
198 
187 
52 
26 
76 
159 
217 
42 
72 
0 
18 
25 
98 
42 
5 
1 
18 
50 
82 
86 
125 
16 
88 
150 
179 
143 
97 
43 
154 
222 
203 
195 
139 
86 
49 
73 
23 
14 
2 
18 
50 
5 
21 
15 
7 
80 
176 
111 
214 
76 
98 
121 
104 
161 
206 
164 
121 
65 
10 
70 
24 
80 
73 
266 
150 
13 
43 
93 
30 
28 
122 
112 
45 
109 
120 
126 
131 
75 
60 
37 
38 
3 
10 
56 
153 
78 
101 
189 
95 
9 
53 
63 
112 
80 
80 
56 
72 
81 
66 
2 
37 
125 
136 
30 
20 
18 
70 
40 
112 
168 
15 
118 
69 
79 
30 
14 
149 
120 
52 
98 
94 
53 
7 
54 
40 
0 
21 
69 
29 
66 
87 
14 
32 
91 
69 
57 
98 
192 
48 
63 
137 
130 
95 
102 
21 
144 
93 
23 
103 
94 
75 
21 
62 
23 
173 
37 
47 
35 
53 
4 
26 
40 
10 
174 
88 
1 
27 
20 
11 
35 
59 
98 
104 
104 
95 
110 
123 
100 
84 
41 
2 
32 
73 
50 
0 
16 
16 
15 
22 
53 
72 
55 
6 
34 
26 
102 
125 
67 
34 
32 
26 
74 
50 
101 
160 
19 
98 
32 
128 
48 
70 
197 
200 
40 
39 
182 
197 
102 
60 
139 
146 
89 
47 
20 
34 
18 
64 
167 
134 
52 
17 
10 
68 
119 
152 
112 
79 
78 
85 
72 
70 
29 
40 
61 
41 
50 
47 
67 
93 
70 
27 
43 
31 
97 
58 
54 
141 
125 
7 
11 
18 
87 
24 
120 
70 
59 
130 
105 
43 
5 
30 
0 
48 
99 
157 
142 
6 
25 
11 
23 
14 
39 
61 
2 
66 
13 
72 
31 
54 
84 
37 
12 
2 
46 
93 
75 
72 
55 
54 
61 
53 
57 
10 
64 
103 
150 
125 
71 
82 
78 
2 
34 
18 
17 
66 
47 
16 
9 
55 
24 
47 
39 
48 
29 
45 
61 
61 
80 
7 
33 
130 
79 
15 
28 
58 
0 
30 
32 
41 
56 
85 
85 
80 
55 
26 
29 
29 
29 
21 
56 
112 
123 
93 
11 
51 
114 
73 
7 
73 
47 
8 
6 
5 
3 
18 
60 
42 
64 
117 
120 
39 
1 
10 
47 
55 
0 
9 
77 
40 
8 
96 
32 
8 
12 
21 
27 
5 
20 
66 
95 
104 
72 
16 
23 
23 
31 
7 
47 
7 
72 
37 
45 
33 
30 
10 
94 
37 
24 
7 
17 
10 
56 
43 
7 
57 
79 
97 
98 
74 
42 
88 
112 
17 
87 
48 
13 
26 
34 
0 
72 
48 
56 
89 
111 
57 
36 
109 
54 
35 
28 
42 
88 
80 
87 
38 
8 
31 
5 
34 
0 
30 
198 
138 
17 
87 
136 
196 
185 
125 
62 
35 
24 
6 
15 
48 
24 
40 
71 
58 
30 
29 
8 
32 
1 
21 
0 
35 
80 
22 
64 
65 
62 
21 
13 
73 
98 
95 
79 
24 
47 
95 
118 
149 
120 
41 
87 
14 
15 
73 
19 
42 
105 
127 
25 
80 
19 
61 
16 
93 
80 
6 
32 
40 
57 
90 
42 
93 
13 
24 
71 
120 
24 
71 
111 
42 
38 
37 
8 
39 
71 
79 
50 
50 
58 
23 
23 
16 
31 
31 
1 
18 
34 
16 
56 
40 
71 
62 
20 
26 
28 
18 
60 
74 
15 
15 
80 
109 
80 
64 
16 
73 
42 
22 
16 
6 
12 
19 
4 
5 
22 
12 
74 
50 
37 
42 
58 
50 
34 
32 
62 
88 
62 
43 
11 
66 
144 
125 
80 
115 
125 
80 
38 
16 
1 
63 
112 
144 
78 
48 
86 
93 
89 
138 
135 
142 
88 
62 
47 
70 
53 
0 
24 
40 
72 
56 
48 
16 
23 
55 
86 
61 
71 
80 
57 
58 
10 
72 
3 
10 
0 
25 
23 
36 
42 
66 
95 
63 
7 
8 
24 
24 
32 
31 
48 
72 
40 
16 
0 
29 
65 
29 
125 
88 
107 
5 
84 
98 
71 
88 
64 
24 
0 
0 
0 
16 
32 
21 
17 
18 
15 
0 
24 
8 
39 
31 
33 
34 
22 
29 
32 
71 
54 
47 
49 
79 
48 
48 
48 
16 
24 
24 
8 
0 
15 
22 
24 
46 
48 
14 
7 
19 
45 
0 
57 
90 
87 
88 
48 
29 
34 
9 
42 
15 
23 
47 
34 
61 
96 
79 
50 
21 
32 
15 
14 
8 
15 
40 
39 
7 
16 
29 
8 
47 
80 
33 
77 
64 
15 
69 
93 
29 
95 
136 
7 
48 
48 
73 
47 
32 
33 
42 
7 
40 
87 
31 
40 
57 
2 
39 
73 
74 
34 
21 
37 
45 
8 
23 
24 
9 
58 
42 
0 
16 
15 
34 
2 
29 
8 
21 
5 
32 
72 
70 
23 
89 
87 
73 
66 
31 
48 
31 
22 
13 
0 
0 
38 
48 
19 
2 
40 
57 
74 
55 
39 
31 
23 
16 
15 
30 
21 
8 
16 
31 
86 
40 
49 
122 
111 
119 
118 
85 
55 
22 
5 
7 
64 
65 
82 
167 
200 
79 
73 
108 
74 
89 
111 
65 
21 
72 
16 
41 
34 
7 
23 
30 
0 
8 
22 
2 
55 
72 
57 
34 
16 
25 
10 
29 
16 
15 
0 
6 
13 
0 
0 
1 
37 
32 
49 
79 
65 
63 
32 
8 
13 
53 
18 
21 
45 
22 
61 
37 
23 
6 
2 
39 
104 
89 
82 
66 
58 
6 
50 
138 
215 
126 
0 
73 
108 
82 
63 
41 
26 
0 
8 
41 
66 
55 
23 
16 
2 
62 
69 
83 
85 
27 
3 
30 
66 
92 
74 
0 
0 
41 
74 
82 
74 
42 
6 
66 
42 
14 
10 
26 
42 
63 
39 
32 
17 
5 
5 
17 
26 
38 
45 
53 
48 
30 
11 
42 
57 
55 
65 
34 
34 
23 
0 
15 
70 
69 
48 
113 
98 
42 
34 
42 
18 
13 
32 
23 
29 
41 
10 
45 
77 
117 
21 
64 
25 
40 
1 
19 
34 
68 
58 
12 
34 
87 
55 
16 
13 
1 
21 
32 
0 
24 
21 
21 
29 
21 
6 
37 
24 
7 
17 
39 
48 
6 
5 
0 
24 
9 
10 
7 
30 
61 
8 
17 
50 
103 
104 
48 
21 
5 
6 
13 
0 
7 
54 
69 
39 
22 
0 
9 
39 
89 
71 
0 
21 
81 
42 
13 
18 
7 
16 
9 
13 
16 
15 
9 
18 
31 
24 
9 
29 
53 
24 
72 
89 
74 
58 
7 
0 
31 
51 
53 
8 
25 
32 
7 
57 
74 
31 
32 
32 
1 
7 
24 
30 
40 
4 
2 
24 
1 
34 
23 
71 
103 
103 
82 
62 
37 
24 
39 
17 
34 
111 
120 
48 
24 
0 
17 
21 
18 
40 
25 
18 
24 
37 
21 
17 
10 
8 
16 
38 
21 
3 
2 
36 
42 
42 
0 
15 
79 
71 
39 
15 
0 
31 
2 
1 
18 
18 
7 
7 
24 
32 
47 
50 
54 
53 
47 
46 
35 
29 
73 
68 
75 
58 
60 
66 
79 
88 
46 
45 
21 
0 
32 
61 
69 
18 
13 
2 
30 
13 
0 
9 
26 
71 
64 
40 
17 
34 
10 
15 
8 
40 
16 
7 
7 
8 
26 
66 
58 
42 
18 
17 
42 
18 
39 
15 
0 
9 
26 
47 
48 
33 
15 
19 
37 
55 
30 
0 
6 
39 
80 
45 
33 
10 
5 
5 
0 
6 
5 
24 
25 
0 
20 
10 
7 
48 
81 
58 
26 
5 
24 
16 
7 
9 
10 
5 
16 
39 
6 
39 
64 
73 
50 
7 
23 
87 
56 
7 
31 
31 
39 
55 
30 
21 
16 
36 
42 
63 
60 
42 
15 
7 
8 
7 
8 
8 
50 
30 
53 
16 
73 
31 
9 
15 
14 
15 
25 
26 
4 
2 
15 
38 
2 
32 
24 
33 
18 
47 
23 
55 
87 
82 
39 
16 
56 
95 
22 
42 
15 
15 
54 
69 
51 
37 
3 
55 
89 
103 
69 
57 
50 
55 
0 
16 
15 
1 
21 
13 
8 
39 
54 
72 
38 
52 
83 
74 
72 
57 
42 
23 
24 
21 
13 
10 
18 
2 
14 
61 
48 
9 
71 
89 
82 
55 
48 
37 
5 
34 
50 
102 
101 
51 
2 
9 
35 
58 
76 
66 
71 
72 
48 
17 
2 
16 
7 
9 
21 
18 
16 
48 
55 
25 
50 
36 
42 
47 
25 
26 
31 
39 
40 
0 
47 
31 
30 
13 
7 
16 
6 
15 
80 
81 
50 
42 
0 
16 
64 
47 
62 
45 
11 
13 
20 
18 
60 
90 
92 
74 
39 
25 
10 
8 
16 
15 
5 
33 
2 
24 
23 
14 
80 
63 
9 
87 
112 
120 
77 
45 
21 
6 
13 
24 
0 
5 
2 
13 
9 
10 
10 
39 
55 
32 
22 
21 
13 
24 
24 
24 
8 
33 
15 
4 
10 
31 
33 
34 
24 
24 
6 
21 
13 
8 
24 
33 
50 
55 
31 
0 
106 
126 
48 
25 
59 
34 
60 
58 
71 
49 
26 
8 
0 
9 
2 
32 
39 
46 
0 
25 
18 
44 
74 
47 
15 
38 
5 
32 
17 
74 
47 
24 
37 
41 
58 
0 
16 
12 
2 
24 
41 
50 
7 
23 
23 
14 
5 
23 
8 
0 
37 
57 
10 
56 
43 
45 
27 
74 
80 
1 
63 
89 
50 
29 
48 
16 
4 
10 
31 
33 
34 
55 
79 
32 
7 
34 
1 
2 
18 
82 
78 
13 
111 
103 
6 
40 
38 
8 
60 
82 
66 
31 
55 
32 
41 
18 
8 
15 
15 
22 
37 
16 
8 
49 
34 
23 
16 
41 
74 
31 
23 
55 
70 
21 
15 
62 
39 
81 
90 
79 
71 
56 
0 
21 
2 
150 
165 
18 
64 
73 
26 
3 
10 
22 
19 
19 
3 
74 
120 
157 
133 
29 
79 
152 
120 
23 
17 
18 
0 
38 
15 
65 
71 
44 
5 
31 
49 
18 
71 
112 
72 
40 
8 
31 
95 
127 
166 
109 
28 
167 
177 
95 
31 
15 
25 
2 
16 
6 
5 
39 
80 
16 
130 
46 
37 
11 
5 
33 
35 
34 
57 
71 
73 
58 
63 
7 
144 
144 
15 
57 
7 
9 
55 
20 
26 
47 
36 
50 
64 
49 
26 
13 
0 
15 
16 
59 
77 
43 
28 
29 
17 
87 
112 
73 
26 
18 
63 
48 
14 
45 
13 
8 
79 
47 
32 
47 
6 
15 
41 
8 
111 
38 
87 
160 
149 
101 
56 
32 
24 
1 
90 
150 
173 
195 
43 
187 
170 
81 
7 
1 
8 
17 
34 
23 
38 
2 
32 
25 
18 
8 
17 
37 
7 
60 
21 
23 
3 
42 
76 
5 
43 
13 
19 
29 
30 
3 
31 
41 
39 
57 
71 
72 
56 
25 
2 
24 
22 
32 
86 
92 
68 
25 
30 
42 
22 
27 
28 
50 
73 
81 
99 
106 
32 
33 
58 
40 
64 
53 
21 
25 
29 
13 
48 
70 
189 
75 
5 
57 
76 
75 
50 
3 
8 
1 
31 
33 
55 
41 
23 
41 
23 
17 
18 
3 
5 
15 
14 
7 
23 
2 
25 
50 
47 
48 
81 
42 
96 
152 
67 
10 
57 
63 
73 
60 
26 
28 
20 
69 
70 
11 
42 
56 
105 
122 
66 
5 
62 
69 
66 
87 
31 
58 
6 
82 
8 
25 
34 
4 
13 
3 
10 
4 
13 
0 
9 
39 
40 
85 
109 
77 
45 
31 
47 
102 
80 
1 
60 
26 
7 
6 
26 
23 
0 
31 
46 
3 
21 
54 
14 
52 
108 
90 
104 
73 
47 
63 
8 
15 
40 
47 
40 
48 
103 
150 
26 
111 
53 
25 
13 
18 
23 
96 
48 
62 
21 
16 
1 
5 
14 
3 
36 
53 
17 
60 
63 
32 
2 
97 
122 
46 
10 
30 
37 
21 
32 
11 
2 
23 
64 
57 
31 
16 
9 
26 
34 
15 
0 
8 
7 
66 
54 
29 
63 
104 
65 
21 
29 
106 
106 
62 
18 
86 
125 
7 
80 
73 
66 
10 
61 
93 
168 
19 
74 
84 
58 
4 
61 
40 
81 
122 
82 
47 
87 
47 
13 
45 
40 
24 
23 
9 
10 
23 
32 
56 
72 
77 
40 
79 
40 
16 
16 
23 
16 
7 
38 
13 
16 
1 
10 
15 
32 
33 
66 
39 
7 
40 
104 
20 
58 
7 
1 
0 
20 
13 
23 
0 
41 
90 
87 
79 
47 
25 
114 
74 
30 
77 
67 
19 
50 
89 
87 
41 
58 
47 
64 
40 
15 
46 
29 
8 
15 
0 
39 
39 
15 
7 
11 
37 
19 
13 
7 
6 
21 
96 
47 
17 
5 
39 
68 
34 
16 
20 
34 
52 
31 
41 
47 
57 
50 
47 
55 
31 
5 
49 
94 
117 
64 
9 
35 
26 
4 
42 
100 
98 
71 
64 
7 
23 
24 
2 
34 
78 
141 
64 
60 
63 
6 
67 
26 
44 
42 
49 
10 
3 
26 
23 
24 
40 
45 
41 
18 
18 
24 
95 
22 
66 
55 
24 
1 
13 
16 
24 
6 
5 
0 
8 
9 
10 
31 
56 
37 
1 
2 
15 
25 
10 
0 
22 
32 
0 
6 
2 
10 
15 
40 
33 
42 
31 
44 
34 
15 
32 
9 
45 
40 
55 
30 
7 
24 
6 
42 
71 
104 
81 
98 
42 
18 
21 
117 
93 
32 
23 
54 
40 
11 
21 
84 
122 
95 
17 
34 
8 
33 
47 
32 
8 
16 
72 
63 
7 
33 
98 
106 
62 
61 
11 
0 
14 
20 
75 
82 
89 
79 
40 
14 
13 
18 
31 
23 
8 
16 
30 
29 
30 
12 
37 
96 
101 
85 
93 
69 
23 
47 
7 
14 
37 
8 
30 
21 
0 
41 
66 
71 
39 
16 
63 
31 
1 
10 
15 
9 
72 
27 
82 
84 
18 
48 
65 
42 
23 
0 
5 
57 
50 
10 
21 
48 
32 
15 
6 
10 
0 
3 
10 
64 
97 
98 
58 
26 
5 
1 
10 
79 
120 
0 
8 
1 
16 
17 
15 
33 
50 
40 
17 
15 
36 
18 
31 
32 
24 
34 
58 
29 
37 
14 
66 
74 
39 
16 
32 
47 
0 
53 
57 
18 
2 
31 
0 
55 
70 
69 
3 
31 
57 
87 
65 
26 
32 
7 
13 
1 
5 
8 
0 
70 
16 
9 
15 
1 
7 
65 
114 
111 
72 
39 
8 
0 
2 
29 
37 
64 
16 
12 
21 
8 
9 
42 
72 
49 
42 
31 
24 
0 
8 
26 
14 
5 
23 
39 
23 
8 
8 
56 
8 
26 
30 
21 
0 
25 
34 
31 
16 
10 
33 
18 
23 
23 
16 
14 
5 
24 
25 
7 
12 
10 
8 
7 
1 
50 
7 
0 
40 
53 
37 
5 
30 
29 
21 
16 
36 
2 
47 
65 
34 
7 
7 
0 
5 
6 
13 
15 
1 
31 
33 
23 
16 
9 
34 
31 
23 
32 
40 
40 
31 
90 
94 
29 
12 
2 
72 
49 
23 
105 
114 
79 
64 
24 
8 
24 
23 
102 
76 
5 
36 
66 
47 
48 
57 
50 
31 
32 
57 
82 
66 
66 
22 
5 
7 
96 
133 
197 
104 
30 
39 
41 
147 
162 
119 
48 
9 
26 
7 
23 
63 
63 
23 
1 
50 
39 
8 
9 
34 
42 
15 
8 
9 
13 
15 
1 
18 
26 
42 
7 
7 
0 
16 
9 
2 
24 
15 
64 
53 
33 
34 
5 
16 
16 
8 
14 
29 
24 
47 
1 
40 
1 
23 
41 
66 
82 
102 
69 
45 
2 
38 
69 
47 
38 
48 
46 
24 
22 
20 
82 
96 
93 
77 
69 
21 
2 
26 
38 
37 
15 
40 
25 
15 
24 
49 
82 
50 
24 
136 
120 
40 
75 
2 
59 
26 
44 
87 
57 
47 
49 
2 
40 
65 
66 
31 
0 
16 
40 
72 
88 
67 
21 
68 
71 
49 
31 
28 
10 
23 
32 
45 
45 
29 
21 
21 
0 
7 
6 
5 
8 
7 
14 
16 
20 
26 
23 
16 
1 
10 
0 
8 
9 
31 
32 
1 
8 
43 
61 
31 
81 
98 
66 
39 
32 
17 
10 
5 
24 
19 
45 
48 
38 
13 
24 
33 
39 
40 
33 
18 
39 
32 
41 
18 
15 
14 
69 
40 
30 
10 
56 
57 
31 
12 
2 
7 
33 
23 
15 
14 
42 
48 
1 
5 
80 
97 
42 
13 
2 
24 
64 
80 
23 
9 
74 
88 
41 
2 
64 
31 
14 
10 
67 
117 
1 
84 
82 
105 
79 
64 
93 
77 
41 
13 
24 
32 
43 
69 
80 
27 
10 
8 
1 
8 
6 
42 
108 
90 
79 
8 
46 
2 
72 
17 
8 
19 
13 
40 
39 
0 
33 
50 
55 
33 
58 
48 
32 
9 
21 
40 
23 
1 
5 
16 
30 
3 
18 
28 
10 
44 
42 
0 
87 
78 
18 
132 
90 
0 
7 
9 
39 
40 
41 
26 
7 
56 
48 
1 
13 
3 
13 
16 
3 
77 
40 
39 
62 
10 
55 
65 
79 
73 
42 
31 
1 
63 
72 
33 
26 
0 
23 
0 
24 
16 
8 
0 
6 
0 
12 
10 
15 
17 
18 
8 
25 
18 
10 
32 
31 
46 
15 
44 
26 
8 
30 
8 
25 
63 
49 
39 
68 
50 
23 
7 
7 
18 
22 
21 
7 
0 
25 
42 
47 
47 
40 
29 
17 
5 
16 
15 
14 
13 
16 
16 
1 
109 
40 
9 
51 
66 
76 
50 
39 
72 
64 
24 
0 
8 
16 
16 
47 
55 
6 
10 
23 
48 
33 
5 
32 
0 
1 
10 
7 
16 
24 
21 
37 
45 
13 
14 
13 
16 
25 
10 
24 
8 
29 
29 
9 
5 
5 
0 
8 
2 
30 
53 
104 
33 
95 
121 
111 
73 
10 
10 
7 
0 
0 
18 
10 
45 
157 
109 
23 
57 
42 
60 
42 
36 
50 
47 
13 
14 
10 
23 
0 
32 
34 
42 
9 
37 
104 
28 
66 
65 
79 
68 
26 
23 
0 
38 
45 
8 
7 
6 
13 
24 
25 
15 
36 
34 
28 
26 
24 
25 
39 
31 
7 
7 
0 
21 
1 
2 
0 
14 
5 
15 
40 
25 
15 
40 
49 
10 
8 
7 
22 
61 
24 
3 
21 
44 
50 
31 
41 
42 
64 
89 
66 
10 
29 
2 
26 
13 
37 
37 
8 
8 
1 
16 
32 
77 
25 
21 
26 
16 
88 
11 
66 
16 
54 
16 
1 
31 
41 
52 
42 
28 
10 
39 
32 
41 
42 
15 
63 
15 
1 
2 
7 
6 
5 
15 
17 
23 
28 
26 
31 
36 
26 
23 
7 
7 
1 
5 
0 
7 
6 
5 
0 
9 
7 
25 
42 
56 
49 
26 
7 
7 
0 
6 
21 
53 
8 
14 
50 
79 
96 
9 
10 
15 
7 
8 
6 
21 
23 
30 
13 
8 
14 
5 
20 
42 
71 
88 
65 
34 
26 
10 
15 
0 
32 
23 
6 
13 
16 
23 
22 
0 
28 
10 
16 
33 
39 
44 
34 
0 
0 
14 
8 
7 
14 
0 
8 
17 
31 
24 
25 
34 
32 
33 
26 
15 
32 
17 
5 
13 
8 
8 
9 
5 
24 
14 
13 
12 
34 
32 
25 
31 
16 
9 
2 
16 
25 
10 
0 
7 
6 
10 
12 
18 
12 
26 
47 
49 
34 
18 
15 
7 
8 
8 
2 
6 
21 
24 
14 
8 
9 
34 
72 
85 
77 
56 
24 
23 
2 
13 
2 
13 
40 
39 
38 
32 
22 
0 
33 
47 
56 
53 
41 
18 
2 
2 
7 
0 
3 
45 
48 
6 
2 
20 
34 
52 
42 
16 
33 
15 
12 
10 
0 
0 
14 
8 
15 
6 
23 
44 
42 
47 
44 
26 
7 
15 
22 
8 
15 
6 
13 
15 
16 
9 
0 
1 
0 
33 
63 
65 
42 
39 
24 
0 
6 
13 
0 
3 
5 
0 
7 
6 
2 
24 
33 
58 
39 
32 
9 
10 
0 
8 
13 
1 
61 
56 
6 
23 
52 
50 
47 
72 
49 
34 
10 
16 
15 
0 
15 
26 
22 
21 
8 
0 
1 
7 
44 
50 
47 
36 
26 
26 
7 
0 
15 
14 
5 
0 
1 
5 
0 
9 
10 
23 
17 
47 
64 
41 
26 
15 
7 
6 
21 
16 
7 
1 
2 
7 
1 
2 
32 
41 
42 
32 
25 
10 
15 
16 
9 
2 
0 
8 
0 
14 
16 
3 
26 
39 
48 
41 
18 
0 
8 
9 
10 
31 
23 
31 
47 
24 
23 
31 
39 
23 
10 
1 
13 
2 
8 
15 
10 
30 
16 
3 
5 
8 
7 
1 
13 
16 
15 
23 
30 
37 
24 
23 
38 
16 
12 
26 
15 
16 
21 
21 
13 
38 
189 
157 
115 
69 
30 
4 
11 
1 
21 
30 
20 
36 
44 
36 
27 
18 
20 
10 
20 
13 
24 
15 
14 
29 
0 
8 
24 
17 
26 
26 
10 
6 
10 
26 
26 
31 
31 
23 
23 
39 
39 
18 
13 
29 
21 
13 
13 
5 
8 
8 
13 
9 
18 
15 
24 
32 
9 
5 
24 
7 
13 
9 
5 
13 
15 
32 
32 
41 
50 
58 
42 
38 
29 
21 
21 
24 
7 
5 
33 
26 
6 
5 
5 
8 
7 
24 
17 
2 
10 
15 
23 
16 
5 
2 
6 
5 
13 
8 
8 
17 
34 
31 
32 
33 
26 
26 
18 
18 
7 
0 
8 
15 
23 
14 
5 
23 
40 
25 
26 
31 
31 
24 
13 
1 
13 
8 
15 
14 
21 
32 
46 
24 
1 
39 
77 
93 
85 
69 
61 
40 
31 
7 
0 
32 
48 
55 
54 
13 
7 
17 
50 
58 
31 
15 
24 
40 
24 
2 
1 
13 
8 
15 
14 
21 
16 
1 
18 
32 
17 
7 
12 
2 
8 
17 
23 
40 
37 
25 
18 
18 
2 
0 
8 
25 
26 
7 
8 
9 
10 
15 
24 
32 
13 
6 
13 
16 
15 
14 
21 
4 
18 
24 
17 
23 
24 
25 
34 
23 
8 
14 
21 
23 
22 
8 
12 
18 
36 
26 
23 
33 
31 
36 
18 
24 
19 
29 
19 
13 
3 
21 
14 
4 
11 
18 
36 
51 
42 
36 
18 
36 
26 
20 
2 
8 
1 
2 
4 
2 
4 
10 
20 
7 
17 
20 
0 
1 
20 
34 
23 
32 
41 
26 
0 
14 
10 
20 
18 
4 
10 
6 
0 
14 
27 
21 
22 
11 
4 
5 
1 
28 
42 
52 
42 
52 
50 
56 
65 
58 
63 
55 
47 
23 
7 
16 
24 
31 
30 
29 
32 
30 
24 
6 
23 
25 
23 
17 
15 
17 
18 
20 
2 
7 
17 
18 
0 
6 
0 
12 
10 
7 
6 
0 
1 
7 
9 
7 
6 
0 
25 
19 
10 
28 
26 
31 
57 
66 
55 
39 
32 
40 
48 
24 
8 
8 
15 
15 
0 
7 
7 
5 
17 
10 
15 
0 
0 
8 
2 
6 
5 
16 
7 
22 
13 
7 
17 
10 
8 
17 
31 
72 
73 
66 
30 
13 
13 
17 
5 
32 
59 
77 
75 
67 
44 
28 
3 
59 
55 
65 
87 
89 
74 
50 
23 
7 
38 
32 
30 
27 
24 
9 
47 
64 
77 
65 
50 
47 
31 
15 
7 
7 
14 
21 
24 
15 
14 
16 
4 
18 
36 
18 
24 
25 
23 
0 
30 
16 
8 
37 
53 
69 
69 
56 
32 
15 
31 
47 
31 
15 
15 
18 
6 
5 
10 
