17 
47 
57 
55 
57 
50 
55 
56 
40 
21 
1 
21 
21 
24 
15 
14 
2 
32 
25 
31 
16 
37 
41 
18 
0 
8 
0 
30 
29 
32 
22 
21 
3 
2 
9 
11 
26 
44 
42 
36 
10 
23 
33 
10 
0 
7 
6 
0 
12 
2 
12 
10 
28 
42 
52 
34 
31 
31 
24 
2 
6 
2 
0 
8 
0 
6 
10 
24 
25 
31 
32 
17 
26 
15 
8 
14 
21 
8 
3 
13 
16 
3 
10 
7 
25 
31 
41 
42 
40 
33 
2 
0 
4 
21 
40 
54 
28 
21 
3 
23 
41 
47 
88 
85 
69 
49 
50 
46 
37 
5 
10 
22 
21 
29 
24 
24 
14 
5 
8 
9 
23 
28 
26 
15 
8 
22 
16 
3 
29 
24 
22 
0 
9 
36 
34 
44 
66 
71 
64 
41 
18 
2 
8 
19 
21 
32 
38 
16 
6 
15 
44 
58 
71 
80 
72 
72 
63 
46 
13 
0 
40 
13 
37 
37 
32 
16 
19 
5 
15 
32 
17 
18 
23 
16 
6 
5 
0 
0 
5 
9 
18 
26 
15 
23 
32 
33 
26 
31 
15 
16 
10 
14 
5 
16 
15 
22 
5 
0 
9 
18 
31 
32 
65 
74 
62 
53 
48 
56 
22 
5 
0 
15 
22 
8 
4 
10 
7 
0 
0 
15 
7 
15 
18 
2 
9 
18 
18 
10 
26 
38 
45 
23 
14 
24 
22 
4 
18 
60 
50 
39 
40 
53 
69 
53 
45 
16 
8 
16 
7 
7 
0 
9 
26 
31 
23 
8 
0 
7 
7 
7 
15 
15 
2 
6 
5 
8 
1 
18 
12 
10 
12 
2 
12 
2 
4 
13 
0 
17 
26 
31 
32 
48 
64 
64 
56 
64 
63 
39 
18 
10 
17 
10 
18 
18 
23 
31 
15 
18 
1 
2 
8 
23 
32 
49 
34 
10 
18 
15 
0 
7 
7 
15 
22 
37 
40 
38 
35 
28 
9 
17 
20 
4 
12 
12 
36 
23 
33 
52 
34 
28 
26 
44 
50 
40 
33 
31 
41 
39 
48 
25 
10 
0 
0 
14 
5 
24 
15 
6 
7 
17 
10 
20 
34 
39 
64 
53 
45 
45 
21 
13 
2 
10 
10 
30 
29 
24 
3 
10 
15 
33 
42 
47 
40 
40 
32 
13 
10 
22 
37 
40 
35 
13 
24 
49 
66 
63 
39 
24 
1 
21 
19 
2 
39 
23 
31 
18 
13 
5 
5 
0 
9 
23 
56 
61 
72 
71 
94 
92 
97 
69 
46 
14 
9 
36 
31 
49 
34 
23 
31 
32 
56 
48 
23 
7 
0 
10 
2 
6 
13 
16 
15 
1 
2 
20 
18 
28 
18 
40 
33 
39 
39 
56 
56 
48 
32 
15 
8 
2 
2 
10 
2 
10 
18 
7 
15 
30 
37 
8 
9 
18 
23 
39 
54 
77 
75 
77 
59 
53 
15 
5 
29 
69 
72 
47 
22 
21 
16 
8 
15 
22 
21 
0 
25 
39 
56 
65 
74 
70 
61 
48 
31 
0 
13 
29 
21 
45 
48 
51 
53 
38 
4 
18 
25 
39 
49 
34 
39 
39 
48 
37 
29 
21 
2 
22 
13 
2 
8 
9 
0 
62 
19 
21 
22 
8 
9 
7 
9 
31 
9 
3 
5 
14 
3 
3 
11 
12 
3 
11 
3 
3 
3 
19 
35 
18 
9 
12 
23 
41 
35 
26 
20 
19 
22 
14 
10 
9 
28 
18 
20 
0 
14 
7 
9 
7 
30 
3 
12 
43 
10 
6 
1 
1 
9 
12 
20 
15 
9 
32 
49 
66 
47 
47 
64 
72 
72 
53 
61 
53 
21 
10 
18 
46 
45 
56 
47 
70 
68 
61 
62 
43 
27 
3 
28 
17 
1 
1 
1 
37 
22 
6 
6 
14 
26 
25 
52 
31 
57 
87 
113 
122 
127 
118 
85 
31 
9 
34 
46 
61 
80 
91 
85 
86 
43 
4 
23 
41 
52 
47 
41 
31 
32 
9 
23 
20 
13 
35 
36 
5 
12 
15 
25 
44 
58 
60 
58 
47 
45 
33 
34 
23 
8 
24 
23 
30 
24 
22 
7 
49 
42 
39 
25 
10 
23 
25 
26 
7 
15 
23 
7 
7 
0 
8 
9 
10 
15 
24 
1 
10 
0 
4 
2 
8 
3 
29 
40 
54 
43 
49 
41 
9 
6 
46 
90 
116 
114 
111 
119 
118 
85 
47 
14 
7 
40 
40 
56 
64 
35 
53 
94 
83 
46 
9 
60 
74 
95 
87 
79 
86 
88 
51 
13 
2 
2 
5 
29 
37 
45 
55 
38 
16 
4 
2 
16 
17 
34 
55 
47 
31 
26 
1 
10 
31 
47 
40 
40 
24 
8 
24 
8 
15 
31 
10 
5 
13 
13 
21 
21 
45 
53 
53 
37 
29 
16 
7 
23 
31 
38 
29 
40 
43 
69 
59 
36 
4 
30 
50 
68 
98 
111 
102 
85 
83 
101 
67 
40 
1 
34 
47 
64 
47 
47 
22 
2 
23 
24 
16 
24 
40 
16 
0 
24 
23 
15 
34 
38 
32 
3 
10 
52 
58 
71 
63 
79 
62 
37 
16 
7 
1 
18 
34 
30 
29 
13 
16 
3 
13 
22 
0 
22 
43 
52 
29 
6 
20 
50 
64 
33 
42 
55 
64 
64 
93 
117 
117 
103 
70 
24 
14 
15 
40 
56 
53 
53 
72 
64 
40 
23 
6 
8 
3 
20 
2 
25 
39 
57 
58 
62 
85 
88 
78 
56 
43 
13 
2 
22 
29 
24 
22 
29 
32 
39 
31 
2 
17 
30 
37 
29 
45 
40 
40 
31 
47 
63 
58 
38 
29 
5 
0 
31 
47 
47 
54 
53 
56 
38 
32 
14 
20 
34 
52 
42 
63 
69 
57 
42 
34 
38 
29 
24 
16 
7 
7 
15 
0 
7 
15 
23 
39 
31 
7 
21 
21 
13 
32 
48 
56 
39 
38 
24 
14 
4 
18 
25 
27 
26 
6 
4 
10 
36 
42 
56 
72 
96 
87 
70 
56 
47 
54 
37 
21 
7 
15 
15 
31 
31 
23 
23 
39 
31 
34 
14 
5 
34 
39 
39 
32 
17 
26 
15 
13 
9 
2 
0 
8 
8 
7 
15 
31 
31 
23 
23 
32 
32 
40 
37 
29 
5 
5 
14 
29 
45 
29 
32 
27 
45 
44 
21 
9 
20 
42 
57 
55 
60 
26 
16 
9 
5 
8 
21 
29 
37 
45 
61 
69 
77 
88 
72 
55 
22 
5 
7 
33 
34 
63 
63 
71 
63 
54 
52 
45 
27 
11 
50 
73 
95 
104 
104 
83 
77 
48 
6 
2 
10 
15 
23 
34 
2 
5 
21 
29 
21 
21 
14 
37 
64 
70 
48 
38 
8 
1 
0 
4 
18 
33 
63 
88 
97 
90 
74 
62 
45 
56 
27 
13 
31 
64 
72 
59 
37 
0 
32 
53 
61 
77 
61 
40 
24 
0 
5 
29 
40 
32 
31 
30 
21 
16 
12 
26 
23 
9 
0 
14 
3 
2 
25 
26 
23 
32 
24 
13 
6 
26 
48 
49 
58 
47 
40 
24 
24 
24 
8 
0 
18 
22 
21 
40 
16 
16 
32 
29 
45 
53 
53 
53 
45 
2 
22 
45 
72 
78 
59 
21 
16 
25 
26 
15 
40 
49 
58 
55 
41 
34 
39 
31 
23 
7 
7 
15 
0 
8 
8 
7 
23 
31 
39 
39 
39 
31 
7 
13 
24 
40 
47 
38 
21 
24 
22 
2 
7 
1 
0 
17 
39 
17 
4 
7 
9 
23 
25 
34 
39 
39 
39 
39 
23 
16 
24 
41 
26 
18 
0 
23 
30 
32 
30 
8 
0 
6 
5 
8 
14 
8 
9 
39 
49 
58 
80 
88 
72 
56 
39 
34 
46 
24 
0 
40 
37 
17 
6 
5 
13 
2 
0 
0 
0 
30 
40 
35 
40 
38 
19 
21 
1 
0 
9 
23 
49 
79 
73 
58 
44 
26 
39 
37 
41 
18 
30 
37 
21 
8 
0 
8 
8 
0 
9 
10 
23 
23 
16 
8 
23 
39 
38 
53 
43 
40 
38 
0 
25 
39 
48 
89 
122 
114 
102 
85 
40 
19 
2 
7 
23 
24 
24 
37 
37 
48 
40 
11 
5 
8 
9 
7 
25 
26 
15 
8 
6 
21 
35 
45 
54 
19 
15 
33 
64 
97 
122 
122 
102 
77 
48 
22 
13 
0 
21 
49 
58 
46 
45 
48 
27 
37 
3 
15 
33 
23 
41 
18 
7 
8 
9 
5 
8 
1 
2 
4 
10 
23 
9 
11 
2 
12 
23 
25 
39 
45 
61 
72 
71 
70 
48 
23 
30 
21 
16 
16 
8 
7 
2 
21 
37 
29 
21 
21 
21 
29 
21 
5 
8 
8 
17 
34 
48 
49 
26 
2 
7 
24 
8 
5 
2 
14 
37 
24 
14 
16 
9 
19 
26 
40 
33 
23 
40 
41 
34 
15 
7 
16 
0 
22 
45 
24 
6 
12 
26 
28 
34 
32 
33 
42 
55 
64 
55 
46 
29 
7 
16 
6 
13 
24 
16 
24 
24 
13 
2 
14 
13 
13 
16 
24 
39 
38 
37 
16 
1 
34 
47 
72 
81 
78 
69 
53 
40 
0 
24 
23 
47 
70 
72 
78 
60 
49 
29 
9 
33 
68 
87 
101 
101 
93 
77 
61 
40 
7 
8 
13 
37 
21 
29 
16 
0 
32 
29 
9 
2 
8 
0 
5 
1 
13 
32 
39 
30 
28 
29 
30 
3 
26 
57 
87 
101 
109 
109 
85 
63 
30 
5 
31 
63 
63 
38 
29 
8 
25 
26 
34 
39 
63 
40 
16 
7 
15 
26 
38 
45 
47 
22 
7 
17 
18 
23 
33 
39 
44 
42 
23 
17 
10 
8 
7 
14 
29 
11 
13 
11 
10 
57 
106 
95 
103 
86 
53 
24 
7 
15 
31 
23 
10 
5 
16 
0 
10 
14 
29 
37 
53 
37 
21 
2 
18 
23 
15 
0 
10 
18 
18 
6 
10 
18 
18 
26 
31 
32 
37 
33 
18 
10 
18 
5 
21 
13 
5 
5 
16 
16 
15 
22 
7 
17 
20 
10 
12 
2 
8 
17 
18 
23 
39 
31 
24 
32 
40 
40 
32 
32 
53 
45 
37 
24 
7 
31 
26 
14 
13 
2 
6 
13 
13 
16 
40 
39 
39 
42 
26 
2 
13 
29 
29 
40 
23 
7 
2 
6 
5 
7 
23 
48 
72 
64 
56 
48 
24 
8 
15 
23 
34 
38 
29 
40 
35 
29 
8 
33 
50 
56 
64 
69 
61 
45 
17 
2 
21 
40 
47 
78 
76 
61 
14 
44 
90 
111 
134 
149 
139 
116 
93 
78 
27 
7 
33 
76 
82 
111 
104 
79 
46 
37 
11 
0 
6 
7 
25 
42 
47 
40 
16 
6 
5 
7 
6 
0 
28 
42 
47 
56 
61 
49 
42 
42 
26 
2 
13 
21 
29 
32 
32 
39 
30 
5 
16 
25 
42 
63 
79 
63 
39 
15 
8 
15 
34 
22 
5 
8 
0 
16 
17 
18 
47 
55 
56 
48 
31 
7 
2 
13 
2 
13 
21 
24 
40 
47 
54 
20 
21 
27 
20 
17 
25 
33 
36 
27 
10 
11 
4 
13 
22 
19 
12 
20 
25 
41 
49 
52 
59 
58 
52 
42 
68 
50 
44 
18 
4 
16 
14 
3 
11 
5 
6 
19 
19 
35 
35 
19 
30 
10 
17 
6 
6 
12 
3 
11 
28 
41 
49 
73 
45 
38 
22 
3 
4 
30 
26 
17 
20 
11 
3 
25 
60 
60 
76 
83 
90 
92 
58 
44 
7 
22 
20 
45 
70 
86 
74 
33 
9 
4 
3 
36 
60 
76 
76 
67 
50 
41 
12 
4 
17 
29 
6 
6 
19 
4 
4 
30 
42 
65 
92 
79 
73 
50 
31 
16 
1 
13 
19 
48 
70 
78 
67 
62 
26 
6 
43 
75 
75 
66 
52 
39 
41 
23 
17 
8 
22 
11 
36 
33 
13 
17 
49 
75 
74 
64 
57 
66 
63 
40 
8 
16 
24 
8 
18 
30 
13 
11 
29 
11 
8 
9 
20 
2 
4 
13 
4 
2 
12 
5 
3 
13 
19 
20 
20 
20 
12 
28 
49 
57 
47 
49 
79 
64 
49 
26 
23 
16 
6 
8 
6 
7 
36 
34 
48 
41 
18 
31 
23 
0 
0 
0 
10 
38 
64 
62 
28 
5 
28 
55 
73 
66 
72 
48 
33 
10 
0 
7 
7 
23 
30 
40 
27 
32 
14 
11 
26 
41 
39 
17 
0 
6 
20 
18 
28 
2 
15 
24 
25 
34 
47 
56 
64 
57 
26 
8 
15 
9 
5 
8 
23 
30 
16 
14 
13 
7 
17 
39 
44 
58 
39 
40 
41 
10 
15 
38 
32 
30 
20 
21 
11 
13 
20 
42 
68 
66 
71 
88 
69 
57 
10 
10 
18 
5 
32 
51 
45 
40 
38 
8 
28 
50 
82 
79 
87 
50 
42 
38 
29 
2 
42 
50 
54 
61 
72 
51 
32 
6 
20 
34 
49 
39 
28 
10 
1 
3 
10 
32 
41 
34 
34 
34 
50 
50 
42 
34 
50 
47 
23 
0 
16 
24 
23 
23 
38 
56 
54 
45 
19 
5 
24 
49 
55 
60 
58 
31 
32 
17 
7 
16 
1 
21 
40 
46 
36 
45 
12 
39 
49 
71 
104 
120 
104 
72 
55 
38 
2 
15 
48 
64 
88 
91 
68 
29 
6 
19 
34 
80 
81 
74 
66 
58 
46 
29 
2 
34 
62 
93 
68 
45 
27 
11 
42 
36 
23 
1 
4 
26 
25 
44 
50 
55 
55 
39 
31 
15 
39 
56 
56 
45 
9 
21 
21 
16 
11 
29 
8 
0 
0 
10 
2 
13 
37 
41 
50 
50 
39 
24 
8 
8 
5 
5 
5 
6 
37 
56 
70 
52 
37 
3 
7 
41 
71 
76 
42 
39 
63 
56 
41 
10 
7 
0 
0 
15 
23 
38 
13 
4 
0 
1 
12 
26 
48 
49 
58 
62 
53 
61 
55 
46 
16 
8 
17 
2 
2 
18 
1 
2 
16 
19 
29 
8 
8 
16 
13 
13 
16 
16 
24 
8 
6 
13 
3 
13 
6 
15 
9 
31 
56 
64 
55 
30 
29 
5 
6 
13 
21 
7 
33 
26 
31 
39 
39 
39 
7 
8 
32 
39 
62 
64 
43 
24 
20 
42 
63 
63 
72 
96 
87 
62 
61 
40 
15 
13 
25 
26 
34 
42 
54 
53 
40 
30 
7 
25 
42 
47 
48 
53 
37 
21 
21 
8 
8 
15 
30 
45 
36 
21 
11 
15 
41 
47 
56 
49 
42 
34 
50 
54 
45 
48 
23 
1 
13 
16 
15 
15 
10 
10 
2 
13 
13 
21 
29 
29 
48 
62 
72 
54 
11 
18 
56 
93 
125 
120 
103 
86 
72 
78 
56 
6 
18 
48 
49 
58 
50 
38 
45 
16 
0 
13 
1 
10 
18 
23 
32 
32 
8 
15 
22 
37 
31 
14 
23 
32 
33 
50 
55 
55 
55 
47 
47 
26 
6 
2 
18 
46 
61 
63 
70 
19 
10 
28 
42 
55 
80 
80 
80 
64 
47 
23 
1 
2 
0 
15 
24 
8 
8 
8 
24 
16 
8 
8 
24 
16 
0 
15 
7 
10 
6 
13 
2 
15 
32 
32 
37 
33 
34 
34 
23 
23 
8 
15 
15 
22 
61 
64 
46 
11 
2 
28 
34 
64 
85 
101 
104 
103 
102 
83 
61 
11 
26 
39 
40 
53 
69 
69 
56 
23 
14 
15 
48 
40 
41 
18 
2 
24 
8 
0 
16 
8 
8 
0 
13 
25 
42 
39 
47 
47 
40 
32 
24 
8 
7 
0 
2 
1 
34 
31 
23 
23 
22 
5 
12 
10 
4 
10 
32 
33 
50 
58 
42 
26 
14 
21 
24 
8 
7 
30 
29 
13 
6 
29 
72 
23 
6 
10 
26 
34 
22 
29 
48 
47 
38 
21 
6 
21 
8 
12 
5 
7 
16 
21 
32 
24 
7 
2 
6 
29 
29 
8 
8 
16 
29 
29 
29 
5 
2 
14 
61 
80 
78 
40 
4 
2 
15 
32 
49 
58 
47 
72 
85 
57 
70 
45 
10 
2 
2 
2 
26 
42 
38 
37 
29 
35 
29 
12 
26 
33 
31 
36 
26 
31 
55 
55 
31 
15 
8 
0 
2 
1 
5 
18 
55 
71 
79 
70 
61 
40 
14 
10 
23 
24 
21 
37 
53 
77 
72 
46 
28 
13 
28 
39 
33 
18 
12 
10 
23 
36 
18 
15 
8 
14 
13 
4 
10 
36 
58 
80 
73 
34 
18 
0 
0 
7 
6 
5 
5 
0 
0 
32 
24 
40 
48 
25 
10 
15 
20 
2 
7 
16 
24 
47 
38 
8 
0 
1 
21 
13 
25 
34 
10 
2 
5 
5 
29 
13 
8 
16 
23 
46 
53 
35 
13 
15 
33 
47 
73 
58 
55 
56 
40 
32 
24 
8 
0 
23 
38 
37 
24 
14 
7 
40 
49 
50 
39 
15 
0 
1 
10 
7 
15 
15 
31 
30 
21 
24 
32 
47 
15 
7 
22 
21 
7 
2 
25 
14 
5 
13 
16 
0 
15 
15 
27 
29 
35 
20 
10 
33 
31 
49 
50 
47 
63 
54 
61 
56 
15 
13 
17 
6 
13 
29 
0 
14 
32 
38 
12 
5 
7 
33 
18 
18 
15 
31 
31 
39 
47 
56 
40 
16 
6 
2 
18 
7 
0 
10 
9 
2 
2 
5 
21 
16 
8 
25 
18 
7 
0 
17 
31 
48 
61 
69 
72 
39 
14 
0 
8 
5 
5 
5 
13 
2 
7 
7 
0 
7 
1 
5 
5 
32 
59 
45 
16 
20 
34 
47 
63 
80 
72 
48 
32 
32 
40 
32 
8 
0 
39 
46 
45 
56 
43 
45 
4 
18 
15 
17 
50 
64 
49 
34 
15 
9 
2 
8 
0 
14 
2 
7 
4 
5 
28 
34 
55 
72 
88 
80 
70 
77 
39 
14 
8 
0 
1 
15 
36 
34 
26 
8 
16 
15 
23 
15 
18 
5 
21 
37 
45 
29 
24 
15 
6 
2 
15 
32 
53 
41 
50 
63 
47 
32 
0 
10 
10 
22 
29 
48 
31 
14 
5 
8 
9 
26 
52 
50 
52 
18 
7 
1 
8 
19 
24 
38 
16 
1 
15 
64 
93 
128 
127 
134 
96 
70 
48 
6 
18 
39 
39 
48 
56 
37 
41 
26 
2 
16 
24 
24 
40 
56 
39 
15 
16 
32 
40 
35 
37 
32 
22 
32 
19 
8 
9 
39 
65 
71 
73 
58 
66 
50 
34 
2 
1 
2 
22 
37 
64 
55 
22 
23 
52 
66 
63 
63 
48 
40 
0 
30 
37 
29 
40 
11 
5 
18 
23 
48 
80 
80 
71 
63 
54 
37 
2 
8 
7 
9 
26 
34 
23 
15 
15 
7 
0 
8 
25 
26 
18 
0 
0 
13 
9 
5 
13 
8 
0 
0 
14 
2 
15 
33 
26 
39 
40 
33 
34 
15 
7 
8 
7 
10 
6 
21 
32 
23 
14 
0 
9 
23 
52 
50 
63 
64 
32 
13 
1 
5 
2 
16 
11 
45 
59 
61 
54 
14 
36 
39 
41 
44 
58 
63 
56 
56 
48 
48 
55 
39 
46 
32 
47 
46 
29 
21 
8 
8 
16 
7 
24 
57 
58 
38 
45 
37 
40 
8 
32 
33 
26 
23 
47 
48 
29 
17 
2 
5 
16 
11 
21 
32 
46 
20 
5 
4 
23 
73 
90 
87 
63 
31 
15 
16 
8 
7 
10 
22 
21 
24 
15 
14 
7 
44 
50 
47 
56 
48 
53 
33 
2 
5 
21 
21 
37 
40 
39 
22 
2 
16 
25 
15 
25 
39 
33 
34 
23 
24 
33 
10 
2 
8 
23 
22 
32 
30 
20 
13 
28 
47 
65 
42 
40 
33 
42 
31 
56 
56 
39 
54 
53 
39 
5 
21 
21 
40 
70 
56 
30 
40 
22 
8 
23 
46 
51 
52 
44 
3 
91 
130 
159 
163 
189 
187 
164 
140 
107 
75 
6 
65 
129 
183 
208 
195 
153 
113 
105 
49 
14 
58 
97 
114 
159 
167 
150 
128 
126 
99 
51 
20 
5 
9 
20 
26 
55 
72 
93 
93 
72 
67 
68 
85 
78 
43 
36 
29 
14 
20 
83 
114 
143 
152 
141 
133 
96 
71 
54 
24 
11 
2 
15 
57 
66 
55 
55 
39 
31 
46 
52 
49 
17 
25 
2 
41 
63 
61 
61 
93 
112 
102 
80 
70 
72 
54 
29 
19 
13 
4 
26 
15 
17 
58 
82 
78 
85 
104 
126 
107 
70 
14 
49 
97 
120 
149 
149 
157 
131 
125 
62 
7 
73 
90 
110 
85 
64 
15 
6 
10 
15 
48 
45 
38 
58 
111 
103 
72 
31 
119 
70 
23 
16 
30 
29 
29 
16 
39 
127 
143 
131 
133 
107 
28 
74 
9 
71 
57 
42 
31 
23 
46 
45 
27 
13 
6 
15 
17 
2 
19 
29 
11 
21 
30 
19 
19 
3 
5 
9 
63 
97 
106 
87 
72 
69 
69 
53 
29 
21 
8 
0 
23 
7 
0 
5 
1 
21 
29 
16 
15 
14 
21 
0 
48 
45 
77 
101 
83 
61 
22 
39 
81 
111 
95 
95 
111 
86 
10 
56 
71 
14 
2 
146 
239 
110 
39 
49 
91 
28 
35 
52 
27 
10 
0 
9 
23 
56 
80 
101 
69 
49 
34 
18 
56 
27 
37 
59 
21 
44 
42 
44 
10 
7 
7 
8 
6 
101 
142 
114 
63 
1 
61 
110 
146 
160 
192 
198 
179 
163 
155 
98 
17 
62 
122 
105 
103 
112 
109 
72 
23 
14 
16 
12 
10 
28 
42 
68 
34 
0 
40 
39 
38 
29 
16 
12 
18 
19 
4 
3 
27 
14 
10 
17 
15 
33 
42 
47 
39 
40 
88 
101 
69 
53 
61 
64 
31 
22 
21 
16 
39 
63 
167 
223 
25 
95 
36 
13 
39 
32 
89 
58 
0 
27 
5 
16 
39 
41 
58 
31 
31 
0 
39 
7 
16 
17 
26 
26 
23 
24 
9 
18 
23 
14 
64 
46 
59 
108 
36 
19 
30 
26 
41 
55 
96 
125 
109 
88 
71 
47 
42 
18 
2 
7 
31 
62 
21 
13 
21 
16 
8 
56 
104 
72 
32 
0 
32 
16 
13 
37 
45 
29 
7 
39 
56 
72 
71 
47 
0 
18 
61 
34 
98 
62 
66 
71 
39 
31 
6 
10 
15 
22 
16 
8 
17 
34 
47 
87 
64 
9 
2 
14 
32 
14 
5 
32 
56 
63 
30 
32 
62 
4 
100 
167 
97 
70 
77 
56 
55 
38 
45 
64 
62 
48 
0 
25 
22 
37 
24 
7 
24 
8 
72 
120 
64 
8 
8 
56 
24 
47 
46 
26 
71 
120 
147 
173 
131 
69 
54 
27 
2 
24 
88 
128 
134 
144 
86 
125 
159 
1 
135 
141 
161 
126 
69 
61 
64 
47 
22 
29 
7 
72 
72 
63 
67 
85 
62 
38 
14 
17 
28 
39 
33 
23 
40 
49 
26 
66 
66 
54 
53 
71 
78 
109 
104 
158 
99 
13 
57 
111 
129 
103 
15 
38 
29 
7 
40 
125 
189 
117 
27 
75 
74 
57 
36 
100 
63 
16 
9 
2 
21 
42 
66 
18 
66 
71 
32 
0 
71 
82 
26 
17 
42 
15 
103 
102 
106 
186 
151 
54 
45 
8 
32 
21 
5 
18 
32 
86 
84 
89 
93 
46 
14 
4 
10 
47 
109 
189 
197 
171 
160 
142 
118 
99 
75 
50 
33 
22 
75 
170 
169 
135 
168 
179 
129 
97 
64 
1 
7 
6 
122 
117 
53 
172 
249 
105 
22 
133 
222 
131 
5 
88 
229 
88 
1 
93 
163 
61 
95 
96 
64 
32 
7 
14 
18 
47 
22 
5 
15 
48 
80 
69 
61 
48 
7 
27 
29 
19 
13 
31 
31 
38 
13 
11 
2 
10 
9 
29 
2 
32 
25 
18 
50 
74 
70 
53 
37 
47 
64 
61 
41 
5 
37 
120 
166 
147 
207 
249 
122 
79 
56 
46 
29 
94 
82 
137 
280 
145 
66 
118 
85 
39 
40 
85 
105 
10 
45 
74 
63 
48 
112 
7 
72 
24 
13 
82 
142 
37 
78 
93 
64 
31 
37 
45 
16 
35 
53 
67 
117 
142 
75 
8 
49 
135 
80 
90 
62 
122 
62 
61 
16 
22 
40 
38 
45 
16 
33 
29 
5 
87 
182 
229 
179 
132 
124 
140 
123 
11 
76 
116 
127 
121 
298 
279 
206 
51 
66 
57 
55 
57 
98 
127 
111 
75 
93 
64 
14 
10 
31 
31 
31 
1 
26 
8 
104 
87 
86 
13 
48 
22 
74 
112 
117 
65 
21 
29 
7 
96 
57 
13 
69 
88 
41 
15 
6 
4 
5 
15 
73 
106 
110 
125 
123 
68 
10 
33 
47 
2 
41 
86 
93 
72 
70 
11 
20 
37 
38 
19 
52 
60 
11 
74 
145 
207 
192 
199 
182 
108 
77 
33 
137 
164 
154 
15 
95 
102 
136 
51 
5 
24 
49 
74 
26 
17 
26 
42 
10 
32 
63 
134 
85 
35 
64 
54 
12 
104 
81 
36 
8 
145 
135 
89 
29 
32 
24 
57 
90 
50 
2 
2 
42 
39 
20 
2 
3 
42 
16 
10 
58 
10 
9 
53 
173 
72 
60 
74 
136 
113 
66 
95 
104 
72 
5 
0 
0 
25 
5 
48 
99 
157 
28 
114 
152 
141 
61 
48 
4 
34 
60 
58 
28 
26 
4 
53 
51 
29 
23 
14 
58 
24 
0 
129 
159 
111 
39 
88 
104 
42 
1 
189 
56 
33 
23 
25 
37 
35 
18 
47 
25 
2 
79 
176 
45 
74 
55 
24 
56 
55 
63 
40 
93 
149 
72 
55 
144 
23 
52 
50 
28 
13 
54 
78 
78 
22 
28 
34 
53 
15 
56 
57 
58 
28 
69 
70 
30 
41 
41 
89 
167 
168 
166 
115 
59 
20 
42 
57 
66 
55 
39 
30 
10 
7 
9 
5 
32 
7 
9 
23 
0 
63 
7 
8 
86 
67 
20 
37 
78 
22 
156 
183 
56 
85 
225 
246 
18 
159 
80 
27 
13 
64 
222 
67 
84 
6 
74 
145 
116 
26 
64 
129 
50 
71 
64 
46 
85 
48 
12 
21 
48 
22 
12 
2 
23 
73 
82 
18 
31 
31 
56 
63 
55 
46 
37 
13 
10 
70 
93 
40 
14 
19 
13 
9 
12 
28 
76 
92 
83 
58 
17 
43 
114 
152 
153 
130 
106 
90 
94 
117 
88 
54 
4 
10 
22 
7 
25 
42 
87 
94 
45 
16 
30 
24 
25 
50 
15 
23 
30 
61 
47 
14 
75 
52 
66 
129 
72 
10 
85 
109 
101 
141 
85 
21 
141 
55 
132 
26 
39 
32 
13 
29 
128 
35 
42 
41 
35 
42 
60 
53 
31 
80 
65 
26 
21 
64 
55 
94 
56 
38 
11 
99 
146 
105 
8 
38 
26 
39 
28 
13 
35 
10 
56 
71 
112 
128 
87 
119 
104 
48 
52 
66 
28 
24 
22 
16 
6 
40 
11 
2 
23 
9 
29 
0 
41 
31 
64 
65 
114 
118 
101 
39 
205 
93 
10 
4 
29 
59 
36 
26 
9 
27 
58 
104 
165 
152 
123 
93 
60 
74 
79 
39 
40 
21 
25 
45 
85 
120 
35 
165 
35 
91 
162 
172 
138 
31 
9 
21 
43 
141 
166 
203 
108 
170 
145 
151 
128 
109 
97 
90 
90 
26 
1 
53 
53 
23 
112 
128 
181 
64 
124 
98 
39 
33 
2 
4 
21 
12 
18 
56 
71 
14 
50 
24 
25 
18 
32 
41 
21 
19 
18 
14 
3 
21 
58 
29 
9 
41 
87 
104 
79 
98 
82 
74 
82 
118 
37 
47 
43 
82 
160 
17 
58 
30 
26 
8 
31 
54 
28 
26 
80 
49 
55 
49 
26 
12 
21 
23 
7 
78 
37 
96 
25 
10 
47 
48 
56 
24 
64 
15 
31 
49 
5 
56 
35 
2 
15 
73 
106 
127 
71 
48 
88 
67 
29 
44 
74 
95 
64 
26 
66 
13 
29 
9 
5 
45 
112 
33 
98 
71 
17 
18 
48 
49 
79 
40 
26 
46 
37 
13 
2 
8 
56 
0 
8 
0 
9 
8 
7 
33 
103 
96 
104 
37 
47 
32 
26 
26 
22 
13 
7 
24 
33 
55 
8 
41 
58 
74 
102 
109 
56 
49 
3 
21 
84 
24 
94 
88 
9 
31 
32 
88 
40 
32 
7 
32 
48 
64 
72 
48 
7 
16 
16 
7 
47 
30 
45 
16 
9 
0 
16 
48 
75 
109 
91 
85 
11 
10 
4 
21 
7 
24 
29 
21 
2 
38 
21 
29 
10 
50 
17 
82 
26 
89 
74 
2 
0 
59 
85 
32 
42 
2 
58 
79 
47 
40 
7 
0 
34 
46 
103 
127 
56 
115 
82 
100 
58 
31 
8 
71 
110 
93 
48 
6 
39 
27 
61 
8 
47 
16 
55 
16 
39 
0 
16 
7 
15 
32 
15 
30 
48 
14 
59 
109 
91 
5 
95 
95 
94 
61 
0 
17 
18 
8 
47 
24 
40 
31 
48 
21 
1 
13 
45 
40 
47 
78 
101 
96 
47 
46 
13 
34 
31 
0 
55 
127 
191 
54 
90 
79 
47 
31 
39 
46 
21 
51 
117 
155 
132 
85 
11 
66 
87 
72 
133 
189 
141 
77 
24 
73 
122 
127 
32 
37 
57 
18 
53 
23 
144 
56 
47 
78 
0 
1 
23 
89 
87 
8 
71 
79 
39 
61 
89 
58 
30 
58 
58 
15 
19 
37 
64 
78 
44 
98 
48 
77 
89 
98 
86 
29 
63 
105 
2 
64 
31 
14 
26 
0 
49 
18 
24 
38 
28 
109 
91 
39 
65 
0 
56 
56 
45 
24 
23 
71 
31 
45 
65 
90 
79 
72 
41 
10 
24 
7 
46 
13 
47 
96 
99 
2 
87 
200 
159 
17 
32 
17 
87 
81 
98 
39 
56 
48 
72 
56 
16 
54 
72 
22 
8 
22 
0 
14 
0 
41 
55 
80 
72 
39 
14 
5 
39 
88 
88 
19 
50 
60 
2 
12 
42 
71 
24 
23 
41 
18 
31 
23 
63 
55 
30 
13 
26 
10 
29 
57 
10 
26 
125 
125 
39 
40 
49 
69 
117 
95 
65 
127 
57 
68 
45 
3 
19 
26 
64 
77 
69 
125 
136 
111 
70 
13 
26 
94 
101 
63 
38 
40 
38 
8 
35 
37 
52 
35 
26 
23 
7 
64 
127 
142 
108 
77 
43 
13 
5 
22 
61 
72 
78 
48 
3 
2 
0 
0 
22 
29 
24 
22 
13 
16 
33 
66 
87 
80 
57 
34 
7 
16 
25 
31 
7 
61 
53 
21 
10 
79 
104 
64 
104 
83 
50 
89 
83 
42 
25 
39 
81 
66 
26 
30 
61 
61 
96 
0 
57 
5 
10 
82 
110 
61 
16 
9 
71 
3 
0 
9 
0 
46 
80 
6 
63 
72 
96 
119 
103 
90 
42 
23 
16 
15 
54 
104 
107 
77 
31 
6 
39 
57 
71 
41 
61 
48 
40 
77 
81 
114 
71 
0 
8 
24 
7 
13 
37 
24 
3 
10 
17 
31 
9 
13 
64 
51 
13 
23 
72 
72 
0 
39 
40 
25 
2 
32 
64 
120 
159 
106 
5 
61 
56 
11 
69 
88 
70 
104 
23 
9 
50 
16 
27 
66 
64 
41 
71 
79 
104 
119 
94 
13 
2 
55 
127 
71 
16 
32 
41 
42 
15 
0 
46 
69 
103 
17 
71 
97 
98 
39 
63 
23 
8 
72 
141 
112 
35 
50 
176 
161 
98 
7 
16 
8 
16 
8 
30 
112 
59 
29 
11 
10 
35 
44 
10 
49 
103 
101 
77 
53 
45 
64 
63 
14 
26 
38 
21 
29 
24 
28 
74 
47 
20 
13 
32 
46 
56 
86 
37 
15 
73 
114 
58 
50 
42 
55 
48 
48 
37 
29 
5 
58 
78 
29 
7 
17 
2 
7 
14 
21 
0 
25 
5 
7 
65 
50 
47 
72 
32 
24 
32 
1 
13 
7 
6 
56 
43 
45 
48 
47 
46 
2 
88 
129 
170 
127 
87 
70 
69 
40 
17 
66 
122 
142 
13 
0 
19 
58 
95 
96 
77 
37 
37 
31 
16 
16 
33 
34 
8 
47 
53 
26 
42 
31 
56 
61 
53 
5 
39 
7 
22 
45 
2 
127 
183 
54 
18 
68 
42 
39 
88 
77 
45 
53 
85 
29 
30 
53 
7 
4 
45 
75 
80 
70 
51 
29 
33 
63 
89 
114 
90 
70 
69 
13 
34 
14 
5 
16 
8 
30 
37 
43 
5 
60 
95 
49 
32 
48 
72 
88 
70 
48 
22 
45 
32 
8 
54 
77 
56 
47 
70 
88 
43 
42 
104 
153 
34 
32 
7 
1 
13 
16 
48 
55 
67 
125 
104 
56 
23 
16 
23 
82 
118 
96 
27 
37 
16 
9 
66 
95 
103 
62 
21 
8 
23 
23 
16 
46 
37 
7 
17 
37 
61 
8 
79 
112 
55 
8 
7 
7 
15 
30 
18 
39 
57 
58 
7 
16 
81 
66 
58 
70 
18 
60 
42 
60 
42 
40 
88 
104 
87 
55 
15 
24 
11 
85 
48 
47 
86 
109 
120 
6 
75 
82 
73 
67 
74 
64 
33 
5 
2 
2 
8 
23 
24 
6 
50 
23 
9 
23 
7 
38 
24 
14 
53 
7 
32 
49 
63 
40 
49 
31 
16 
0 
26 
17 
34 
7 
56 
93 
125 
72 
0 
60 
186 
170 
38 
31 
68 
90 
39 
6 
8 
17 
31 
39 
9 
66 
47 
56 
24 
23 
39 
58 
46 
0 
6 
12 
20 
36 
3 
54 
42 
9 
12 
21 
12 
50 
96 
89 
58 
31 
7 
16 
1 
42 
55 
40 
53 
1 
53 
80 
22 
23 
24 
37 
100 
133 
126 
64 
14 
7 
23 
0 
7 
2 
25 
42 
39 
64 
56 
15 
21 
13 
13 
13 
5 
9 
50 
74 
79 
55 
15 
46 
37 
48 
27 
29 
31 
72 
56 
16 
24 
37 
26 
18 
42 
90 
26 
15 
24 
8 
30 
7 
48 
41 
10 
40 
48 
7 
40 
32 
39 
63 
39 
37 
53 
17 
10 
50 
71 
32 
14 
5 
23 
40 
24 
24 
5 
25 
90 
98 
66 
30 
47 
185 
250 
119 
47 
57 
98 
71 
12 
58 
52 
10 
25 
100 
98 
71 
47 
62 
53 
50 
54 
2 
21 
48 
63 
87 
110 
16 
57 
42 
63 
136 
88 
2 
2 
61 
101 
104 
1 
75 
18 
0 
16 
15 
46 
16 
81 
71 
8 
63 
82 
86 
61 
11 
5 
36 
79 
72 
53 
109 
96 
39 
15 
15 
70 
21 
12 
10 
16 
1 
10 
24 
22 
19 
16 
9 
66 
126 
96 
110 
87 
42 
26 
29 
80 
70 
69 
63 
62 
29 
12 
18 
24 
14 
28 
21 
33 
129 
143 
175 
182 
32 
121 
31 
23 
42 
14 
10 
18 
62 
21 
24 
24 
56 
64 
7 
15 
15 
0 
56 
96 
32 
16 
54 
2 
0 
47 
46 
60 
77 
19 
13 
11 
37 
3 
5 
35 
21 
44 
55 
128 
125 
117 
85 
80 
90 
54 
10 
58 
14 
21 
64 
47 
22 
16 
39 
16 
23 
39 
16 
53 
56 
85 
93 
69 
13 
22 
29 
72 
79 
30 
2 
23 
31 
54 
85 
71 
23 
21 
8 
1 
53 
91 
108 
5 
63 
56 
57 
34 
15 
4 
21 
38 
52 
16 
41 
32 
49 
122 
135 
87 
18 
77 
45 
10 
111 
103 
79 
54 
32 
17 
71 
55 
112 
207 
94 
16 
73 
87 
105 
98 
87 
63 
7 
24 
63 
83 
101 
67 
5 
44 
82 
108 
50 
64 
62 
75 
18 
68 
8 
14 
76 
42 
103 
105 
98 
71 
46 
5 
23 
31 
88 
55 
14 
34 
63 
8 
15 
8 
71 
103 
62 
10 
54 
48 
46 
56 
30 
16 
25 
58 
47 
56 
17 
16 
3 
5 
16 
7 
14 
15 
56 
93 
85 
8 
16 
0 
0 
16 
16 
53 
21 
2 
6 
2 
8 
0 
16 
16 
37 
41 
2 
2 
32 
31 
14 
13 
7 
6 
5 
15 
30 
8 
1 
3 
50 
44 
42 
103 
95 
55 
1 
5 
8 
0 
47 
110 
85 
23 
65 
31 
9 
47 
65 
63 
41 
5 
7 
16 
8 
0 
10 
30 
40 
11 
50 
42 
26 
90 
90 
82 
39 
32 
87 
39 
2 
94 
109 
96 
0 
73 
103 
81 
43 
42 
33 
4 
5 
31 
32 
13 
10 
22 
16 
0 
1 
0 
8 
14 
21 
8 
25 
50 
64 
81 
63 
24 
14 
13 
7 
16 
1 
13 
7 
15 
1 
0 
1 
15 
48 
49 
47 
32 
1 
18 
50 
15 
64 
96 
47 
54 
18 
76 
82 
103 
111 
71 
23 
2 
61 
96 
63 
46 
31 
48 
72 
56 
40 
14 
13 
6 
8 
22 
7 
53 
41 
5 
18 
26 
26 
2 
2 
5 
53 
10 
39 
23 
64 
81 
74 
55 
7 
37 
61 
29 
13 
0 
24 
0 
32 
16 
46 
56 
30 
7 
41 
7 
1 
18 
48 
33 
13 
40 
75 
85 
35 
20 
33 
74 
129 
159 
181 
149 
93 
5 
18 
58 
54 
37 
21 
32 
39 
38 
40 
22 
19 
34 
79 
29 
37 
45 
17 
5 
45 
13 
47 
48 
17 
15 
1 
32 
7 
41 
90 
130 
110 
29 
0 
24 
24 
40 
31 
39 
54 
56 
11 
18 
23 
9 
34 
47 
40 
6 
2 
48 
33 
2 
0 
25 
45 
48 
14 
2 
24 
9 
50 
4 
2 
12 
45 
84 
127 
57 
5 
47 
54 
88 
62 
4 
15 
57 
92 
82 
55 
48 
77 
25 
2 
0 
37 
13 
5 
2 
30 
37 
40 
30 
0 
6 
7 
52 
50 
23 
8 
1 
50 
32 
46 
40 
9 
0 
19 
13 
39 
49 
66 
32 
9 
10 
8 
17 
15 
32 
9 
10 
15 
23 
30 
5 
8 
41 
26 
15 
8 
33 
34 
8 
6 
0 
1 
15 
9 
10 
0 
16 
1 
93 
152 
20 
103 
124 
90 
47 
24 
38 
5 
7 
1 
8 
62 
16 
25 
26 
39 
63 
79 
56 
80 
64 
1 
5 
0 
23 
54 
77 
56 
32 
23 
38 
21 
8 
49 
82 
92 
58 
63 
81 
58 
42 
15 
24 
55 
79 
46 
5 
7 
17 
18 
0 
9 
15 
16 
17 
5 
31 
36 
10 
8 
35 
5 
12 
10 
31 
33 
18 
32 
41 
26 
8 
23 
46 
7 
17 
55 
33 
82 
79 
48 
8 
55 
71 
22 
10 
23 
24 
1 
37 
59 
18 
92 
58 
34 
50 
58 
50 
26 
2 
16 
30 
21 
0 
1 
16 
31 
9 
2 
8 
16 
2 
41 
34 
7 
8 
9 
15 
52 
66 
55 
32 
9 
29 
40 
19 
37 
32 
14 
0 
3 
5 
31 
57 
66 
68 
26 
7 
1 
0 
4 
26 
16 
1 
21 
16 
8 
41 
66 
5 
10 
31 
7 
15 
49 
26 
15 
23 
32 
17 
18 
15 
16 
23 
30 
13 
8 
12 
42 
63 
55 
63 
39 
31 
23 
15 
8 
48 
64 
80 
87 
62 
0 
41 
58 
76 
42 
25 
55 
45 
37 
21 
53 
48 
0 
39 
46 
45 
38 
36 
13 
4 
18 
20 
45 
51 
42 
60 
74 
87 
80 
72 
56 
24 
5 
22 
29 
23 
30 
8 
6 
18 
40 
33 
50 
31 
0 
16 
24 
7 
79 
111 
46 
39 
92 
74 
55 
69 
105 
66 
23 
16 
40 
47 
47 
46 
29 
23 
1 
7 
3 
26 
52 
58 
15 
22 
21 
47 
40 
25 
42 
15 
16 
22 
20 
21 
24 
33 
31 
24 
9 
34 
55 
48 
24 
1 
21 
21 
32 
47 
54 
24 
1 
35 
42 
56 
57 
58 
55 
72 
32 
17 
2 
23 
8 
48 
56 
23 
14 
10 
16 
17 
13 
0 
16 
25 
10 
55 
104 
89 
58 
26 
5 
21 
25 
30 
45 
69 
8 
49 
82 
79 
71 
71 
31 
2 
21 
32 
32 
23 
38 
61 
56 
19 
2 
47 
96 
41 
58 
71 
55 
40 
16 
31 
15 
5 
13 
5 
30 
93 
56 
28 
74 
47 
12 
13 
8 
48 
64 
37 
9 
5 
18 
26 
23 
24 
8 
48 
72 
45 
33 
34 
15 
32 
48 
71 
54 
21 
15 
0 
31 
47 
80 
72 
41 
5 
0 
0 
30 
29 
16 
4 
10 
15 
48 
24 
8 
32 
32 
32 
21 
25 
18 
23 
24 
21 
13 
6 
13 
21 
21 
32 
32 
11 
37 
7 
33 
47 
40 
33 
39 
15 
16 
40 
64 
40 
16 
24 
23 
0 
0 
10 
30 
37 
56 
8 
5 
33 
74 
66 
15 
23 
48 
16 
0 
18 
42 
58 
54 
45 
72 
4 
82 
92 
74 
96 
93 
53 
53 
24 
15 
40 
31 
39 
14 
13 
16 
7 
40 
33 
5 
18 
0 
8 
48 
37 
6 
2 
8 
0 
1 
23 
9 
7 
9 
26 
8 
21 
41 
42 
50 
26 
16 
16 
8 
7 
2 
1 
5 
16 
4 
26 
42 
47 
48 
32 
9 
10 
8 
15 
22 
37 
0 
24 
32 
17 
10 
39 
39 
65 
42 
15 
8 
17 
13 
45 
64 
55 
25 
26 
15 
32 
25 
34 
23 
40 
33 
26 
7 
8 
8 
1 
2 
7 
0 
23 
14 
13 
0 
12 
10 
23 
57 
58 
15 
15 
8 
1 
10 
0 
15 
32 
40 
24 
6 
21 
56 
15 
17 
23 
17 
15 
49 
50 
23 
32 
0 
0 
16 
13 
1 
18 
55 
47 
15 
24 
0 
1 
45 
45 
48 
0 
53 
57 
66 
42 
32 
72 
7 
17 
50 
55 
95 
86 
5 
16 
32 
0 
30 
61 
71 
86 
88 
11 
2 
20 
10 
71 
81 
39 
24 
33 
34 
58 
55 
39 
16 
8 
8 
23 
39 
30 
13 
15 
1 
47 
76 
66 
47 
40 
17 
13 
8 
0 
0 
0 
1 
13 
2 
8 
0 
9 
47 
64 
45 
33 
26 
30 
13 
13 
2 
14 
45 
21 
7 
24 
1 
2 
7 
28 
34 
31 
32 
45 
25 
18 
10 
69 
45 
32 
15 
14 
0 
9 
23 
49 
50 
55 
80 
64 
64 
24 
15 
15 
39 
86 
101 
8 
20 
5 
39 
112 
73 
87 
48 
5 
6 
69 
13 
10 
16 
40 
55 
38 
31 
73 
58 
44 
26 
23 
17 
10 
0 
33 
26 
0 
8 
16 
21 
2 
2 
50 
14 
42 
24 
17 
31 
48 
41 
18 
8 
23 
23 
6 
5 
16 
9 
10 
39 
48 
17 
10 
23 
36 
42 
26 
23 
0 
14 
21 
32 
7 
1 
13 
23 
14 
15 
25 
26 
32 
73 
82 
64 
40 
2 
14 
37 
56 
67 
61 
11 
10 
44 
58 
32 
41 
74 
80 
41 
10 
13 
8 
23 
31 
0 
0 
23 
1 
5 
24 
62 
2 
52 
66 
47 
40 
1 
18 
15 
12 
2 
21 
0 
32 
9 
21 
32 
25 
58 
56 
49 
50 
50 
26 
16 
48 
71 
91 
61 
27 
26 
44 
26 
32 
49 
39 
48 
33 
26 
23 
7 
0 
14 
2 
0 
22 
29 
8 
28 
42 
47 
32 
33 
26 
7 
7 
22 
26 
31 
23 
8 
9 
13 
5 
53 
56 
15 
33 
63 
96 
33 
34 
47 
56 
25 
5 
32 
7 
8 
1 
13 
13 
7 
24 
17 
39 
24 
17 
2 
7 
32 
32 
16 
8 
10 
46 
40 
38 
16 
6 
7 
49 
74 
111 
79 
47 
15 
24 
46 
37 
3 
21 
32 
22 
0 
4 
18 
32 
49 
55 
56 
21 
33 
50 
26 
21 
40 
39 
30 
24 
54 
16 
9 
39 
33 
55 
81 
74 
71 
32 
26 
30 
29 
37 
40 
24 
69 
65 
50 
23 
15 
30 
0 
8 
9 
0 
0 
30 
24 
32 
65 
34 
5 
5 
40 
3 
26 
44 
50 
24 
1 
7 
1 
15 
33 
18 
0 
29 
9 
37 
64 
40 
3 
58 
95 
89 
34 
7 
8 
13 
25 
10 
8 
8 
7 
22 
37 
16 
6 
10 
20 
26 
33 
42 
32 
1 
8 
9 
26 
24 
33 
2 
0 
15 
14 
8 
20 
26 
55 
56 
64 
21 
6 
10 
39 
48 
8 
13 
9 
45 
61 
71 
46 
28 
18 
52 
42 
36 
26 
39 
49 
66 
47 
7 
46 
21 
8 
0 
9 
8 
4 
26 
52 
58 
48 
49 
58 
55 
16 
56 
39 
2 
1 
5 
8 
32 
33 
5 
8 
25 
18 
15 
0 
6 
2 
2 
16 
9 
26 
23 
9 
2 
47 
9 
71 
73 
47 
41 
10 
0 
32 
21 
6 
13 
32 
24 
23 
1 
13 
24 
25 
50 
60 
58 
47 
40 
13 
9 
2 
24 
23 
22 
29 
16 
1 
5 
12 
34 
63 
57 
42 
31 
47 
55 
79 
39 
10 
16 
32 
47 
62 
69 
35 
13 
8 
17 
47 
64 
57 
18 
7 
9 
2 
15 
12 
21 
16 
17 
26 
40 
57 
31 
40 
40 
2 
34 
1 
10 
26 
10 
0 
16 
11 
5 
0 
17 
26 
31 
53 
49 
42 
15 
15 
31 
0 
0 
7 
18 
6 
2 
34 
0 
35 
29 
40 
27 
5 
32 
65 
79 
96 
80 
48 
24 
24 
7 
55 
47 
0 
14 
29 
7 
25 
58 
47 
16 
2 
10 
18 
45 
61 
1 
29 
32 
22 
4 
21 
35 
53 
28 
58 
68 
66 
55 
40 
45 
21 
25 
10 
10 
10 
21 
48 
23 
25 
31 
16 
1 
10 
31 
40 
1 
13 
15 
7 
7 
16 
8 
17 
2 
26 
55 
40 
24 
24 
0 
2 
17 
10 
18 
15 
15 
0 
56 
63 
38 
37 
8 
33 
23 
88 
57 
55 
72 
37 
6 
13 
24 
72 
43 
5 
7 
25 
34 
72 
73 
71 
55 
0 
16 
0 
7 
32 
63 
11 
26 
7 
3 
5 
23 
52 
50 
58 
31 
7 
4 
2 
7 
3 
2 
24 
39 
22 
21 
15 
32 
25 
7 
20 
18 
44 
26 
15 
44 
34 
18 
7 
24 
16 
2 
2 
18 
22 
2 
24 
33 
50 
55 
56 
15 
23 
0 
21 
41 
18 
2 
29 
40 
47 
54 
32 
17 
63 
81 
66 
63 
31 
8 
7 
15 
0 
24 
29 
41 
26 
7 
7 
30 
37 
8 
4 
5 
15 
32 
25 
26 
0 
1 
10 
0 
8 
1 
2 
16 
9 
23 
0 
17 
63 
80 
72 
24 
0 
31 
15 
2 
30 
13 
16 
12 
10 
31 
36 
18 
23 
32 
25 
10 
2 
40 
0 
25 
26 
2 
7 
15 
31 
32 
28 
5 
0 
17 
42 
40 
13 
9 
29 
5 
24 
48 
55 
62 
0 
76 
90 
64 
41 
50 
55 
39 
8 
10 
6 
13 
16 
24 
35 
21 
31 
40 
40 
53 
73 
66 
50 
39 
8 
80 
47 
31 
26 
30 
37 
15 
9 
7 
17 
47 
49 
47 
48 
33 
18 
15 
7 
0 
22 
29 
16 
7 
1 
8 
9 
34 
44 
34 
40 
57 
74 
34 
23 
8 
24 
7 
15 
7 
8 
15 
22 
21 
11 
13 
16 
33 
23 
16 
9 
7 
8 
9 
7 
0 
17 
10 
23 
24 
25 
58 
39 
40 
9 
37 
32 
7 
1 
10 
31 
0 
86 
24 
36 
26 
32 
25 
31 
52 
50 
47 
53 
25 
18 
2 
21 
40 
32 
31 
22 
16 
9 
18 
16 
73 
98 
79 
64 
8 
15 
14 
2 
8 
7 
16 
7 
0 
8 
8 
16 
25 
26 
23 
16 
24 
24 
24 
8 
23 
55 
23 
0 
1 
2 
0 
12 
26 
55 
41 
34 
47 
39 
32 
8 
7 
7 
8 
23 
23 
22 
37 
24 
15 
1 
42 
63 
80 
57 
18 
2 
8 
7 
7 
31 
43 
21 
7 
32 
33 
18 
31 
0 
41 
58 
39 
48 
24 
2 
26 
38 
37 
29 
24 
6 
2 
32 
41 
50 
48 
24 
17 
34 
31 
31 
15 
7 
15 
0 
8 
31 
23 
6 
5 
3 
10 
7 
17 
16 
24 
53 
33 
26 
15 
23 
8 
15 
14 
8 
3 
13 
12 
50 
31 
4 
13 
7 
40 
57 
50 
7 
15 
18 
22 
10 
15 
8 
25 
58 
71 
48 
32 
8 
7 
0 
7 
2 
10 
1 
2 
5 
13 
7 
0 
9 
18 
31 
56 
49 
26 
2 
7 
0 
16 
7 
0 
15 
1 
2 
26 
15 
41 
50 
34 
39 
7 
23 
24 
2 
38 
61 
5 
15 
17 
2 
8 
17 
66 
44 
34 
8 
1 
10 
0 
8 
37 
53 
37 
21 
0 
0 
13 
13 
2 
6 
2 
0 
16 
25 
26 
23 
8 
13 
17 
10 
5 
8 
8 
8 
39 
30 
0 
36 
50 
39 
24 
41 
50 
15 
0 
7 
0 
2 
6 
5 
16 
6 
2 
16 
33 
31 
48 
17 
58 
50 
10 
10 
2 
13 
24 
24 
7 
1 
10 
24 
25 
2 
0 
0 
9 
34 
31 
16 
49 
10 
2 
0 
15 
38 
21 
15 
17 
39 
40 
25 
26 
24 
49 
50 
31 
15 
7 
23 
31 
23 
30 
18 
39 
56 
57 
42 
23 
0 
8 
55 
7 
17 
18 
26 
7 
7 
1 
10 
4 
18 
23 
32 
49 
42 
34 
18 
15 
7 
8 
0 
0 
0 
0 
0 
7 
2 
17 
34 
66 
58 
