9 
47 
71 
71 
54 
29 
16 
25 
26 
24 
9 
18 
34 
26 
42 
26 
6 
14 
29 
45 
32 
15 
9 
7 
36 
34 
31 
32 
9 
5 
8 
3 
2 
0 
7 
6 
8 
8 
25 
50 
72 
80 
77 
49 
34 
6 
14 
13 
13 
21 
32 
47 
54 
56 
30 
0 
33 
55 
73 
74 
47 
24 
17 
21 
32 
23 
14 
21 
7 
1 
23 
32 
33 
39 
36 
10 
24 
61 
77 
61 
48 
23 
18 
1 
62 
53 
40 
38 
24 
17 
42 
39 
47 
48 
40 
24 
2 
1 
13 
13 
24 
16 
0 
0 
17 
34 
55 
55 
64 
64 
47 
31 
14 
2 
10 
47 
47 
47 
55 
78 
44 
21 
4 
19 
42 
52 
42 
55 
57 
42 
42 
31 
23 
7 
24 
32 
31 
46 
35 
20 
4 
5 
25 
44 
42 
48 
41 
42 
39 
55 
55 
43 
37 
16 
15 
31 
31 
47 
31 
15 
0 
32 
16 
32 
24 
23 
15 
38 
29 
32 
27 
29 
4 
10 
52 
66 
72 
65 
42 
26 
23 
0 
0 
15 
30 
40 
27 
5 
15 
41 
50 
56 
57 
42 
23 
23 
16 
8 
0 
2 
22 
21 
32 
23 
30 
20 
26 
72 
65 
74 
47 
39 
39 
18 
6 
5 
10 
1 
13 
29 
64 
51 
21 
6 
23 
65 
79 
63 
47 
46 
37 
40 
48 
23 
13 
48 
79 
62 
52 
29 
6 
31 
25 
18 
16 
17 
34 
39 
63 
55 
23 
2 
2 
5 
16 
7 
1 
23 
28 
5 
19 
21 
12 
18 
23 
0 
38 
48 
35 
32 
1 
28 
58 
80 
73 
74 
71 
79 
71 
55 
38 
13 
18 
47 
70 
93 
83 
61 
30 
12 
26 
44 
58 
47 
41 
34 
47 
48 
45 
21 
13 
10 
14 
2 
15 
23 
32 
37 
37 
25 
26 
10 
2 
13 
13 
24 
15 
7 
22 
37 
24 
22 
11 
13 
6 
6 
12 
27 
34 
44 
34 
44 
26 
15 
25 
2 
4 
13 
30 
35 
43 
51 
59 
66 
41 
35 
18 
20 
10 
7 
9 
13 
0 
2 
6 
10 
10 
10 
6 
45 
13 
10 
22 
45 
45 
48 
38 
37 
35 
37 
32 
30 
24 
11 
13 
56 
35 
29 
32 
30 
24 
14 
0 
25 
31 
25 
15 
17 
10 
15 
16 
29 
13 
1 
5 
5 
5 
13 
24 
40 
48 
47 
38 
45 
48 
38 
53 
75 
84 
53 
30 
19 
4 
2 
9 
36 
27 
2 
6 
3 
12 
5 
11 
21 
30 
12 
5 
11 
8 
14 
27 
35 
4 
3 
10 
9 
20 
12 
37 
54 
27 
20 
29 
38 
27 
27 
43 
55 
41 
36 
34 
36 
26 
28 
31 
25 
44 
26 
17 
3 
21 
38 
27 
12 
36 
44 
60 
59 
58 
25 
4 
20 
53 
78 
110 
98 
89 
79 
57 
23 
9 
11 
45 
46 
54 
51 
35 
14 
1 
25 
41 
49 
41 
33 
36 
20 
11 
10 
9 
20 
2 
4 
7 
9 
20 
15 
25 
36 
35 
26 
9 
11 
13 
6 
4 
2 
12 
5 
14 
28 
36 
20 
19 
36 
28 
44 
43 
34 
36 
58 
79 
57 
42 
34 
7 
7 
6 
10 
7 
9 
7 
9 
2 
7 
1 
10 
15 
24 
17 
0 
3 
13 
11 
13 
3 
2 
6 
3 
12 
10 
1 
6 
4 
3 
3 
3 
3 
6 
6 
1 
1 
1 
6 
6 
6 
12 
20 
19 
10 
14 
19 
20 
21 
22 
4 
5 
22 
3 
29 
30 
19 
20 
13 
6 
14 
12 
4 
17 
21 
14 
22 
22 
27 
75 
67 
67 
62 
50 
41 
36 
18 
51 
28 
21 
22 
11 
12 
4 
25 
5 
17 
41 
68 
79 
105 
87 
88 
73 
42 
26 
8 
39 
30 
37 
39 
30 
21 
0 
9 
23 
25 
15 
9 
19 
10 
4 
2 
12 
10 
7 
9 
2 
15 
24 
25 
31 
49 
50 
44 
18 
16 
38 
32 
22 
8 
1 
0 
14 
24 
38 
19 
12 
26 
41 
60 
67 
58 
48 
17 
7 
20 
2 
12 
5 
19 
13 
19 
16 
6 
20 
67 
74 
103 
96 
72 
48 
23 
7 
7 
8 
24 
32 
32 
59 
77 
54 
19 
20 
39 
65 
63 
40 
40 
29 
13 
1 
0 
4 
21 
16 
22 
0 
24 
41 
47 
64 
49 
42 
15 
8 
7 
18 
6 
2 
8 
7 
6 
13 
0 
9 
28 
42 
36 
26 
32 
25 
34 
23 
15 
7 
16 
7 
2 
22 
24 
11 
2 
28 
26 
31 
25 
23 
32 
25 
10 
0 
31 
56 
32 
8 
5 
9 
5 
7 
24 
1 
7 
12 
29 
32 
43 
29 
11 
0 
17 
18 
32 
49 
50 
66 
47 
71 
71 
55 
23 
0 
7 
24 
23 
15 
22 
21 
16 
11 
37 
32 
17 
31 
52 
34 
15 
17 
2 
3 
13 
16 
14 
16 
6 
0 
6 
28 
42 
63 
77 
81 
74 
42 
26 
2 
5 
2 
8 
24 
31 
22 
5 
0 
16 
17 
10 
7 
17 
15 
1 
16 
14 
15 
16 
17 
26 
42 
42 
26 
26 
2 
10 
8 
3 
10 
0 
17 
26 
34 
18 
2 
2 
10 
8 
8 
0 
9 
2 
7 
8 
17 
23 
12 
2 
0 
6 
21 
16 
6 
13 
3 
2 
19 
18 
28 
23 
41 
55 
72 
61 
41 
30 
2 
22 
29 
40 
19 
21 
11 
37 
54 
19 
20 
51 
66 
72 
69 
65 
54 
25 
10 
2 
13 
0 
0 
0 
5 
21 
41 
34 
26 
31 
23 
4 
13 
32 
15 
9 
10 
26 
18 
13 
13 
23 
14 
0 
17 
26 
24 
25 
2 
7 
23 
24 
21 
25 
18 
7 
0 
6 
13 
4 
18 
31 
17 
7 
0 
1 
0 
0 
1 
5 
0 
30 
40 
46 
27 
28 
51 
58 
52 
47 
48 
41 
42 
55 
50 
50 
18 
21 
64 
83 
52 
33 
13 
17 
44 
42 
40 
49 
82 
90 
62 
17 
5 
5 
2 
8 
16 
24 
15 
1 
42 
63 
55 
31 
34 
30 
13 
8 
16 
0 
7 
31 
31 
30 
21 
8 
1 
10 
24 
1 
23 
20 
2 
16 
6 
10 
16 
9 
8 
23 
6 
7 
17 
47 
76 
82 
74 
55 
15 
18 
18 
22 
5 
26 
30 
21 
24 
23 
30 
16 
1 
7 
9 
7 
9 
23 
28 
26 
15 
15 
8 
1 
13 
4 
10 
47 
73 
50 
42 
15 
24 
21 
17 
5 
21 
8 
7 
22 
13 
8 
8 
17 
34 
39 
48 
45 
37 
25 
18 
26 
22 
5 
22 
21 
37 
48 
54 
36 
13 
6 
36 
42 
56 
41 
50 
47 
24 
16 
9 
2 
10 
0 
0 
0 
6 
10 
32 
57 
50 
31 
23 
16 
16 
8 
9 
5 
13 
16 
32 
23 
3 
10 
31 
68 
66 
39 
40 
21 
5 
6 
21 
48 
43 
69 
67 
40 
30 
4 
34 
49 
79 
96 
97 
82 
55 
39 
7 
0 
8 
7 
7 
30 
29 
15 
6 
15 
32 
49 
66 
66 
31 
31 
18 
2 
1 
5 
22 
45 
48 
27 
13 
3 
2 
28 
34 
39 
49 
42 
23 
16 
17 
5 
16 
35 
45 
24 
22 
4 
2 
20 
39 
25 
15 
9 
36 
50 
63 
69 
57 
18 
21 
29 
24 
3 
18 
23 
33 
26 
7 
4 
5 
7 
9 
2 
15 
16 
9 
13 
13 
7 
6 
4 
12 
13 
14 
9 
44 
42 
44 
42 
47 
40 
17 
10 
7 
7 
8 
17 
26 
31 
56 
56 
32 
29 
17 
10 
2 
21 
40 
55 
54 
56 
27 
5 
44 
82 
95 
79 
71 
55 
47 
31 
8 
23 
47 
54 
69 
64 
46 
13 
12 
18 
12 
4 
13 
17 
52 
66 
88 
77 
61 
29 
13 
6 
13 
5 
32 
22 
20 
5 
44 
66 
79 
47 
23 
23 
16 
8 
0 
8 
8 
15 
18 
14 
5 
0 
17 
26 
16 
1 
16 
11 
13 
23 
14 
7 
9 
18 
16 
41 
34 
39 
56 
72 
69 
61 
37 
21 
6 
13 
5 
2 
13 
24 
40 
51 
45 
27 
5 
28 
42 
52 
50 
39 
56 
53 
41 
26 
2 
21 
40 
47 
46 
52 
45 
14 
9 
60 
74 
103 
112 
96 
71 
42 
6 
10 
18 
34 
38 
37 
21 
7 
6 
7 
36 
50 
39 
31 
24 
16 
15 
8 
8 
23 
30 
29 
31 
14 
7 
25 
31 
9 
3 
21 
14 
0 
17 
42 
47 
39 
47 
31 
31 
7 
24 
41 
34 
31 
32 
32 
24 
2 
22 
37 
29 
32 
38 
45 
43 
29 
11 
3 
10 
33 
60 
71 
80 
57 
42 
34 
31 
15 
32 
51 
45 
19 
2 
31 
44 
50 
71 
64 
41 
26 
7 
11 
45 
56 
54 
27 
2 
23 
25 
26 
23 
33 
42 
55 
56 
57 
58 
42 
22 
2 
5 
5 
22 
45 
48 
47 
46 
24 
1 
28 
34 
52 
42 
40 
33 
10 
15 
7 
16 
13 
6 
5 
16 
6 
2 
28 
42 
47 
49 
34 
7 
15 
46 
37 
35 
24 
6 
16 
14 
27 
28 
14 
26 
41 
44 
75 
74 
71 
71 
58 
54 
53 
40 
24 
0 
7 
15 
10 
7 
0 
0 
8 
0 
22 
45 
32 
23 
1 
5 
24 
4 
5 
11 
13 
12 
31 
57 
74 
72 
64 
53 
45 
21 
5 
5 
2 
10 
18 
38 
56 
43 
29 
14 
20 
23 
25 
47 
49 
50 
39 
32 
32 
13 
9 
2 
10 
18 
7 
24 
16 
25 
34 
23 
15 
22 
5 
8 
1 
5 
16 
23 
22 
40 
46 
27 
3 
51 
66 
64 
41 
50 
56 
56 
45 
45 
5 
22 
37 
51 
37 
3 
23 
49 
58 
55 
55 
32 
40 
24 
24 
8 
10 
30 
45 
45 
24 
17 
34 
31 
33 
42 
47 
40 
32 
8 
5 
5 
6 
5 
21 
24 
15 
14 
13 
4 
10 
36 
34 
40 
41 
50 
55 
55 
55 
55 
70 
72 
38 
16 
6 
8 
9 
10 
8 
6 
34 
31 
32 
17 
10 
2 
10 
6 
13 
5 
0 
6 
10 
23 
53 
65 
66 
26 
13 
45 
55 
46 
32 
22 
24 
7 
17 
42 
55 
55 
48 
65 
82 
55 
40 
31 
23 
6 
2 
7 
15 
23 
47 
62 
56 
38 
12 
13 
28 
34 
47 
33 
26 
15 
15 
16 
17 
7 
0 
22 
24 
30 
3 
18 
44 
58 
52 
42 
31 
32 
21 
9 
18 
7 
7 
14 
29 
16 
4 
26 
39 
57 
50 
39 
8 
22 
32 
27 
21 
4 
10 
0 
0 
6 
8 
1 
19 
34 
44 
39 
56 
41 
58 
58 
54 
45 
21 
18 
22 
45 
32 
23 
22 
8 
14 
0 
36 
10 
0 
17 
34 
40 
25 
10 
8 
7 
25 
26 
42 
58 
58 
58 
42 
18 
2 
2 
0 
16 
31 
31 
30 
21 
24 
15 
22 
0 
9 
0 
9 
12 
15 
17 
12 
13 
11 
5 
17 
31 
49 
58 
71 
56 
40 
33 
18 
23 
32 
9 
5 
8 
23 
14 
21 
24 
22 
32 
14 
0 
25 
31 
40 
85 
101 
101 
69 
40 
15 
16 
48 
71 
62 
37 
31 
22 
0 
16 
17 
31 
52 
50 
40 
25 
15 
0 
22 
8 
0 
17 
26 
23 
8 
1 
10 
15 
24 
25 
10 
7 
23 
54 
59 
68 
92 
99 
82 
71 
56 
16 
1 
21 
40 
62 
76 
81 
69 
70 
54 
46 
34 
25 
1 
10 
1 
9 
20 
15 
6 
19 
60 
57 
65 
68 
11 
9 
17 
17 
13 
1 
17 
19 
26 
44 
67 
50 
41 
52 
43 
18 
22 
67 
67 
59 
50 
49 
52 
15 
1 
3 
44 
60 
76 
100 
108 
92 
50 
9 
15 
17 
7 
22 
11 
36 
57 
60 
68 
42 
1 
3 
49 
73 
81 
76 
63 
57 
55 
33 
42 
24 
6 
24 
38 
19 
4 
4 
14 
26 
33 
28 
10 
22 
27 
20 
13 
14 
11 
11 
4 
12 
4 
4 
36 
60 
68 
75 
58 
64 
49 
42 
31 
24 
9 
15 
8 
14 
13 
3 
2 
17 
31 
25 
28 
5 
19 
21 
35 
44 
45 
70 
66 
65 
60 
5 
54 
82 
97 
132 
130 
112 
97 
98 
74 
70 
53 
24 
16 
40 
40 
55 
62 
56 
62 
16 
6 
4 
5 
12 
18 
4 
0 
9 
4 
10 
14 
3 
4 
2 
41 
63 
57 
39 
36 
58 
55 
32 
1 
5 
7 
22 
40 
46 
32 
22 
11 
11 
11 
18 
33 
60 
74 
88 
72 
72 
48 
31 
15 
10 
2 
5 
2 
5 
0 
16 
1 
2 
8 
7 
14 
13 
24 
38 
45 
11 
13 
3 
2 
9 
20 
34 
49 
55 
48 
41 
50 
31 
23 
31 
40 
24 
10 
30 
48 
11 
21 
35 
28 
12 
10 
25 
44 
42 
15 
25 
42 
50 
47 
31 
31 
39 
40 
8 
6 
21 
19 
29 
11 
5 
20 
18 
31 
55 
47 
62 
45 
24 
16 
0 
1 
18 
31 
0 
14 
5 
13 
16 
8 
0 
8 
13 
9 
2 
0 
8 
17 
18 
7 
28 
26 
23 
24 
1 
5 
8 
7 
6 
8 
0 
17 
34 
31 
24 
25 
34 
39 
32 
24 
1 
21 
23 
30 
24 
0 
17 
18 
18 
31 
63 
80 
64 
53 
45 
21 
10 
42 
38 
37 
5 
15 
8 
3 
37 
68 
73 
65 
25 
14 
42 
100 
106 
71 
47 
48 
49 
42 
42 
23 
18 
5 
1 
21 
21 
29 
41 
34 
26 
5 
21 
9 
5 
2 
2 
10 
14 
29 
32 
0 
29 
49 
58 
66 
50 
26 
18 
13 
24 
24 
23 
38 
13 
8 
24 
7 
9 
23 
48 
57 
47 
48 
40 
13 
6 
21 
16 
7 
22 
16 
23 
6 
5 
3 
2 
12 
42 
49 
47 
48 
41 
34 
26 
10 
32 
35 
53 
43 
24 
1 
31 
68 
74 
90 
103 
95 
74 
18 
29 
69 
96 
70 
37 
0 
9 
34 
50 
58 
50 
74 
70 
77 
45 
24 
16 
16 
32 
48 
56 
56 
51 
45 
24 
30 
2 
20 
34 
52 
42 
47 
17 
18 
0 
1 
10 
18 
31 
16 
0 
1 
10 
32 
33 
50 
39 
33 
10 
0 
23 
30 
16 
0 
9 
13 
16 
19 
29 
19 
7 
33 
72 
81 
71 
63 
24 
16 
17 
2 
2 
8 
7 
14 
5 
0 
24 
25 
18 
8 
17 
23 
23 
8 
8 
8 
1 
2 
26 
39 
31 
23 
23 
31 
39 
55 
55 
50 
38 
13 
15 
24 
40 
29 
29 
29 
29 
32 
15 
22 
8 
14 
0 
17 
31 
25 
18 
15 
40 
29 
21 
17 
13 
21 
23 
14 
0 
25 
55 
49 
47 
24 
17 
15 
16 
1 
21 
16 
11 
53 
62 
59 
36 
3 
18 
41 
71 
89 
90 
71 
63 
23 
16 
13 
1 
13 
16 
8 
0 
17 
26 
47 
47 
56 
24 
22 
53 
51 
37 
16 
30 
37 
35 
13 
20 
34 
68 
82 
71 
65 
34 
23 
24 
32 
6 
37 
40 
30 
21 
3 
5 
7 
1 
34 
64 
77 
65 
50 
34 
18 
0 
8 
15 
15 
38 
45 
56 
38 
0 
25 
47 
57 
71 
80 
61 
45 
13 
8 
15 
46 
53 
51 
61 
19 
13 
4 
15 
41 
72 
73 
79 
80 
53 
45 
5 
0 
0 
15 
15 
18 
22 
13 
15 
6 
15 
33 
34 
40 
1 
16 
3 
29 
8 
25 
42 
23 
24 
32 
48 
29 
33 
34 
66 
63 
47 
7 
16 
23 
23 
26 
22 
37 
40 
27 
29 
11 
5 
28 
42 
49 
47 
44 
34 
31 
16 
1 
5 
8 
8 
1 
2 
7 
32 
33 
42 
48 
49 
18 
10 
0 
8 
15 
7 
1 
2 
8 
23 
14 
16 
4 
5 
12 
26 
44 
42 
39 
33 
10 
26 
39 
23 
0 
8 
16 
29 
37 
37 
41 
34 
42 
26 
2 
1 
2 
2 
10 
14 
45 
37 
40 
19 
29 
4 
10 
24 
33 
47 
32 
17 
7 
20 
2 
15 
32 
21 
1 
29 
16 
24 
41 
42 
39 
52 
26 
0 
8 
1 
13 
0 
16 
24 
7 
22 
29 
24 
14 
15 
33 
15 
6 
3 
2 
17 
47 
64 
64 
32 
7 
0 
8 
7 
31 
63 
72 
72 
63 
55 
42 
46 
32 
8 
45 
61 
61 
53 
61 
48 
31 
6 
2 
16 
17 
23 
32 
40 
33 
34 
26 
15 
7 
19 
29 
40 
3 
2 
16 
25 
39 
48 
65 
66 
58 
42 
34 
10 
13 
40 
40 
46 
37 
23 
22 
4 
10 
20 
26 
52 
50 
55 
40 
41 
26 
10 
10 
2 
2 
8 
0 
8 
1 
18 
23 
40 
48 
45 
53 
53 
32 
15 
10 
9 
10 
34 
30 
45 
48 
54 
44 
29 
6 
20 
42 
48 
85 
77 
53 
40 
24 
15 
0 
0 
10 
22 
2 
7 
32 
29 
33 
34 
26 
18 
0 
8 
8 
24 
24 
15 
30 
24 
14 
4 
10 
17 
47 
48 
41 
26 
0 
27 
45 
35 
21 
9 
39 
56 
65 
58 
63 
63 
72 
64 
64 
63 
38 
2 
31 
48 
48 
48 
63 
54 
48 
19 
10 
40 
41 
42 
40 
49 
50 
42 
34 
22 
21 
8 
7 
23 
7 
1 
2 
7 
4 
2 
23 
16 
1 
21 
7 
6 
2 
0 
6 
2 
7 
20 
34 
48 
33 
47 
40 
21 
17 
34 
46 
29 
21 
16 
7 
5 
29 
37 
32 
6 
2 
32 
33 
42 
50 
66 
54 
37 
21 
8 
15 
39 
55 
54 
61 
32 
14 
15 
25 
31 
33 
50 
56 
33 
26 
23 
0 
39 
62 
48 
22 
4 
34 
71 
65 
74 
66 
79 
66 
42 
30 
13 
18 
38 
45 
45 
8 
0 
16 
16 
6 
13 
8 
16 
9 
5 
0 
1 
4 
21 
11 
0 
25 
28 
15 
17 
19 
18 
28 
26 
39 
25 
42 
32 
24 
29 
9 
2 
21 
32 
3 
10 
39 
57 
74 
87 
71 
31 
8 
23 
14 
37 
48 
31 
26 
14 
5 
7 
8 
33 
47 
56 
57 
34 
31 
31 
24 
8 
7 
6 
13 
21 
23 
38 
48 
38 
11 
20 
1 
2 
25 
52 
66 
80 
73 
42 
34 
31 
0 
7 
22 
29 
30 
4 
18 
40 
49 
39 
32 
16 
1 
2 
4 
5 
16 
1 
7 
0 
1 
18 
39 
72 
69 
37 
25 
10 
8 
23 
22 
21 
8 
30 
56 
62 
35 
12 
1 
18 
41 
52 
51 
34 
20 
0 
1 
23 
1 
4 
5 
1 
23 
41 
50 
71 
79 
80 
72 
45 
25 
26 
10 
13 
29 
64 
40 
27 
45 
32 
14 
7 
17 
47 
60 
58 
47 
40 
17 
5 
24 
23 
6 
8 
11 
37 
19 
37 
22 
1 
4 
19 
42 
57 
63 
33 
31 
40 
25 
26 
7 
0 
14 
24 
6 
7 
17 
36 
26 
44 
34 
39 
40 
29 
21 
9 
2 
8 
32 
30 
5 
8 
9 
7 
1 
2 
20 
18 
12 
26 
32 
33 
34 
58 
74 
86 
88 
83 
64 
54 
28 
21 
11 
8 
1 
28 
18 
20 
10 
7 
1 
16 
3 
45 
39 
30 
16 
6 
16 
22 
13 
28 
26 
24 
33 
26 
42 
34 
54 
45 
8 
25 
58 
90 
102 
77 
32 
17 
13 
8 
24 
6 
21 
7 
6 
7 
23 
54 
72 
78 
68 
53 
51 
36 
37 
38 
4 
31 
33 
52 
66 
63 
49 
26 
34 
26 
2 
17 
10 
18 
14 
29 
21 
24 
16 
16 
8 
23 
15 
22 
0 
15 
56 
64 
64 
47 
22 
2 
18 
38 
37 
32 
16 
24 
0 
40 
51 
13 
1 
28 
82 
127 
115 
109 
110 
107 
102 
70 
58 
25 
4 
51 
51 
42 
33 
39 
24 
29 
53 
72 
80 
63 
30 
18 
50 
42 
22 
5 
15 
40 
63 
62 
19 
20 
71 
89 
74 
39 
39 
63 
78 
96 
86 
43 
0 
57 
66 
10 
5 
9 
18 
2 
13 
32 
0 
47 
62 
93 
72 
46 
12 
34 
12 
13 
15 
22 
21 
13 
7 
31 
39 
40 
16 
24 
24 
16 
27 
45 
56 
30 
11 
5 
33 
55 
73 
71 
92 
98 
42 
2 
32 
51 
77 
67 
53 
19 
5 
12 
39 
73 
114 
158 
164 
149 
106 
89 
81 
89 
68 
36 
27 
114 
137 
138 
134 
101 
56 
14 
10 
7 
16 
13 
1 
2 
15 
8 
6 
5 
27 
61 
27 
5 
36 
50 
80 
97 
94 
61 
37 
21 
0 
16 
48 
23 
16 
45 
48 
8 
7 
1 
26 
55 
56 
40 
24 
24 
24 
0 
7 
16 
56 
70 
92 
93 
62 
3 
39 
89 
98 
103 
95 
86 
93 
104 
99 
85 
35 
31 
81 
98 
87 
55 
14 
5 
23 
7 
7 
7 
8 
14 
61 
99 
114 
121 
103 
52 
20 
105 
152 
165 
205 
220 
217 
193 
169 
129 
68 
4 
51 
123 
162 
191 
159 
142 
96 
70 
7 
33 
63 
80 
88 
111 
118 
93 
48 
16 
37 
21 
37 
61 
53 
37 
0 
16 
25 
18 
7 
24 
33 
18 
14 
21 
21 
24 
16 
2 
22 
18 
24 
33 
34 
63 
71 
39 
10 
5 
1 
10 
10 
8 
1 
13 
16 
23 
23 
26 
30 
21 
17 
5 
29 
32 
23 
5 
10 
10 
5 
2 
2 
37 
37 
37 
56 
56 
31 
2 
18 
42 
46 
29 
2 
10 
7 
15 
16 
22 
93 
75 
61 
62 
43 
20 
18 
48 
57 
34 
18 
34 
18 
15 
31 
24 
10 
54 
69 
80 
71 
63 
54 
21 
35 
52 
57 
41 
25 
17 
6 
34 
41 
55 
64 
61 
53 
53 
32 
38 
0 
1 
16 
19 
21 
7 
64 
64 
56 
56 
63 
42 
30 
29 
21 
5 
37 
13 
30 
53 
56 
22 
13 
15 
6 
0 
9 
10 
39 
72 
96 
99 
101 
67 
45 
7 
17 
38 
77 
96 
110 
72 
54 
56 
30 
39 
113 
130 
122 
110 
80 
47 
38 
24 
7 
32 
56 
55 
38 
29 
40 
51 
29 
28 
10 
11 
21 
35 
36 
36 
1 
2 
17 
44 
71 
105 
106 
79 
64 
56 
45 
25 
5 
29 
8 
39 
86 
101 
59 
13 
39 
48 
64 
88 
102 
92 
65 
25 
2 
25 
65 
87 
57 
26 
8 
14 
21 
19 
12 
21 
30 
38 
14 
18 
17 
27 
18 
24 
9 
12 
10 
14 
19 
20 
17 
33 
49 
57 
49 
52 
68 
99 
86 
58 
17 
4 
20 
2 
12 
4 
49 
77 
74 
57 
17 
36 
42 
43 
92 
105 
97 
87 
57 
31 
12 
5 
3 
20 
13 
6 
3 
27 
11 
20 
4 
17 
17 
41 
17 
11 
20 
13 
14 
7 
17 
55 
57 
39 
25 
20 
20 
4 
11 
19 
35 
18 
6 
43 
36 
44 
28 
20 
19 
35 
3 
28 
27 
19 
35 
66 
148 
178 
143 
80 
72 
10 
62 
37 
56 
54 
20 
13 
14 
27 
4 
34 
44 
34 
44 
42 
39 
28 
2 
19 
57 
85 
22 
6 
14 
11 
20 
43 
67 
66 
33 
7 
6 
19 
29 
52 
82 
79 
64 
41 
7 
17 
39 
49 
15 
22 
21 
28 
26 
61 
88 
70 
5 
22 
43 
60 
36 
4 
68 
87 
81 
76 
90 
76 
58 
42 
15 
0 
68 
18 
8 
31 
17 
7 
43 
69 
27 
69 
94 
3 
90 
112 
96 
101 
85 
80 
32 
32 
96 
55 
1 
23 
1 
3 
42 
36 
50 
48 
33 
2 
23 
38 
40 
46 
32 
46 
19 
12 
18 
44 
63 
25 
66 
64 
73 
74 
74 
26 
29 
21 
5 
0 
32 
9 
18 
16 
23 
9 
34 
39 
9 
37 
51 
93 
94 
99 
35 
3 
84 
138 
192 
208 
139 
120 
70 
71 
25 
170 
95 
70 
40 
54 
3 
53 
30 
3 
20 
61 
115 
12 
74 
89 
119 
124 
122 
103 
47 
23 
23 
39 
32 
69 
2 
0 
31 
102 
48 
17 
36 
58 
72 
56 
47 
39 
22 
2 
14 
5 
8 
11 
29 
19 
5 
19 
5 
7 
25 
34 
31 
12 
5 
40 
49 
26 
0 
15 
6 
20 
29 
22 
19 
15 
57 
47 
60 
58 
47 
47 
30 
37 
2 
26 
22 
29 
43 
42 
105 
82 
56 
49 
18 
10 
24 
80 
184 
232 
24 
96 
113 
74 
28 
42 
52 
35 
14 
5 
14 
62 
36 
66 
55 
84 
34 
0 
40 
55 
47 
24 
120 
144 
64 
7 
7 
37 
45 
13 
26 
30 
29 
32 
46 
24 
1 
15 
14 
44 
77 
30 
11 
11 
36 
66 
96 
85 
77 
64 
31 
47 
54 
49 
2 
48 
46 
16 
12 
34 
56 
53 
13 
1 
21 
69 
85 
24 
1 
28 
45 
14 
12 
7 
25 
36 
35 
26 
41 
4 
25 
1 
22 
18 
9 
66 
130 
142 
93 
40 
15 
74 
98 
134 
53 
120 
113 
90 
70 
125 
93 
64 
65 
42 
7 
27 
5 
16 
73 
98 
95 
58 
34 
10 
5 
2 
18 
24 
48 
62 
53 
55 
62 
77 
24 
41 
99 
90 
80 
33 
0 
24 
37 
37 
13 
2 
8 
48 
104 
101 
65 
10 
32 
54 
69 
75 
61 
24 
6 
40 
75 
21 
60 
90 
32 
25 
23 
28 
23 
9 
20 
23 
53 
77 
32 
32 
13 
26 
23 
57 
58 
55 
55 
23 
22 
21 
19 
53 
67 
37 
44 
82 
82 
38 
13 
16 
14 
32 
30 
32 
46 
7 
49 
90 
47 
79 
46 
8 
14 
16 
33 
23 
9 
74 
104 
120 
119 
126 
131 
100 
76 
75 
59 
46 
6 
1 
10 
1 
54 
59 
38 
22 
2 
14 
11 
36 
37 
62 
78 
22 
29 
62 
30 
42 
97 
97 
71 
1 
45 
64 
78 
52 
29 
86 
84 
77 
78 
11 
71 
97 
103 
49 
15 
19 
29 
7 
38 
40 
16 
53 
5 
18 
10 
2 
9 
37 
40 
38 
107 
84 
28 
21 
30 
48 
54 
27 
20 
2 
25 
31 
1 
12 
21 
4 
10 
9 
27 
42 
20 
13 
30 
32 
5 
53 
77 
72 
39 
22 
5 
16 
23 
15 
30 
13 
28 
26 
68 
66 
64 
69 
120 
166 
139 
99 
59 
44 
2 
97 
31 
9 
42 
71 
15 
38 
13 
23 
65 
162 
174 
93 
31 
41 
135 
159 
127 
131 
149 
80 
1 
18 
70 
133 
77 
40 
15 
1 
53 
29 
15 
48 
49 
30 
29 
21 
32 
47 
71 
47 
48 
28 
13 
7 
16 
63 
79 
62 
61 
46 
3 
36 
37 
54 
20 
118 
205 
187 
149 
127 
78 
29 
0 
55 
95 
107 
133 
96 
110 
51 
82 
175 
126 
85 
48 
8 
26 
30 
10 
2 
48 
75 
69 
54 
28 
3 
50 
65 
76 
98 
102 
88 
55 
38 
21 
21 
2 
126 
168 
158 
139 
82 
65 
31 
19 
21 
46 
115 
130 
137 
146 
162 
150 
141 
48 
40 
112 
139 
84 
25 
1 
25 
45 
25 
44 
5 
4 
5 
7 
30 
20 
21 
38 
20 
68 
59 
74 
89 
92 
87 
96 
109 
112 
139 
117 
142 
130 
65 
41 
4 
20 
37 
22 
33 
52 
18 
16 
80 
164 
169 
129 
105 
99 
90 
73 
13 
113 
190 
208 
174 
126 
59 
48 
56 
120 
134 
126 
139 
131 
67 
20 
20 
20 
68 
27 
4 
24 
30 
11 
8 
17 
20 
28 
127 
143 
87 
63 
48 
17 
13 
23 
46 
72 
22 
35 
14 
65 
76 
66 
88 
101 
97 
74 
64 
33 
10 
23 
8 
7 
1 
2 
8 
1 
34 
64 
41 
10 
35 
65 
81 
97 
89 
63 
81 
114 
110 
77 
16 
48 
131 
153 
169 
89 
28 
36 
21 
24 
73 
86 
109 
124 
149 
126 
90 
65 
36 
3 
21 
22 
46 
54 
50 
9 
30 
33 
97 
95 
49 
27 
18 
14 
30 
6 
5 
6 
25 
41 
41 
20 
19 
5 
38 
51 
42 
41 
55 
81 
82 
96 
104 
57 
10 
8 
43 
69 
94 
75 
3 
67 
43 
20 
33 
17 
25 
41 
36 
15 
33 
12 
21 
70 
62 
74 
57 
36 
35 
19 
6 
10 
9 
9 
12 
28 
27 
3 
4 
11 
27 
74 
65 
39 
49 
23 
14 
4 
27 
2 
43 
69 
48 
56 
64 
46 
4 
5 
17 
36 
58 
49 
26 
31 
34 
13 
45 
24 
46 
77 
86 
96 
78 
59 
19 
11 
11 
35 
18 
22 
78 
67 
27 
15 
25 
23 
9 
10 
20 
26 
36 
26 
28 
10 
14 
28 
45 
27 
2 
12 
2 
8 
62 
77 
94 
100 
60 
28 
19 
31 
41 
64 
57 
31 
25 
26 
28 
10 
8 
39 
30 
21 
8 
23 
6 
69 
131 
147 
106 
60 
35 
6 
57 
89 
51 
2 
38 
115 
123 
82 
44 
47 
25 
11 
41 
49 
41 
65 
73 
52 
20 
53 
54 
38 
30 
19 
3 
9 
6 
46 
62 
74 
65 
14 
43 
27 
12 
36 
35 
22 
34 
25 
28 
4 
2 
30 
59 
19 
46 
6 
41 
65 
65 
37 
17 
1 
9 
9 
30 
34 
80 
73 
34 
8 
22 
19 
20 
17 
17 
33 
79 
112 
88 
56 
37 
25 
10 
8 
7 
30 
48 
31 
6 
2 
15 
38 
24 
46 
16 
17 
52 
55 
65 
68 
15 
6 
7 
30 
32 
6 
74 
87 
47 
24 
1 
53 
56 
27 
34 
40 
73 
55 
44 
18 
8 
12 
5 
56 
27 
5 
44 
42 
28 
23 
9 
12 
13 
23 
38 
24 
30 
43 
52 
5 
6 
20 
3 
3 
38 
58 
97 
162 
103 
36 
13 
9 
50 
50 
34 
15 
40 
39 
1 
34 
31 
40 
88 
64 
7 
16 
32 
39 
62 
48 
38 
27 
8 
22 
24 
17 
31 
65 
50 
31 
25 
18 
12 
10 
8 
1 
15 
36 
58 
15 
14 
18 
16 
22 
24 
62 
50 
20 
5 
3 
20 
29 
22 
10 
73 
65 
68 
20 
77 
62 
35 
59 
43 
9 
22 
6 
25 
28 
3 
5 
30 
42 
49 
25 
12 
11 
12 
36 
57 
57 
20 
12 
19 
2 
14 
19 
4 
19 
19 
29 
22 
22 
46 
9 
68 
20 
36 
44 
28 
3 
3 
35 
90 
100 
58 
19 
45 
54 
27 
19 
26 
65 
79 
57 
7 
1 
34 
40 
14 
64 
86 
76 
21 
1 
9 
20 
43 
43 
34 
25 
20 
23 
33 
28 
34 
28 
7 
9 
27 
28 
20 
10 
33 
35 
26 
36 
26 
20 
21 
54 
36 
33 
13 
25 
25 
20 
27 
46 
26 
33 
20 
11 
36 
20 
27 
2 
6 
39 
33 
15 
33 
34 
42 
31 
36 
10 
3 
10 
6 
11 
4 
5 
6 
3 
19 
42 
40 
9 
8 
7 
6 
7 
40 
57 
63 
52 
10 
12 
5 
27 
40 
22 
11 
13 
3 
13 
6 
12 
1 
18 
17 
36 
51 
26 
20 
11 
37 
30 
35 
10 
52 
74 
79 
41 
15 
9 
60 
66 
52 
10 
8 
22 
45 
16 
28 
18 
59 
45 
4 
12 
13 
9 
44 
67 
58 
17 
4 
12 
37 
38 
6 
52 
55 
25 
45 
43 
18 
52 
90 
111 
81 
50 
32 
25 
0 
15 
22 
0 
1 
29 
19 
13 
24 
30 
0 
25 
43 
34 
28 
58 
28 
29 
16 
9 
16 
27 
37 
51 
68 
37 
25 
41 
65 
73 
60 
43 
26 
9 
19 
18 
44 
50 
23 
20 
13 
52 
93 
91 
19 
59 
58 
60 
79 
65 
55 
41 
26 
23 
16 
1 
2 
13 
32 
38 
28 
25 
9 
14 
26 
17 
52 
42 
55 
64 
64 
37 
45 
37 
15 
15 
14 
26 
16 
12 
18 
16 
25 
31 
15 
24 
13 
1 
37 
48 
7 
6 
0 
28 
10 
28 
34 
48 
49 
31 
24 
1 
5 
24 
24 
24 
33 
2 
18 
15 
4 
2 
7 
41 
31 
16 
17 
26 
15 
7 
7 
38 
24 
11 
21 
3 
2 
12 
50 
56 
17 
24 
4 
42 
47 
64 
45 
49 
42 
34 
15 
16 
31 
34 
86 
77 
43 
2 
33 
28 
15 
1 
40 
81 
79 
63 
24 
4 
5 
8 
22 
24 
46 
4 
26 
32 
49 
47 
48 
37 
41 
18 
10 
8 
8 
8 
5 
1 
2 
0 
0 
9 
2 
40 
25 
18 
8 
23 
46 
29 
7 
25 
18 
32 
25 
39 
40 
41 
42 
31 
16 
8 
25 
42 
34 
45 
56 
40 
0 
1 
10 
7 
19 
2 
71 
81 
63 
64 
64 
56 
24 
8 
33 
42 
63 
23 
8 
6 
8 
11 
21 
28 
42 
71 
71 
40 
16 
32 
29 
5 
6 
5 
13 
45 
29 
15 
48 
33 
34 
23 
16 
9 
21 
8 
24 
31 
18 
1 
18 
31 
23 
32 
9 
26 
40 
17 
18 
15 
8 
2 
9 
10 
8 
8 
9 
5 
8 
7 
33 
74 
71 
71 
63 
39 
25 
18 
7 
15 
15 
15 
15 
15 
24 
33 
2 
5 
39 
87 
119 
63 
22 
18 
31 
48 
81 
90 
1 
2 
24 
15 
6 
18 
40 
33 
47 
32 
41 
58 
39 
8 
14 
29 
16 
15 
7 
22 
24 
0 
17 
39 
48 
33 
18 
47 
39 
8 
15 
1 
2 
23 
32 
8 
14 
13 
16 
31 
1 
58 
80 
56 
37 
5 
1 
10 
5 
13 
2 
24 
32 
35 
45 
4 
42 
88 
97 
71 
39 
31 
15 
24 
16 
0 
31 
46 
18 
15 
17 
34 
7 
43 
61 
3 
42 
41 
66 
66 
62 
61 
53 
16 
0 
16 
16 
7 
26 
22 
13 
0 
6 
5 
15 
16 
0 
24 
37 
33 
10 
2 
2 
0 
0 
0 
21 
33 
26 
31 
9 
2 
0 
8 
9 
53 
32 
7 
8 
25 
18 
34 
39 
60 
2 
15 
48 
45 
1 
5 
0 
24 
33 
10 
2 
24 
0 
0 
18 
10 
21 
80 
32 
9 
18 
16 
38 
19 
29 
54 
52 
21 
17 
31 
68 
82 
87 
89 
2 
23 
39 
56 
56 
48 
47 
54 
48 
62 
59 
60 
57 
49 
33 
9 
41 
17 
9 
5 
9 
36 
15 
17 
76 
18 
6 
30 
27 
59 
67 
59 
27 
35 
44 
44 
28 
20 
4 
19 
36 
60 
68 
36 
19 
13 
1 
20 
5 
38 
32 
30 
19 
32 
62 
38 
3 
28 
18 
14 
36 
47 
33 
63 
25 
37 
51 
61 
27 
37 
27 
8 
30 
11 
5 
12 
2 
6 
15 
25 
15 
24 
1 
13 
40 
47 
30 
16 
11 
13 
30 
40 
30 
27 
12 
21 
17 
28 
18 
4 
5 
8 
9 
2 
8 
15 
14 
29 
40 
23 
22 
21 
31 
38 
32 
11 
13 
6 
0 
9 
40 
30 
24 
14 
4 
2 
15 
9 
55 
56 
41 
42 
38 
37 
21 
16 
80 
77 
85 
93 
80 
79 
78 
72 
62 
35 
32 
30 
14 
3 
12 
12 
12 
12 
12 
12 
19 
27 
38 
34 
9 
9 
20 
28 
27 
18 
17 
28 
16 
22 
19 
12 
1 
2 
6 
6 
36 
20 
4 
3 
10 
17 
19 
2 
4 
10 
4 
10 
23 
25 
23 
12 
2 
0 
24 
1 
2 
7 
16 
16 
2 
1 
13 
5 
0 
0 
8 
0 
8 
7 
40 
25 
18 
0 
32 
41 
42 
2 
46 
85 
88 
70 
39 
6 
8 
16 
41 
39 
31 
40 
24 
10 
5 
9 
93 
53 
31 
8 
7 
26 
22 
29 
13 
79 
23 
5 
21 
33 
26 
34 
7 
16 
7 
15 
0 
7 
7 
15 
24 
16 
5 
1 
21 
24 
16 
25 
26 
34 
39 
23 
0 
0 
7 
8 
23 
15 
14 
21 
21 
29 
33 
2 
34 
63 
47 
5 
61 
45 
21 
13 
37 
29 
13 
8 
24 
33 
34 
50 
39 
39 
47 
71 
55 
16 
16 
16 
0 
39 
64 
56 
71 
62 
53 
11 
34 
76 
90 
95 
72 
61 
73 
62 
21 
21 
32 
15 
25 
26 
10 
6 
13 
16 
24 
15 
1 
2 
15 
23 
32 
10 
6 
5 
24 
15 
21 
21 
17 
42 
47 
72 
61 
41 
34 
30 
21 
2 
18 
23 
23 
23 
31 
14 
13 
7 
40 
65 
42 
0 
0 
23 
24 
16 
16 
8 
15 
6 
13 
8 
8 
12 
34 
47 
40 
56 
45 
29 
29 
34 
2 
18 
38 
37 
40 
15 
17 
15 
28 
34 
55 
77 
113 
86 
2 
18 
8 
23 
8 
24 
32 
24 
64 
79 
62 
24 
41 
100 
82 
73 
66 
64 
25 
2 
24 
7 
0 
1 
5 
2 
8 
7 
1 
18 
23 
17 
10 
39 
60 
26 
0 
47 
14 
10 
23 
16 
8 
13 
29 
17 
34 
47 
32 
9 
5 
35 
13 
24 
45 
32 
32 
31 
7 
8 
0 
7 
14 
24 
14 
23 
24 
37 
45 
77 
61 
32 
24 
0 
16 
72 
71 
46 
45 
19 
10 
41 
71 
57 
47 
40 
37 
33 
50 
42 
2 
53 
85 
93 
64 
27 
18 
84 
90 
88 
57 
66 
79 
63 
31 
2 
81 
58 
74 
70 
5 
15 
16 
17 
42 
32 
49 
42 
31 
6 
21 
0 
8 
5 
1 
0 
24 
41 
42 
7 
0 
5 
17 
10 
45 
32 
0 
16 
24 
17 
2 
0 
6 
8 
14 
4 
2 
20 
47 
65 
42 
34 
15 
7 
27 
45 
39 
1 
23 
55 
56 
56 
48 
40 
25 
26 
23 
24 
16 
10 
22 
29 
13 
8 
11 
13 
0 
12 
10 
15 
28 
26 
15 
25 
34 
24 
7 
9 
10 
7 
0 
14 
32 
4 
26 
9 
31 
65 
95 
73 
26 
15 
23 
22 
21 
13 
8 
39 
30 
13 
11 
18 
68 
42 
31 
52 
26 
34 
24 
9 
5 
8 
25 
42 
31 
0 
23 
102 
109 
20 
42 
44 
63 
49 
40 
9 
0 
14 
16 
12 
10 
8 
25 
18 
28 
34 
39 
48 
48 
17 
5 
7 
12 
21 
48 
38 
8 
28 
10 
7 
36 
34 
31 
9 
5 
24 
33 
23 
16 
21 
17 
29 
24 
7 
6 
7 
6 
7 
9 
23 
25 
31 
49 
34 
23 
8 
38 
45 
16 
9 
2 
0 
9 
0 
25 
31 
9 
36 
34 
28 
10 
23 
25 
18 
0 
1 
2 
8 
19 
37 
35 
8 
17 
39 
49 
79 
96 
72 
24 
32 
32 
16 
0 
23 
38 
45 
24 
7 
17 
18 
71 
64 
49 
2 
16 
1 
21 
32 
46 
21 
7 
14 
0 
25 
34 
20 
18 
28 
18 
36 
18 
64 
57 
42 
42 
15 
8 
0 
0 
8 
17 
5 
32 
23 
1 
31 
64 
17 
2 
16 
19 
26 
0 
39 
46 
7 
57 
74 
48 
9 
15 
24 
25 
26 
7 
7 
9 
10 
2 
16 
15 
22 
5 
7 
6 
15 
28 
26 
40 
49 
42 
23 
40 
33 
10 
21 
16 
35 
45 
40 
22 
7 
41 
42 
48 
33 
15 
25 
34 
32 
29 
1 
5 
10 
26 
30 
29 
29 
13 
6 
18 
31 
24 
38 
10 
39 
16 
9 
37 
29 
16 
15 
3 
21 
24 
14 
23 
57 
66 
56 
25 
42 
39 
40 
21 
18 
14 
5 
13 
7 
8 
8 
25 
18 
24 
20 
10 
12 
10 
12 
2 
23 
47 
32 
0 
6 
21 
0 
1 
7 
1 
39 
56 
41 
42 
31 
15 
24 
0 
15 
23 
39 
18 
9 
18 
16 
33 
47 
33 
26 
8 
25 
2 
21 
21 
16 
15 
6 
21 
12 
10 
12 
18 
52 
82 
40 
40 
69 
45 
16 
24 
7 
0 
37 
69 
61 
5 
23 
44 
42 
39 
44 
18 
24 
47 
30 
0 
16 
25 
26 
15 
16 
25 
34 
23 
23 
24 
29 
25 
34 
23 
8 
1 
5 
5 
40 
32 
7 
6 
5 
7 
9 
34 
44 
42 
31 
56 
45 
25 
21 
37 
32 
15 
9 
18 
0 
24 
41 
34 
31 
47 
48 
32 
37 
45 
10 
34 
1 
37 
53 
16 
31 
6 
16 
36 
34 
39 
65 
82 
66 
47 
39 
0 
24 
48 
48 
23 
14 
13 
8 
0 
9 
23 
33 
42 
31 
41 
42 
23 
24 
8 
13 
13 
38 
45 
16 
4 
10 
16 
25 
23 
56 
56 
37 
21 
17 
18 
18 
21 
32 
40 
15 
1 
10 
16 
25 
42 
48 
41 
18 
2 
7 
0 
26 
22 
8 
0 
17 
10 
0 
11 
29 
16 
25 
39 
49 
58 
55 
63 
16 
16 
24 
15 
47 
14 
29 
56 
62 
8 
33 
79 
89 
87 
32 
24 
6 
2 
8 
7 
15 
14 
21 
15 
14 
2 
4 
10 
44 
34 
40 
17 
15 
24 
17 
13 
32 
46 
16 
6 
15 
25 
39 
49 
58 
48 
33 
0 
19 
61 
38 
7 
41 
58 
50 
55 
26 
26 
42 
50 
26 
10 
0 
16 
9 
2 
13 
31 
22 
29 
8 
1 
13 
8 
15 
6 
0 
41 
55 
60 
34 
23 
1 
10 
16 
9 
5 
15 
6 
21 
24 
6 
15 
33 
31 
52 
26 
24 
33 
10 
7 
9 
7 
25 
34 
39 
24 
18 
38 
21 
8 
17 
39 
33 
15 
24 
5 
41 
66 
22 
13 
1 
13 
5 
8 
22 
2 
3 
2 
23 
48 
17 
31 
32 
24 
54 
85 
47 
14 
12 
26 
1 
28 
23 
33 
16 
25 
39 
32 
41 
34 
50 
42 
26 
2 
56 
39 
1 
23 
9 
7 
1 
7 
1 
0 
1 
0 
14 
0 
1 
7 
30 
40 
30 
19 
10 
12 
7 
49 
44 
50 
44 
34 
36 
10 
11 
29 
4 
15 
25 
15 
6 
4 
42 
44 
18 
3 
7 
17 
15 
6 
16 
22 
3 
5 
19 
3 
2 
25 
51 
42 
65 
39 
9 
7 
19 
29 
3 
13 
38 
11 
26 
9 
4 
11 
3 
10 
25 
52 
39 
41 
48 
41 
23 
9 
5 
11 
45 
35 
21 
38 
20 
12 
22 
62 
98 
105 
87 
64 
13 
10 
10 
37 
25 
5 
48 
35 
21 
1 
35 
42 
44 
26 
32 
9 
8 
0 
1 
24 
19 
5 
24 
17 
24 
30 
16 
6 
31 
65 
56 
41 
31 
52 
34 
15 
8 
1 
5 
0 
22 
29 
51 
69 
22 
28 
50 
57 
3 
10 
76 
58 
39 
17 
2 
16 
14 
10 
16 
9 
0 
17 
11 
10 
28 
34 
23 
9 
5 
0 
16 
25 
31 
32 
9 
2 
7 
6 
8 
36 
42 
39 
24 
17 
2 
5 
8 
0 
15 
30 
24 
11 
8 
6 
12 
10 
25 
47 
57 
63 
64 
53 
37 
17 
13 
29 
39 
38 
11 
13 
3 
18 
64 
73 
70 
69 
53 
40 
15 
16 
24 
15 
22 
29 
40 
46 
32 
14 
44 
26 
24 
17 
15 
22 
8 
6 
11 
10 
12 
34 
20 
4 
5 
11 
27 
42 
36 
18 
20 
10 
24 
41 
23 
17 
26 
12 
45 
43 
29 
11 
3 
10 
33 
43 
42 
68 
55 
9 
0 
30 
16 
22 
16 
1 
0 
1 
0 
17 
47 
84 
74 
40 
9 
0 
12 
2 
24 
38 
2 
20 
10 
11 
5 
1 
35 
26 
20 
10 
17 
39 
25 
18 
20 
10 
7 
1 
8 
1 
7 
20 
18 
12 
2 
24 
6 
15 
33 
15 
17 
7 
1 
24 
22 
12 
29 
6 
20 
58 
65 
74 
72 
37 
9 
10 
16 
6 
21 
8 
9 
10 
7 
1 
8 
9 
39 
41 
39 
25 
10 
0 
9 
18 
7 
3 
13 
24 
4 
5 
20 
10 
7 
33 
31 
33 
23 
28 
34 
15 
8 
1 
21 
32 
19 
21 
3 
18 
36 
47 
33 
7 
25 
31 
12 
34 
47 
49 
26 
21 
24 
23 
38 
32 
38 
12 
18 
52 
31 
33 
47 
57 
50 
39 
24 
16 
9 
13 
32 
27 
21 
4 
2 
36 
34 
40 
57 
50 
31 
8 
13 
1 
5 
24 
23 
22 
8 
4 
2 
20 
18 
36 
34 
24 
9 
31 
24 
32 
25 
10 
10 
0 
8 
7 
14 
0 
20 
34 
40 
25 
18 
23 
16 
9 
5 
0 
8 
15 
30 
29 
3 
2 
20 
26 
31 
41 
31 
25 
10 
7 
9 
2 
8 
6 
29 
27 
2 
16 
17 
47 
64 
41 
39 
28 
2 
7 
6 
15 
32 
25 
10 
2 
0 
23 
6 
23 
36 
26 
23 
20 
10 
15 
16 
9 
2 
8 
19 
37 
40 
22 
0 
9 
23 
41 
39 
41 
58 
44 
10 
24 
6 
7 
4 
21 
24 
14 
7 
68 
58 
48 
33 
23 
12 
5 
0 
4 
5 
8 
8 
9 
10 
15 
0 
1 
2 
4 
18 
20 
10 
20 
26 
32 
17 
15 
17 
10 
0 
22 
21 
3 
5 
12 
26 
44 
42 
39 
60 
34 
15 
7 
1 
5 
7 
14 
21 
8 
9 
23 
52 
42 
24 
25 
31 
16 
1 
7 
16 
7 
14 
13 
16 
6 
21 
11 
13 
12 
23 
25 
44 
50 
48 
33 
50 
39 
32 
16 
8 
18 
14 
2 
7 
8 
9 
15 
28 
26 
15 
16 
6 
5 
0 
17 
2 
0 
0 
6 
13 
0 
1 
0 
1 
19 
18 
20 
0 
1 
23 
33 
34 
39 
32 
16 
16 
1 
2 
8 
17 
23 
41 
58 
32 
21 
9 
5 
13 
16 
7 
7 
14 
13 
31 
32 
45 
41 
26 
31 
31 
23 
15 
7 
7 
7 
0 
16 
31 
15 
1 
2 
0 
6 
18 
40 
41 
26 
7 
7 
0 
0 
9 
5 
8 
7 
14 
24 
11 
2 
17 
39 
41 
26 
40 
41 
50 
23 
0 
6 
13 
8 
8 
10 
9 
18 
23 
40 
25 
42 
47 
16 
2 
14 
13 
8 
0 
6 
10 
7 
16 
16 
33 
18 
31 
55 
48 
25 
5 
13 
0 
0 
7 
0 
8 
8 
15 
6 
5 
5 
0 
17 
23 
24 
9 
39 
31 
24 
16 
7 
8 
1 
5 
5 
0 
16 
9 
18 
40 
49 
42 
31 
31 
0 
8 
16 
7 
15 
14 
37 
8 
4 
5 
4 
34 
55 
41 
39 
32 
1 
21 
15 
6 
2 
15 
9 
18 
31 
40 
33 
50 
42 
31 
24 
29 
33 
26 
6 
2 
22 
21 
29 
24 
19 
13 
0 
9 
15 
24 
41 
50 
39 
24 
9 
13 
8 
7 
2 
1 
18 
31 
31 
31 
40 
40 
53 
53 
37 
2 
2 
5 
10 
30 
37 
32 
24 
31 
14 
0 
25 
42 
48 
57 
42 
26 
23 
15 
8 
7 
1 
2 
16 
15 
22 
2 
16 
9 
15 
17 
26 
32 
9 
7 
32 
33 
42 
18 
18 
2 
5 
5 
2 
8 
6 
2 
32 
33 
34 
15 
32 
40 
23 
7 
7 
7 
0 
16 
0 
7 
8 
25 
34 
23 
0 
0 
9 
10 
8 
31 
14 
2 
0 
0 
6 
2 
7 
36 
50 
39 
47 
40 
53 
37 
9 
5 
21 
40 
39 
22 
13 
16 
17 
26 
8 
17 
23 
20 
2 
7 
9 
26 
23 
23 
23 
16 
8 
8 
1 
13 
8 
9 
31 
48 
33 
26 
55 
39 
7 
10 
2 
5 
21 
24 
32 
22 
13 
8 
17 
23 
16 
33 
39 
32 
8 
9 
10 
0 
16 
15 
14 
5 
8 
9 
15 
36 
42 
47 
40 
17 
10 
15 
8 
1 
13 
29 
16 
11 
5 
8 
9 
39 
57 
50 
31 
24 
25 
7 
0 
6 
21 
8 
11 
29 
24 
20 
34 
47 
80 
85 
69 
45 
29 
21 
6 
5 
5 
13 
21 
32 
24 
15 
8 
1 
23 
48 
41 
26 
26 
7 
8 
8 
5 
1 
21 
21 
24 
7 
6 
10 
40 
49 
50 
39 
24 
29 
25 
18 
2 
5 
21 
8 
23 
30 
21 
8 
9 
23 
44 
66 
55 
47 
24 
1 
13 
24 
7 
6 
2 
8 
7 
33 
42 
58 
66 
66 
58 
34 
10 
6 
2 
2 
10 
22 
29 
37 
32 
23 
22 
13 
12 
26 
39 
41 
26 
15 
24 
17 
10 
8 
11 
5 
8 
3 
