5 
40 
54 
37 
1 
51 
58 
52 
42 
32 
10 
26 
50 
58 
74 
47 
47 
82 
62 
37 
7 
9 
8 
14 
20 
2 
36 
50 
64 
89 
26 
10 
25 
50 
58 
47 
71 
95 
86 
61 
24 
1 
18 
44 
50 
23 
8 
2 
1 
2 
26 
2 
48 
56 
64 
63 
70 
40 
1 
39 
52 
34 
7 
8 
7 
7 
66 
62 
37 
0 
48 
25 
16 
7 
9 
10 
0 
16 
87 
111 
110 
53 
7 
17 
7 
25 
23 
33 
15 
14 
10 
52 
50 
39 
39 
31 
0 
41 
98 
120 
96 
93 
80 
40 
28 
66 
39 
8 
9 
7 
24 
24 
5 
13 
29 
5 
34 
90 
87 
74 
78 
85 
91 
53 
20 
91 
90 
64 
25 
0 
0 
7 
34 
62 
69 
48 
23 
1 
15 
9 
18 
24 
17 
2 
16 
32 
23 
31 
23 
50 
54 
53 
75 
53 
3 
24 
30 
11 
28 
31 
25 
44 
26 
40 
41 
47 
31 
40 
31 
16 
57 
66 
55 
23 
23 
48 
64 
72 
48 
0 
40 
15 
46 
77 
48 
33 
55 
33 
31 
52 
34 
0 
0 
2 
18 
42 
23 
31 
63 
88 
104 
96 
54 
2 
1 
20 
29 
4 
27 
58 
49 
31 
17 
31 
24 
8 
26 
90 
110 
85 
72 
46 
8 
1 
36 
58 
68 
42 
32 
5 
17 
10 
34 
30 
34 
79 
79 
111 
79 
54 
21 
32 
65 
79 
64 
32 
0 
7 
15 
47 
96 
120 
96 
35 
37 
3 
18 
28 
34 
52 
42 
40 
45 
41 
14 
5 
18 
39 
96 
85 
85 
77 
69 
64 
27 
5 
8 
17 
103 
57 
29 
88 
119 
102 
3 
50 
9 
12 
26 
17 
4 
37 
46 
64 
78 
51 
29 
1 
11 
18 
68 
63 
49 
39 
64 
9 
21 
64 
128 
215 
198 
108 
5 
81 
148 
175 
137 
114 
63 
16 
56 
96 
96 
56 
40 
32 
15 
15 
39 
39 
39 
47 
14 
10 
15 
20 
13 
39 
62 
43 
21 
22 
19 
3 
26 
1 
8 
30 
24 
22 
15 
17 
23 
17 
13 
40 
46 
37 
3 
2 
16 
6 
45 
8 
9 
21 
8 
14 
37 
0 
54 
100 
77 
38 
28 
108 
47 
6 
16 
62 
69 
27 
0 
17 
23 
33 
31 
44 
58 
47 
72 
32 
55 
56 
80 
81 
90 
58 
10 
13 
41 
50 
34 
18 
8 
32 
63 
87 
78 
48 
23 
14 
10 
31 
16 
33 
13 
40 
24 
54 
77 
99 
89 
93 
38 
61 
90 
121 
129 
119 
80 
37 
10 
31 
64 
85 
121 
106 
86 
61 
7 
56 
38 
80 
75 
61 
28 
119 
113 
103 
48 
17 
13 
37 
45 
56 
48 
31 
23 
15 
15 
34 
66 
58 
30 
37 
24 
14 
10 
4 
18 
4 
29 
30 
28 
29 
6 
27 
42 
64 
41 
42 
31 
7 
8 
37 
81 
158 
165 
128 
78 
28 
18 
73 
108 
127 
129 
82 
31 
7 
8 
45 
141 
181 
109 
104 
86 
43 
43 
34 
52 
75 
58 
23 
33 
66 
79 
55 
55 
86 
5 
100 
146 
160 
129 
58 
10 
10 
37 
45 
37 
37 
29 
37 
5 
31 
71 
71 
71 
58 
38 
24 
8 
9 
10 
0 
7 
7 
1 
37 
53 
32 
38 
29 
4 
18 
28 
2 
3 
29 
39 
22 
40 
38 
13 
19 
21 
60 
42 
16 
33 
23 
3 
42 
0 
64 
95 
79 
62 
21 
95 
72 
61 
53 
37 
37 
7 
39 
168 
149 
128 
64 
4 
10 
15 
16 
1 
21 
23 
1 
15 
1 
23 
17 
20 
5 
27 
53 
72 
38 
16 
1 
10 
39 
32 
29 
21 
54 
77 
101 
104 
142 
100 
4 
70 
98 
105 
76 
58 
40 
25 
13 
29 
24 
16 
16 
40 
56 
55 
55 
94 
93 
51 
8 
41 
35 
2 
1 
11 
20 
10 
9 
28 
75 
82 
92 
74 
55 
0 
71 
104 
104 
61 
17 
5 
21 
24 
15 
8 
13 
45 
61 
61 
40 
27 
21 
8 
1 
5 
0 
25 
34 
16 
95 
142 
140 
125 
62 
13 
70 
67 
108 
100 
75 
2 
19 
37 
16 
5 
17 
34 
13 
9 
18 
10 
2 
5 
13 
13 
21 
0 
32 
57 
90 
114 
90 
78 
53 
11 
18 
33 
36 
43 
34 
20 
15 
17 
34 
39 
96 
56 
48 
97 
114 
95 
80 
64 
39 
6 
18 
55 
33 
2 
34 
16 
72 
55 
47 
42 
46 
10 
40 
25 
31 
4 
21 
8 
6 
69 
63 
62 
72 
78 
48 
46 
59 
44 
1 
78 
130 
129 
148 
114 
80 
48 
32 
9 
58 
81 
75 
98 
105 
103 
49 
26 
15 
15 
15 
0 
9 
15 
28 
10 
31 
9 
2 
0 
7 
31 
87 
110 
53 
0 
12 
13 
32 
30 
8 
12 
2 
39 
22 
23 
32 
49 
50 
23 
0 
15 
8 
40 
48 
72 
8 
8 
23 
31 
58 
78 
53 
16 
16 
49 
98 
55 
31 
15 
7 
55 
98 
94 
69 
39 
1 
42 
16 
2 
70 
109 
56 
6 
35 
42 
52 
50 
48 
1 
48 
71 
70 
53 
32 
14 
26 
55 
48 
48 
48 
10 
23 
47 
135 
182 
165 
75 
27 
163 
178 
144 
85 
13 
26 
39 
39 
31 
1 
34 
159 
200 
184 
139 
52 
10 
65 
121 
172 
154 
119 
88 
32 
15 
40 
57 
58 
64 
57 
82 
71 
55 
47 
48 
56 
8 
32 
13 
9 
37 
56 
35 
5 
12 
5 
19 
32 
46 
12 
2 
20 
18 
16 
25 
58 
31 
56 
103 
67 
69 
40 
9 
47 
57 
63 
104 
96 
15 
112 
205 
189 
133 
15 
84 
66 
31 
65 
98 
63 
16 
39 
63 
23 
16 
23 
55 
56 
53 
13 
26 
26 
18 
10 
38 
5 
10 
26 
39 
31 
47 
63 
72 
56 
40 
7 
6 
21 
15 
3 
37 
72 
46 
3 
2 
1 
51 
58 
15 
53 
65 
38 
2 
42 
63 
55 
31 
15 
7 
15 
0 
8 
8 
0 
24 
0 
25 
26 
55 
136 
104 
111 
54 
40 
14 
44 
100 
111 
105 
80 
41 
90 
94 
10 
60 
114 
140 
106 
96 
89 
58 
42 
54 
21 
15 
9 
15 
36 
26 
39 
48 
45 
21 
18 
46 
77 
61 
0 
23 
8 
2 
2 
18 
10 
5 
26 
50 
38 
53 
45 
24 
47 
78 
80 
54 
19 
19 
82 
121 
112 
81 
42 
34 
6 
8 
28 
42 
68 
106 
95 
88 
77 
96 
39 
22 
20 
26 
12 
29 
51 
0 
89 
56 
49 
55 
15 
86 
61 
80 
118 
52 
37 
6 
60 
90 
108 
114 
103 
31 
9 
34 
39 
48 
89 
90 
74 
42 
46 
77 
40 
8 
17 
42 
39 
24 
8 
16 
15 
31 
34 
38 
45 
40 
27 
13 
8 
46 
72 
54 
19 
26 
4 
53 
43 
12 
26 
36 
19 
10 
1 
3 
21 
31 
14 
47 
48 
49 
38 
53 
77 
80 
78 
67 
60 
68 
63 
65 
71 
72 
72 
63 
46 
36 
37 
6 
36 
44 
60 
91 
82 
81 
74 
71 
32 
16 
0 
16 
17 
10 
10 
8 
40 
40 
31 
22 
37 
16 
3 
13 
32 
46 
48 
46 
3 
2 
12 
10 
24 
25 
8 
47 
102 
117 
123 
116 
116 
68 
16 
102 
163 
148 
140 
119 
49 
5 
48 
96 
72 
120 
103 
102 
104 
78 
19 
27 
35 
38 
18 
1 
4 
11 
2 
3 
16 
38 
35 
28 
17 
13 
14 
22 
38 
9 
9 
1 
6 
3 
3 
3 
2 
62 
43 
44 
53 
62 
51 
36 
28 
35 
19 
4 
4 
1 
2 
9 
28 
43 
50 
41 
51 
50 
44 
47 
60 
82 
72 
85 
1 
29 
21 
2 
15 
40 
120 
135 
86 
8 
57 
68 
10 
36 
55 
65 
44 
12 
13 
25 
60 
67 
42 
20 
2 
7 
64 
85 
120 
96 
38 
39 
81 
111 
128 
109 
80 
46 
4 
34 
65 
68 
59 
58 
65 
44 
42 
80 
89 
130 
82 
1 
58 
79 
87 
95 
63 
7 
41 
26 
0 
0 
24 
73 
58 
42 
23 
8 
38 
61 
88 
54 
3 
26 
89 
116 
74 
23 
25 
34 
47 
64 
24 
15 
23 
7 
10 
1 
34 
34 
26 
1 
2 
13 
8 
8 
8 
2 
2 
58 
106 
102 
101 
13 
64 
133 
141 
133 
77 
7 
57 
95 
145 
178 
151 
63 
2 
57 
82 
98 
63 
46 
29 
16 
8 
65 
58 
103 
119 
62 
37 
24 
8 
25 
18 
23 
72 
88 
72 
39 
6 
18 
44 
58 
79 
121 
106 
79 
103 
54 
21 
39 
76 
106 
71 
15 
16 
31 
31 
15 
34 
30 
37 
0 
23 
24 
7 
47 
47 
71 
39 
16 
53 
61 
45 
18 
50 
38 
21 
61 
80 
55 
22 
10 
26 
31 
24 
24 
32 
48 
40 
24 
16 
16 
41 
58 
71 
119 
128 
104 
63 
54 
32 
11 
90 
140 
130 
79 
32 
32 
16 
71 
103 
111 
79 
10 
33 
26 
2 
5 
2 
6 
2 
2 
7 
15 
24 
32 
56 
64 
55 
30 
69 
96 
86 
72 
54 
3 
68 
115 
90 
49 
39 
22 
0 
12 
18 
16 
15 
7 
5 
48 
40 
14 
26 
44 
26 
3 
2 
36 
34 
63 
80 
144 
143 
86 
8 
25 
35 
18 
20 
34 
1 
12 
45 
70 
75 
68 
84 
44 
35 
19 
11 
4 
12 
36 
67 
51 
10 
12 
23 
9 
24 
62 
92 
85 
62 
62 
75 
78 
42 
22 
67 
91 
51 
67 
90 
41 
16 
46 
44 
37 
19 
16 
6 
28 
2 
24 
6 
10 
15 
15 
34 
22 
10 
16 
16 
6 
53 
72 
78 
80 
38 
19 
26 
28 
26 
32 
41 
0 
23 
22 
37 
71 
102 
116 
125 
22 
30 
9 
25 
9 
33 
52 
44 
39 
81 
20 
69 
147 
213 
190 
74 
14 
67 
116 
145 
145 
108 
26 
0 
6 
29 
48 
95 
126 
101 
35 
13 
3 
19 
42 
44 
18 
12 
5 
7 
25 
50 
31 
7 
46 
85 
120 
139 
84 
61 
30 
25 
17 
44 
108 
55 
14 
44 
5 
48 
81 
87 
56 
24 
31 
71 
103 
114 
94 
48 
24 
22 
45 
64 
46 
8 
9 
12 
45 
43 
12 
19 
11 
22 
5 
1 
41 
60 
50 
40 
33 
37 
125 
104 
63 
46 
40 
14 
36 
39 
33 
36 
18 
8 
22 
37 
31 
1 
18 
10 
24 
23 
43 
37 
16 
1 
10 
4 
21 
0 
1 
10 
8 
31 
38 
37 
40 
47 
54 
40 
6 
11 
4 
2 
22 
19 
18 
57 
47 
9 
13 
32 
8 
25 
10 
10 
0 
39 
86 
85 
80 
38 
39 
41 
15 
25 
13 
7 
40 
7 
110 
69 
72 
70 
35 
61 
46 
25 
100 
131 
106 
87 
56 
16 
0 
33 
66 
71 
88 
109 
69 
64 
39 
22 
8 
14 
15 
17 
15 
9 
2 
31 
6 
7 
33 
10 
7 
30 
93 
91 
69 
14 
28 
42 
68 
66 
47 
31 
23 
47 
55 
87 
70 
21 
4 
5 
3 
13 
28 
10 
8 
46 
45 
0 
17 
29 
112 
158 
59 
27 
59 
70 
66 
113 
84 
58 
7 
66 
46 
13 
10 
18 
10 
6 
13 
8 
15 
40 
29 
25 
50 
122 
118 
133 
88 
1 
36 
18 
1 
35 
50 
81 
79 
57 
15 
15 
62 
61 
88 
31 
22 
61 
56 
6 
26 
31 
32 
45 
41 
2 
64 
136 
115 
69 
1 
59 
66 
60 
74 
63 
23 
40 
88 
80 
48 
55 
59 
77 
64 
62 
28 
15 
14 
12 
15 
41 
79 
76 
2 
77 
120 
83 
29 
19 
16 
9 
60 
103 
89 
79 
39 
0 
56 
85 
89 
82 
66 
30 
61 
69 
32 
6 
31 
73 
95 
108 
82 
34 
49 
82 
74 
63 
55 
39 
15 
7 
15 
18 
30 
24 
55 
46 
40 
22 
40 
46 
32 
22 
28 
66 
81 
71 
33 
26 
24 
5 
46 
61 
69 
32 
8 
48 
88 
87 
103 
102 
84 
53 
54 
22 
29 
70 
147 
203 
167 
121 
79 
39 
9 
42 
84 
106 
172 
162 
103 
0 
15 
30 
45 
8 
17 
55 
49 
79 
73 
98 
26 
41 
82 
74 
74 
50 
18 
14 
18 
7 
48 
87 
86 
77 
27 
13 
0 
9 
24 
6 
3 
2 
9 
59 
82 
92 
66 
23 
15 
47 
47 
63 
80 
72 
93 
93 
61 
24 
1 
59 
42 
44 
42 
24 
17 
7 
16 
29 
18 
50 
66 
66 
34 
18 
9 
5 
64 
103 
158 
180 
81 
14 
102 
163 
215 
161 
95 
31 
8 
64 
69 
41 
26 
74 
90 
71 
55 
70 
53 
24 
0 
54 
0 
76 
66 
80 
49 
10 
8 
8 
9 
5 
5 
29 
40 
32 
80 
120 
104 
71 
1 
58 
79 
64 
25 
13 
56 
48 
30 
21 
4 
2 
7 
33 
18 
2 
21 
37 
21 
5 
8 
7 
48 
72 
79 
70 
29 
12 
7 
33 
47 
4 
5 
7 
39 
56 
0 
24 
0 
24 
56 
64 
48 
96 
111 
150 
112 
54 
52 
115 
122 
128 
105 
74 
30 
10 
47 
71 
96 
88 
64 
39 
0 
25 
26 
26 
7 
0 
16 
0 
8 
40 
64 
72 
55 
22 
5 
4 
5 
7 
9 
10 
7 
8 
0 
15 
31 
34 
26 
22 
37 
48 
59 
77 
59 
109 
118 
75 
12 
73 
153 
177 
160 
145 
106 
13 
81 
138 
170 
158 
109 
64 
22 
18 
68 
66 
71 
56 
7 
34 
54 
85 
88 
91 
133 
110 
34 
6 
38 
19 
12 
12 
4 
28 
12 
11 
3 
2 
22 
4 
4 
29 
30 
30 
46 
19 
12 
44 
39 
25 
28 
2 
7 
1 
26 
32 
24 
14 
45 
77 
80 
46 
13 
4 
10 
7 
1 
18 
23 
32 
33 
10 
2 
24 
48 
55 
86 
69 
43 
5 
44 
42 
31 
33 
18 
21 
64 
55 
54 
48 
54 
28 
10 
105 
127 
65 
34 
26 
30 
2 
48 
89 
63 
20 
13 
31 
88 
49 
42 
78 
29 
40 
4 
66 
79 
64 
45 
37 
2 
15 
48 
72 
53 
37 
45 
53 
2 
39 
24 
0 
7 
23 
47 
47 
47 
80 
55 
15 
17 
34 
23 
8 
17 
26 
23 
32 
47 
102 
101 
32 
25 
66 
111 
88 
48 
48 
23 
1 
31 
52 
58 
47 
41 
55 
64 
33 
10 
7 
16 
21 
41 
18 
14 
21 
24 
23 
30 
40 
22 
12 
42 
56 
41 
18 
2 
33 
34 
42 
50 
71 
114 
166 
132 
29 
65 
81 
92 
75 
58 
40 
1 
10 
16 
0 
24 
80 
47 
3 
42 
119 
144 
93 
5 
26 
66 
54 
29 
8 
25 
50 
71 
72 
77 
85 
40 
15 
14 
0 
14 
0 
49 
50 
39 
40 
16 
7 
23 
39 
63 
47 
31 
34 
22 
18 
47 
0 
31 
74 
110 
77 
8 
32 
57 
42 
31 
16 
8 
0 
18 
26 
22 
13 
5 
13 
13 
13 
1 
5 
0 
15 
32 
56 
61 
48 
39 
46 
8 
30 
36 
21 
20 
26 
4 
2 
31 
72 
85 
53 
21 
0 
48 
77 
49 
98 
94 
61 
13 
55 
96 
56 
39 
63 
63 
55 
39 
22 
8 
24 
57 
63 
23 
7 
23 
31 
7 
15 
23 
8 
8 
9 
18 
26 
34 
34 
86 
85 
48 
17 
47 
73 
47 
0 
39 
79 
74 
22 
18 
42 
39 
31 
8 
8 
8 
23 
34 
34 
90 
134 
85 
24 
24 
33 
47 
56 
49 
34 
26 
7 
0 
8 
0 
15 
8 
8 
25 
39 
32 
33 
47 
112 
165 
125 
48 
6 
11 
5 
9 
84 
123 
98 
56 
10 
30 
29 
21 
9 
10 
18 
15 
48 
8 
0 
16 
24 
56 
64 
39 
5 
9 
2 
2 
8 
32 
32 
0 
25 
26 
26 
7 
7 
31 
55 
10 
10 
18 
34 
58 
50 
1 
18 
2 
21 
56 
47 
54 
61 
59 
32 
1 
20 
18 
25 
55 
81 
66 
39 
15 
8 
32 
53 
53 
45 
29 
29 
37 
48 
8 
23 
32 
0 
16 
24 
16 
29 
13 
10 
2 
13 
53 
96 
104 
62 
40 
14 
4 
10 
49 
87 
81 
26 
0 
16 
32 
24 
7 
40 
56 
37 
29 
25 
10 
26 
31 
31 
32 
24 
16 
8 
16 
15 
31 
30 
48 
59 
53 
43 
20 
42 
92 
66 
40 
1 
2 
24 
56 
95 
118 
85 
43 
21 
6 
44 
66 
33 
39 
64 
65 
66 
46 
5 
26 
48 
101 
145 
118 
61 
16 
4 
34 
68 
90 
87 
64 
16 
32 
80 
93 
57 
50 
46 
53 
53 
0 
36 
42 
23 
24 
13 
17 
5 
13 
45 
57 
54 
53 
69 
24 
20 
26 
39 
57 
50 
39 
16 
0 
23 
112 
120 
120 
104 
35 
10 
40 
33 
31 
17 
16 
59 
93 
67 
21 
20 
21 
4 
26 
68 
98 
87 
72 
53 
13 
42 
74 
87 
79 
58 
50 
38 
37 
29 
2 
31 
48 
48 
29 
2 
26 
38 
61 
64 
51 
85 
83 
93 
70 
3 
51 
90 
97 
95 
97 
50 
15 
16 
48 
72 
56 
39 
31 
23 
7 
16 
24 
23 
39 
17 
66 
106 
135 
134 
141 
123 
75 
20 
81 
165 
194 
177 
127 
69 
21 
0 
28 
58 
140 
178 
184 
104 
24 
16 
25 
66 
87 
72 
32 
7 
63 
55 
40 
32 
24 
0 
0 
15 
47 
110 
165 
118 
35 
91 
147 
146 
116 
26 
2 
34 
30 
2 
39 
49 
82 
71 
72 
88 
96 
48 
16 
49 
66 
39 
0 
32 
39 
0 
21 
9 
29 
29 
69 
88 
70 
69 
30 
16 
17 
71 
104 
113 
74 
30 
26 
66 
63 
63 
72 
55 
23 
22 
53 
48 
35 
18 
39 
16 
9 
21 
8 
32 
57 
26 
45 
136 
183 
150 
28 
67 
98 
116 
111 
104 
56 
8 
16 
81 
90 
58 
23 
23 
7 
23 
39 
31 
23 
23 
10 
14 
13 
5 
24 
40 
35 
13 
32 
38 
52 
61 
30 
28 
59 
58 
57 
23 
33 
34 
42 
78 
29 
31 
81 
127 
128 
157 
125 
136 
102 
51 
27 
99 
166 
162 
136 
49 
10 
5 
72 
88 
80 
119 
94 
45 
3 
15 
41 
55 
81 
98 
74 
38 
5 
12 
26 
12 
10 
4 
2 
52 
114 
160 
181 
104 
119 
110 
51 
35 
115 
115 
122 
129 
80 
1 
93 
152 
131 
69 
19 
0 
17 
52 
58 
88 
93 
53 
58 
87 
79 
71 
23 
50 
62 
13 
31 
16 
14 
50 
95 
88 
56 
55 
22 
2 
40 
73 
71 
81 
138 
127 
55 
0 
17 
37 
56 
30 
24 
46 
44 
13 
25 
76 
71 
57 
39 
1 
13 
32 
15 
0 
24 
40 
16 
16 
65 
103 
103 
80 
39 
27 
5 
40 
102 
219 
227 
90 
111 
254 
251 
220 
183 
125 
77 
0 
73 
103 
89 
100 
82 
84 
42 
7 
48 
61 
85 
61 
29 
0 
7 
30 
56 
1 
60 
75 
42 
28 
53 
59 
37 
67 
45 
3 
5 
8 
17 
15 
7 
62 
104 
102 
11 
19 
46 
74 
129 
108 
74 
24 
32 
0 
30 
26 
24 
41 
23 
9 
42 
48 
1 
18 
0 
16 
39 
31 
2 
57 
90 
74 
66 
70 
45 
13 
47 
33 
21 
56 
30 
16 
17 
20 
18 
7 
31 
31 
15 
0 
32 
15 
0 
46 
53 
32 
27 
2 
3 
24 
22 
0 
41 
2 
32 
79 
46 
2 
7 
6 
10 
23 
48 
6 
61 
64 
6 
39 
9 
26 
31 
40 
24 
8 
16 
31 
14 
18 
32 
81 
162 
159 
71 
6 
42 
87 
136 
128 
88 
31 
25 
50 
48 
57 
39 
60 
106 
111 
112 
119 
78 
45 
14 
3 
53 
70 
94 
106 
129 
39 
222 
308 
281 
185 
111 
47 
20 
90 
113 
108 
115 
90 
60 
50 
44 
58 
63 
63 
39 
54 
32 
35 
11 
34 
33 
36 
23 
1 
19 
69 
35 
5 
25 
32 
43 
21 
23 
14 
27 
18 
8 
9 
23 
101 
129 
46 
58 
47 
72 
85 
53 
77 
88 
67 
13 
11 
18 
68 
82 
63 
56 
95 
159 
143 
30 
111 
153 
106 
87 
54 
21 
23 
89 
130 
103 
95 
120 
144 
171 
69 
36 
79 
129 
116 
58 
40 
33 
13 
32 
46 
53 
96 
78 
93 
31 
30 
24 
73 
151 
161 
74 
7 
0 
34 
30 
106 
247 
288 
208 
62 
42 
137 
199 
176 
137 
106 
62 
10 
95 
121 
242 
270 
133 
20 
90 
152 
137 
30 
2 
13 
0 
7 
16 
17 
2 
13 
40 
7 
57 
138 
162 
130 
70 
29 
32 
15 
56 
73 
26 
24 
23 
22 
12 
10 
28 
23 
57 
47 
23 
135 
87 
47 
0 
40 
48 
47 
38 
55 
72 
160 
184 
139 
75 
3 
52 
105 
185 
180 
130 
98 
57 
106 
231 
167 
143 
86 
34 
175 
177 
29 
77 
16 
56 
105 
22 
10 
39 
7 
46 
53 
4 
90 
60 
34 
111 
72 
24 
8 
95 
47 
2 
57 
118 
149 
104 
54 
12 
34 
65 
162 
263 
214 
91 
12 
34 
65 
52 
69 
4 
21 
39 
73 
26 
0 
23 
102 
220 
169 
3 
124 
193 
177 
120 
69 
45 
16 
46 
51 
60 
14 
250 
305 
327 
271 
70 
60 
196 
343 
437 
333 
107 
36 
52 
157 
254 
242 
209 
192 
189 
384 
286 
90 
136 
295 
398 
444 
431 
304 
126 
17 
85 
91 
165 
256 
278 
219 
155 
130 
128 
93 
109 
157 
59 
123 
234 
257 
244 
183 
40 
79 
90 
74 
110 
197 
237 
168 
94 
40 
22 
124 
201 
41 
171 
332 
388 
287 
208 
168 
1 
82 
60 
55 
129 
180 
188 
163 
74 
73 
127 
169 
150 
77 
11 
123 
290 
377 
335 
183 
70 
23 
177 
172 
187 
123 
18 
6 
17 
36 
84 
183 
168 
56 
92 
155 
37 
238 
262 
178 
17 
35 
107 
315 
402 
335 
238 
126 
18 
19 
93 
159 
198 
172 
165 
202 
161 
127 
87 
31 
17 
66 
87 
72 
16 
8 
7 
87 
95 
94 
115 
107 
67 
2 
30 
70 
35 
4 
44 
3 
51 
42 
188 
114 
72 
40 
15 
55 
0 
17 
79 
89 
5 
27 
37 
51 
69 
14 
19 
14 
114 
201 
151 
304 
235 
92 
83 
155 
164 
108 
27 
5 
16 
25 
87 
12 
26 
104 
127 
126 
157 
99 
83 
36 
54 
91 
123 
102 
114 
112 
81 
13 
93 
53 
41 
58 
50 
42 
66 
82 
46 
26 
82 
138 
146 
78 
21 
7 
72 
105 
130 
159 
159 
118 
72 
54 
19 
55 
81 
92 
90 
128 
49 
58 
85 
296 
278 
187 
34 
78 
131 
188 
140 
40 
190 
116 
77 
30 
17 
4 
100 
89 
131 
251 
274 
221 
133 
120 
1 
49 
45 
38 
134 
154 
89 
76 
37 
155 
53 
116 
226 
188 
178 
138 
165 
181 
192 
147 
109 
110 
114 
73 
68 
61 
38 
51 
99 
108 
124 
99 
58 
43 
149 
158 
62 
4 
76 
155 
195 
162 
111 
64 
25 
21 
88 
87 
70 
20 
45 
43 
13 
17 
60 
180 
195 
178 
32 
223 
246 
220 
101 
38 
14 
10 
9 
19 
37 
56 
55 
102 
109 
99 
35 
20 
52 
84 
108 
92 
31 
46 
172 
93 
36 
79 
57 
27 
53 
54 
27 
20 
109 
126 
26 
1 
9 
12 
10 
31 
19 
18 
183 
262 
277 
206 
102 
2 
118 
218 
321 
383 
424 
262 
34 
78 
144 
179 
245 
240 
158 
20 
29 
38 
3 
51 
18 
6 
24 
56 
56 
24 
15 
54 
32 
0 
9 
34 
42 
86 
29 
67 
18 
76 
47 
25 
12 
8 
41 
106 
144 
117 
80 
187 
133 
25 
156 
223 
173 
173 
197 
139 
108 
17 
91 
116 
85 
107 
148 
137 
105 
65 
84 
82 
72 
69 
69 
40 
30 
28 
26 
57 
43 
10 
17 
107 
106 
111 
111 
78 
28 
17 
38 
110 
166 
170 
121 
31 
54 
58 
90 
86 
45 
63 
152 
77 
29 
48 
115 
117 
65 
99 
162 
112 
9 
23 
41 
21 
69 
72 
9 
58 
106 
127 
104 
23 
63 
23 
9 
80 
54 
94 
72 
78 
61 
8 
40 
64 
40 
88 
17 
5 
7 
24 
7 
71 
39 
31 
15 
31 
32 
32 
1 
10 
2 
0 
40 
48 
104 
112 
94 
24 
25 
48 
54 
19 
19 
114 
177 
159 
64 
7 
7 
41 
39 
41 
79 
132 
122 
90 
30 
77 
88 
46 
3 
35 
51 
95 
177 
223 
208 
75 
90 
112 
137 
98 
2 
61 
136 
11 
82 
6 
12 
22 
54 
118 
99 
114 
128 
56 
16 
43 
5 
8 
30 
0 
44 
58 
47 
24 
38 
69 
80 
78 
13 
71 
16 
38 
61 
27 
5 
4 
61 
107 
76 
20 
36 
59 
59 
11 
84 
131 
207 
233 
250 
78 
79 
225 
215 
144 
32 
21 
25 
34 
42 
21 
22 
85 
136 
243 
164 
180 
47 
54 
176 
347 
476 
417 
239 
147 
3 
91 
219 
316 
340 
284 
208 
81 
58 
30 
29 
3 
13 
9 
145 
217 
263 
221 
141 
72 
14 
79 
216 
177 
183 
160 
112 
48 
47 
62 
16 
17 
15 
14 
24 
1 
0 
46 
24 
33 
39 
36 
66 
112 
137 
23 
39 
26 
5 
31 
64 
73 
50 
47 
71 
71 
94 
72 
54 
40 
43 
24 
22 
20 
58 
161 
135 
113 
15 
144 
199 
246 
232 
166 
90 
38 
195 
285 
338 
441 
278 
16 
145 
148 
84 
91 
171 
107 
58 
14 
44 
29 
81 
147 
146 
103 
40 
55 
63 
87 
71 
1 
66 
106 
78 
133 
139 
53 
82 
105 
137 
159 
64 
87 
168 
176 
184 
120 
20 
42 
26 
0 
18 
58 
78 
53 
29 
37 
2 
34 
110 
96 
19 
21 
55 
46 
48 
57 
50 
31 
88 
17 
37 
69 
69 
93 
80 
7 
14 
2 
8 
31 
54 
69 
47 
62 
16 
89 
196 
226 
159 
144 
7 
57 
122 
128 
169 
170 
135 
15 
45 
69 
69 
133 
77 
109 
0 
96 
121 
178 
178 
114 
102 
117 
86 
19 
36 
116 
153 
185 
224 
213 
149 
59 
74 
249 
249 
135 
89 
135 
49 
5 
16 
40 
127 
71 
39 
15 
24 
53 
53 
37 
5 
23 
0 
67 
93 
79 
126 
120 
83 
5 
20 
2 
52 
90 
36 
26 
7 
14 
37 
43 
69 
16 
73 
167 
80 
64 
15 
52 
26 
23 
40 
49 
74 
39 
56 
48 
7 
61 
53 
1 
61 
53 
80 
112 
23 
9 
37 
83 
45 
92 
135 
184 
101 
90 
119 
120 
40 
0 
23 
50 
46 
26 
63 
126 
149 
123 
68 
20 
27 
42 
73 
152 
137 
5 
85 
120 
8 
88 
181 
53 
31 
40 
33 
90 
95 
24 
48 
101 
77 
13 
10 
47 
64 
88 
16 
8 
79 
135 
134 
69 
17 
59 
50 
39 
6 
5 
8 
16 
39 
86 
93 
16 
33 
13 
39 
72 
49 
34 
23 
16 
63 
55 
39 
47 
24 
24 
45 
5 
18 
8 
16 
16 
39 
17 
39 
7 
1 
45 
53 
80 
80 
72 
79 
38 
2 
44 
19 
58 
113 
196 
135 
48 
72 
105 
99 
138 
128 
69 
34 
130 
23 
85 
101 
109 
32 
51 
61 
70 
11 
139 
154 
16 
6 
10 
0 
0 
8 
40 
15 
64 
128 
104 
104 
115 
58 
188 
114 
23 
31 
48 
77 
24 
47 
40 
8 
55 
39 
95 
82 
58 
70 
69 
64 
0 
57 
50 
7 
7 
9 
15 
56 
25 
18 
23 
23 
16 
47 
95 
143 
142 
88 
46 
40 
86 
12 
42 
89 
33 
204 
202 
135 
152 
95 
49 
148 
218 
208 
217 
162 
58 
81 
90 
87 
16 
15 
10 
6 
53 
0 
25 
8 
30 
45 
47 
30 
8 
8 
41 
24 
23 
26 
14 
34 
47 
71 
72 
61 
18 
122 
159 
135 
50 
2 
13 
2 
29 
61 
37 
6 
8 
1 
10 
11 
13 
8 
22 
96 
94 
101 
55 
9 
0 
32 
64 
81 
54 
21 
42 
50 
70 
29 
48 
38 
21 
11 
10 
44 
2 
16 
16 
8 
8 
24 
49 
2 
56 
16 
8 
34 
54 
77 
88 
118 
61 
33 
135 
137 
74 
111 
31 
32 
61 
73 
242 
230 
21 
207 
200 
149 
80 
20 
90 
119 
144 
149 
93 
32 
16 
20 
34 
32 
3 
13 
28 
34 
39 
62 
48 
17 
111 
136 
149 
181 
15 
164 
306 
334 
53 
119 
89 
18 
13 
10 
82 
102 
21 
82 
102 
120 
115 
101 
3 
106 
168 
105 
34 
13 
80 
93 
85 
117 
85 
77 
16 
32 
41 
66 
95 
57 
21 
62 
88 
54 
21 
16 
22 
37 
24 
7 
25 
5 
31 
48 
16 
0 
15 
63 
127 
86 
0 
73 
154 
151 
79 
25 
98 
151 
145 
114 
94 
77 
72 
22 
43 
90 
17 
11 
19 
106 
64 
61 
5 
74 
74 
98 
102 
56 
19 
34 
9 
83 
34 
65 
32 
27 
26 
7 
39 
78 
77 
0 
30 
12 
21 
28 
59 
26 
89 
151 
136 
109 
26 
159 
285 
173 
117 
29 
39 
103 
64 
32 
1 
37 
31 
31 
86 
85 
51 
34 
136 
65 
18 
13 
45 
1 
53 
18 
58 
66 
62 
88 
123 
69 
60 
122 
119 
62 
21 
31 
80 
120 
110 
93 
62 
20 
110 
50 
27 
8 
22 
56 
4 
18 
58 
58 
74 
14 
13 
87 
96 
56 
80 
72 
22 
98 
148 
106 
98 
96 
133 
101 
53 
45 
17 
5 
13 
17 
13 
45 
40 
30 
40 
4 
18 
0 
23 
34 
54 
18 
31 
8 
16 
26 
126 
157 
115 
29 
17 
76 
83 
130 
60 
42 
159 
128 
8 
140 
170 
103 
32 
47 
18 
70 
21 
15 
96 
137 
122 
50 
14 
5 
7 
7 
8 
33 
34 
7 
47 
56 
17 
77 
101 
80 
47 
46 
64 
55 
38 
47 
108 
74 
7 
0 
24 
72 
99 
85 
51 
2 
44 
66 
79 
48 
2 
71 
95 
47 
4 
2 
7 
46 
32 
17 
7 
0 
2 
21 
29 
10 
10 
10 
13 
17 
29 
56 
111 
126 
88 
46 
44 
171 
122 
19 
141 
64 
78 
101 
96 
43 
58 
208 
169 
2 
8 
7 
19 
93 
112 
59 
5 
28 
10 
23 
41 
90 
7 
47 
63 
41 
37 
125 
88 
27 
10 
95 
81 
5 
61 
40 
8 
16 
8 
24 
39 
15 
78 
45 
74 
135 
127 
87 
102 
101 
48 
14 
3 
5 
12 
98 
84 
26 
26 
15 
112 
56 
62 
117 
155 
133 
59 
16 
41 
55 
0 
54 
53 
16 
7 
81 
55 
56 
41 
50 
34 
58 
22 
98 
79 
64 
25 
2 
0 
63 
158 
96 
25 
67 
138 
164 
98 
50 
23 
32 
168 
248 
147 
68 
51 
91 
140 
84 
68 
43 
98 
88 
57 
18 
77 
120 
67 
34 
108 
122 
44 
45 
32 
14 
29 
3 
26 
48 
65 
74 
82 
70 
13 
7 
8 
8 
23 
7 
40 
56 
15 
38 
13 
0 
25 
26 
15 
71 
72 
61 
9 
18 
5 
0 
8 
8 
13 
22 
10 
26 
39 
7 
8 
29 
29 
77 
5 
55 
88 
49 
50 
31 
24 
48 
13 
18 
2 
5 
14 
29 
37 
53 
37 
15 
33 
18 
88 
89 
66 
34 
23 
23 
23 
16 
0 
8 
64 
8 
34 
26 
10 
2 
5 
13 
24 
23 
38 
5 
39 
88 
40 
16 
104 
99 
61 
15 
9 
39 
40 
64 
32 
16 
72 
73 
10 
34 
30 
2 
2 
8 
0 
0 
30 
21 
7 
32 
40 
33 
18 
66 
46 
114 
111 
55 
56 
24 
24 
8 
0 
21 
65 
18 
13 
29 
25 
18 
26 
10 
10 
2 
18 
46 
53 
64 
35 
5 
8 
57 
79 
24 
47 
71 
23 
55 
103 
31 
6 
34 
15 
17 
18 
0 
9 
21 
0 
40 
21 
22 
29 
13 
42 
10 
21 
57 
18 
42 
70 
93 
72 
23 
17 
18 
31 
40 
56 
48 
47 
22 
26 
63 
95 
86 
68 
61 
83 
68 
45 
14 
11 
29 
36 
74 
144 
25 
29 
32 
7 
40 
40 
34 
13 
14 
69 
45 
37 
10 
34 
14 
26 
34 
10 
16 
31 
7 
2 
6 
29 
13 
24 
16 
39 
54 
29 
0 
8 
0 
10 
2 
30 
13 
7 
40 
5 
6 
13 
48 
48 
15 
5 
18 
14 
21 
21 
26 
2 
69 
53 
8 
40 
30 
61 
24 
24 
25 
8 
23 
38 
13 
31 
32 
24 
5 
29 
10 
34 
38 
29 
29 
21 
21 
16 
16 
32 
24 
16 
8 
8 
7 
7 
18 
6 
2 
2 
15 
7 
7 
23 
38 
101 
87 
86 
72 
78 
68 
69 
62 
41 
60 
68 
75 
82 
97 
130 
111 
95 
9 
58 
20 
31 
49 
44 
42 
20 
7 
6 
7 
9 
15 
36 
26 
24 
14 
24 
30 
24 
38 
52 
10 
49 
60 
42 
9 
44 
42 
28 
2 
27 
44 
45 
38 
51 
43 
11 
28 
44 
44 
60 
55 
1 
32 
9 
59 
34 
44 
18 
36 
66 
44 
58 
44 
18 
31 
24 
6 
2 
42 
50 
34 
14 
13 
13 
24 
48 
40 
71 
7 
85 
61 
45 
29 
18 
34 
39 
31 
39 
39 
15 
2 
2 
5 
5 
24 
15 
55 
56 
56 
55 
23 
6 
13 
0 
8 
14 
13 
31 
56 
65 
10 
21 
53 
69 
53 
45 
13 
42 
42 
18 
29 
53 
77 
80 
15 
22 
21 
24 
8 
17 
10 
10 
0 
8 
39 
46 
45 
39 
30 
7 
16 
1 
47 
96 
33 
29 
37 
101 
117 
96 
47 
25 
10 
40 
41 
0 
23 
38 
16 
7 
38 
13 
8 
8 
17 
2 
40 
19 
21 
24 
0 
22 
21 
24 
9 
2 
32 
23 
22 
13 
8 
7 
47 
38 
37 
31 
38 
0 
1 
23 
9 
40 
27 
13 
8 
6 
5 
0 
9 
42 
7 
39 
38 
5 
7 
8 
0 
6 
13 
16 
23 
22 
13 
16 
15 
22 
5 
16 
39 
46 
40 
46 
24 
30 
20 
2 
16 
57 
39 
0 
38 
37 
18 
71 
56 
15 
86 
85 
80 
83 
45 
11 
23 
49 
95 
32 
14 
2 
16 
39 
39 
39 
22 
37 
32 
15 
17 
23 
56 
57 
5 
56 
56 
47 
23 
1 
13 
88 
94 
32 
1 
87 
121 
47 
15 
7 
34 
5 
5 
10 
18 
18 
31 
15 
31 
39 
71 
54 
21 
24 
25 
21 
24 
2 
22 
21 
40 
39 
22 
5 
0 
1 
5 
8 
16 
25 
10 
10 
2 
13 
32 
32 
15 
7 
2 
14 
29 
40 
47 
30 
21 
19 
21 
0 
17 
2 
0 
7 
1 
10 
0 
15 
6 
37 
56 
47 
30 
24 
1 
26 
28 
10 
7 
8 
0 
21 
21 
21 
5 
50 
98 
102 
21 
23 
24 
9 
5 
2 
8 
8 
47 
46 
21 
0 
31 
48 
16 
26 
54 
61 
48 
7 
6 
0 
0 
13 
5 
10 
2 
5 
5 
2 
5 
10 
34 
46 
61 
48 
47 
46 
24 
36 
74 
15 
23 
47 
22 
18 
39 
8 
0 
9 
5 
21 
48 
64 
63 
15 
17 
5 
2 
0 
0 
15 
7 
15 
18 
1 
5 
21 
16 
6 
13 
8 
0 
6 
21 
21 
0 
0 
7 
14 
13 
29 
24 
16 
15 
14 
13 
8 
19 
13 
8 
4 
34 
47 
0 
18 
34 
46 
45 
48 
7 
6 
10 
31 
32 
25 
5 
29 
61 
53 
10 
7 
8 
8 
7 
31 
30 
21 
40 
47 
30 
16 
6 
2 
7 
32 
25 
2 
13 
37 
48 
23 
6 
8 
3 
10 
0 
8 
14 
37 
13 
0 
16 
15 
48 
56 
0 
47 
79 
94 
69 
48 
35 
29 
7 
25 
58 
48 
29 
18 
22 
5 
5 
24 
40 
23 
0 
22 
37 
32 
7 
6 
18 
16 
47 
38 
16 
7 
22 
37 
8 
9 
10 
15 
20 
21 
32 
47 
70 
32 
1 
0 
28 
50 
31 
8 
22 
21 
16 
23 
30 
21 
56 
62 
13 
16 
1 
39 
32 
24 
5 
1 
5 
21 
37 
24 
32 
23 
14 
21 
8 
23 
46 
24 
0 
33 
10 
39 
40 
24 
0 
55 
79 
34 
54 
45 
24 
1 
2 
0 
6 
10 
8 
15 
46 
53 
40 
23 
38 
24 
30 
3 
34 
52 
8 
6 
5 
11 
29 
16 
15 
14 
0 
8 
1 
8 
7 
1 
2 
0 
0 
1 
5 
8 
15 
18 
30 
13 
48 
88 
55 
41 
111 
48 
22 
61 
48 
27 
29 
2 
7 
8 
32 
7 
23 
15 
7 
8 
7 
26 
46 
29 
8 
8 
22 
5 
7 
8 
7 
26 
26 
10 
5 
38 
29 
21 
56 
43 
45 
23 
22 
47 
65 
42 
31 
24 
31 
31 
39 
47 
23 
5 
1 
29 
5 
7 
0 
0 
18 
14 
37 
37 
29 
53 
21 
0 
7 
8 
10 
22 
29 
24 
23 
22 
5 
31 
40 
17 
13 
29 
32 
23 
15 
22 
18 
0 
16 
23 
50 
54 
48 
31 
54 
48 
25 
47 
40 
25 
10 
0 
8 
24 
23 
6 
37 
48 
31 
38 
32 
43 
21 
71 
33 
5 
21 
0 
56 
45 
1 
37 
77 
80 
39 
1 
18 
7 
8 
2 
13 
13 
2 
34 
26 
30 
29 
8 
23 
30 
29 
32 
30 
37 
19 
10 
7 
8 
17 
18 
0 
15 
15 
30 
29 
24 
19 
13 
16 
30 
40 
35 
2 
4 
2 
0 
14 
5 
0 
1 
13 
15 
6 
2 
8 
22 
32 
12 
10 
8 
15 
30 
5 
15 
23 
46 
69 
48 
39 
6 
15 
20 
21 
43 
21 
3 
13 
20 
10 
32 
33 
47 
40 
0 
26 
54 
45 
24 
36 
5 
40 
79 
70 
61 
56 
38 
23 
76 
42 
15 
8 
22 
40 
27 
29 
32 
30 
0 
17 
26 
16 
6 
29 
48 
23 
6 
16 
11 
13 
15 
38 
36 
37 
19 
5 
6 
8 
1 
15 
17 
2 
16 
9 
2 
0 
7 
14 
13 
24 
14 
13 
7 
9 
5 
16 
16 
32 
6 
21 
48 
54 
69 
51 
53 
35 
16 
6 
12 
10 
8 
25 
55 
8 
14 
13 
8 
12 
2 
56 
35 
2 
19 
53 
27 
5 
15 
25 
29 
7 
6 
18 
23 
22 
5 
0 
39 
22 
2 
23 
30 
29 
32 
30 
29 
35 
45 
35 
29 
14 
19 
42 
84 
74 
24 
22 
45 
31 
14 
29 
16 
0 
14 
5 
8 
0 
15 
22 
16 
15 
25 
2 
47 
46 
21 
8 
65 
2 
16 
16 
15 
7 
7 
2 
18 
10 
22 
37 
48 
23 
25 
10 
15 
18 
22 
21 
24 
7 
15 
6 
5 
13 
32 
43 
45 
32 
22 
7 
57 
63 
29 
1 
13 
13 
16 
0 
24 
40 
8 
7 
32 
47 
38 
29 
8 
3 
13 
0 
7 
16 
0 
31 
31 
30 
29 
48 
27 
29 
11 
13 
11 
2 
16 
1 
26 
31 
8 
15 
10 
1 
2 
24 
56 
63 
38 
21 
3 
26 
63 
40 
14 
21 
29 
32 
40 
64 
63 
31 
38 
40 
54 
23 
57 
68 
90 
31 
13 
18 
26 
58 
50 
34 
23 
10 
2 
21 
9 
13 
13 
16 
31 
46 
48 
31 
14 
21 
31 
30 
24 
12 
18 
23 
1 
5 
0 
14 
32 
11 
5 
23 
16 
31 
58 
9 
18 
24 
7 
16 
57 
26 
21 
72 
80 
55 
14 
29 
48 
47 
30 
5 
15 
33 
74 
47 
0 
7 
0 
50 
54 
45 
56 
35 
21 
0 
16 
29 
17 
10 
13 
5 
24 
39 
51 
29 
32 
22 
45 
35 
29 
3 
10 
56 
49 
47 
15 
15 
42 
22 
21 
48 
23 
33 
5 
23 
8 
18 
26 
1 
29 
61 
5 
13 
32 
32 
24 
23 
6 
0 
15 
30 
16 
35 
37 
24 
6 
0 
12 
2 
31 
24 
38 
56 
39 
54 
36 
2 
60 
34 
16 
1 
16 
23 
46 
45 
39 
22 
5 
0 
1 
23 
44 
26 
23 
24 
13 
10 
26 
42 
50 
50 
50 
42 
30 
5 
0 
6 
29 
27 
29 
19 
16 
46 
44 
45 
30 
12 
18 
44 
71 
121 
58 
7 
31 
71 
86 
93 
67 
29 
20 
42 
20 
5 
0 
80 
65 
10 
45 
53 
29 
29 
37 
40 
40 
11 
13 
8 
0 
9 
15 
8 
0 
22 
45 
37 
32 
23 
30 
45 
19 
21 
3 
31 
41 
34 
0 
6 
29 
45 
48 
31 
46 
40 
19 
18 
84 
18 
12 
13 
16 
41 
13 
61 
88 
64 
31 
14 
29 
16 
25 
58 
32 
1 
24 
11 
29 
24 
22 
29 
8 
0 
0 
16 
13 
5 
2 
2 
14 
21 
32 
23 
1 
5 
32 
39 
14 
13 
16 
7 
1 
5 
0 
8 
23 
30 
5 
7 
62 
56 
51 
29 
19 
21 
3 
58 
132 
82 
47 
31 
15 
40 
64 
77 
69 
61 
29 
5 
31 
16 
24 
32 
16 
8 
8 
7 
30 
61 
48 
19 
37 
19 
2 
12 
23 
44 
42 
23 
16 
0 
23 
23 
18 
50 
94 
101 
72 
22 
0 
25 
55 
65 
66 
55 
7 
26 
26 
2 
10 
50 
58 
34 
6 
13 
48 
63 
46 
0 
19 
13 
16 
25 
26 
47 
8 
34 
38 
45 
48 
54 
29 
11 
5 
3 
5 
0 
6 
8 
19 
29 
15 
9 
23 
16 
14 
32 
39 
38 
8 
9 
10 
8 
1 
8 
15 
14 
29 
13 
24 
15 
30 
37 
51 
61 
27 
5 
25 
68 
66 
40 
25 
37 
77 
104 
79 
38 
0 
44 
74 
72 
49 
18 
0 
7 
31 
26 
74 
82 
22 
10 
29 
32 
16 
31 
14 
10 
7 
31 
54 
40 
22 
11 
18 
39 
41 
18 
8 
23 
54 
45 
32 
6 
2 
7 
46 
37 
35 
5 
0 
14 
24 
20 
26 
47 
48 
21 
14 
34 
13 
56 
64 
56 
39 
14 
13 
0 
15 
8 
9 
5 
13 
16 
24 
15 
30 
45 
47 
38 
7 
1 
0 
4 
10 
15 
20 
18 
13 
32 
47 
46 
45 
24 
6 
5 
7 
1 
0 
9 
2 
7 
32 
41 
10 
2 
17 
34 
34 
34 
50 
38 
37 
32 
23 
14 
16 
3 
5 
0 
39 
62 
40 
19 
21 
27 
29 
14 
28 
67 
50 
60 
106 
48 
13 
18 
34 
23 
56 
96 
85 
69 
29 
2 
31 
0 
6 
21 
0 
15 
1 
31 
0 
23 
42 
38 
29 
13 
0 
0 
22 
29 
7 
14 
24 
14 
5 
0 
6 
16 
7 
22 
29 
8 
14 
5 
7 
14 
8 
3 
10 
16 
30 
56 
62 
56 
54 
32 
14 
35 
82 
84 
58 
55 
64 
13 
14 
69 
69 
53 
53 
48 
48 
40 
0 
45 
29 
17 
10 
2 
21 
40 
55 
46 
45 
16 
1 
0 
8 
25 
7 
7 
23 
38 
29 
16 
14 
21 
24 
30 
24 
11 
13 
8 
1 
5 
39 
62 
24 
12 
50 
60 
42 
7 
0 
38 
61 
63 
30 
0 
12 
18 
31 
39 
16 
31 
79 
47 
38 
29 
64 
23 
1 
47 
65 
66 
23 
0 
2 
10 
26 
42 
34 
26 
26 
34 
14 
29 
37 
8 
22 
21 
11 
5 
0 
1 
13 
24 
15 
14 
29 
32 
14 
13 
11 
5 
14 
0 
6 
11 
2 
23 
30 
16 
1 
2 
7 
48 
57 
26 
2 
37 
56 
40 
23 
22 
21 
21 
32 
15 
22 
21 
24 
24 
1 
5 
0 
7 
22 
29 
27 
21 
16 
6 
0 
4 
5 
8 
15 
34 
46 
48 
43 
37 
3 
2 
17 
23 
25 
31 
41 
26 
7 
39 
79 
63 
54 
37 
7 
72 
41 
0 
16 
27 
45 
32 
23 
22 
13 
0 
16 
24 
13 
2 
14 
13 
21 
64 
55 
46 
32 
14 
7 
20 
10 
0 
8 
17 
10 
8 
32 
31 
26 
30 
37 
39 
38 
16 
12 
18 
24 
1 
5 
0 
0 
0 
6 
5 
24 
48 
38 
37 
32 
6 
8 
6 
24 
22 
0 
16 
9 
10 
7 
16 
24 
13 
10 
14 
29 
37 
24 
47 
62 
29 
24 
11 
21 
15 
40 
1 
21 
21 
7 
8 
1 
13 
31 
46 
29 
16 
1 
2 
8 
15 
15 
22 
37 
32 
14 
13 
4 
2 
12 
10 
15 
6 
7 
33 
42 
23 
8 
24 
32 
72 
80 
48 
39 
30 
29 
19 
5 
36 
34 
41 
34 
32 
17 
18 
10 
2 
45 
53 
45 
13 
21 
37 
37 
29 
32 
0 
2 
14 
5 
0 
16 
39 
34 
30 
5 
16 
25 
34 
32 
1 
21 
56 
79 
78 
45 
27 
5 
23 
56 
57 
34 
8 
64 
80 
71 
62 
29 
3 
10 
20 
26 
15 
1 
2 
16 
15 
14 
2 
15 
7 
18 
38 
21 
23 
1 
2 
8 
15 
18 
14 
13 
5 
16 
7 
0 
14 
13 
40 
54 
53 
27 
13 
12 
26 
24 
9 
7 
8 
6 
13 
13 
16 
39 
46 
48 
11 
21 
23 
14 
7 
9 
29 
64 
46 
5 
52 
74 
71 
80 
101 
69 
13 
79 
96 
88 
77 
77 
61 
29 
53 
53 
16 
8 
33 
34 
47 
24 
6 
37 
64 
83 
85 
83 
53 
30 
20 
71 
105 
119 
113 
90 
58 
30 
42 
96 
121 
130 
111 
63 
34 
2 
1 
2 
10 
15 
7 
0 
13 
17 
18 
0 
8 
23 
14 
21 
16 
31 
34 
22 
13 
13 
32 
40 
40 
7 
17 
26 
2 
16 
67 
45 
32 
14 
23 
41 
18 
8 
39 
23 
30 
5 
0 
9 
18 
23 
0 
10 
30 
37 
24 
8 
8 
8 
8 
8 
8 
32 
48 
56 
40 
31 
38 
16 
6 
13 
4 
13 
91 
149 
27 
51 
90 
156 
170 
95 
8 
40 
80 
88 
88 
40 
48 
32 
7 
16 
0 
7 
18 
13 
13 
2 
14 
29 
45 
96 
83 
77 
35 
19 
58 
76 
66 
56 
41 
2 
32 
48 
55 
63 
38 
29 
40 
27 
2 
0 
9 
18 
7 
0 
14 
5 
40 
63 
78 
48 
6 
8 
1 
27 
50 
36 
10 
28 
42 
42 
39 
0 
53 
121 
98 
62 
37 
8 
32 
41 
10 
24 
15 
1 
2 
24 
40 
47 
26 
17 
42 
15 
7 
16 
0 
18 
38 
61 
37 
16 
7 
22 
16 
15 
14 
21 
40 
63 
62 
85 
19 
34 
57 
79 
65 
15 
46 
141 
91 
37 
17 
63 
49 
2 
7 
8 
1 
5 
16 
39 
14 
2 
0 
13 
25 
10 
21 
16 
8 
29 
53 
45 
48 
40 
31 
38 
32 
19 
61 
3 
34 
65 
74 
56 
21 
34 
54 
29 
21 
32 
39 
46 
64 
51 
45 
11 
7 
25 
31 
41 
26 
16 
8 
16 
21 
17 
13 
13 
32 
55 
70 
69 
47 
30 
56 
102 
92 
37 
49 
84 
83 
82 
92 
90 
79 
40 
0 
15 
31 
40 
49 
50 
63 
80 
57 
34 
47 
64 
24 
8 
8 
17 
45 
59 
61 
62 
51 
36 
11 
83 
162 
137 
71 
0 
42 
54 
77 
69 
72 
16 
16 
41 
34 
34 
34 
26 
1 
26 
55 
48 
33 
50 
50 
42 
46 
53 
32 
3 
2 
20 
2 
4 
2 
0 
9 
18 
23 
16 
8 
0 
34 
50 
62 
53 
40 
19 
21 
7 
9 
18 
8 
6 
29 
29 
40 
23 
22 
24 
11 
29 
24 
9 
31 
49 
39 
16 
30 
37 
29 
8 
16 
8 
47 
106 
86 
48 
19 
10 
20 
39 
57 
42 
32 
10 
22 
26 
34 
9 
42 
58 
87 
63 
46 
21 
0 
33 
106 
64 
16 
16 
16 
7 
40 
81 
71 
23 
7 
0 
29 
61 
69 
40 
15 
54 
53 
32 
9 
39 
52 
42 
