79 
72 
55 
71 
38 
37 
40 
38 
45 
27 
18 
60 
58 
55 
40 
30 
53 
72 
71 
46 
8 
20 
10 
7 
6 
40 
134 
48 
41 
111 
121 
82 
15 
16 
24 
32 
47 
39 
7 
5 
2 
34 
42 
47 
47 
55 
47 
42 
22 
13 
7 
1 
7 
9 
3 
21 
19 
53 
3 
31 
1 
16 
59 
77 
64 
46 
11 
5 
1 
51 
106 
92 
50 
15 
16 
34 
82 
98 
86 
53 
0 
55 
96 
77 
53 
21 
39 
63 
47 
55 
39 
39 
63 
71 
46 
37 
32 
4 
42 
48 
57 
55 
16 
22 
29 
40 
31 
14 
45 
77 
56 
19 
10 
7 
12 
10 
31 
25 
10 
8 
0 
22 
77 
63 
46 
45 
7 
9 
10 
0 
23 
54 
125 
83 
28 
42 
81 
65 
35 
26 
36 
18 
0 
103 
150 
53 
55 
81 
98 
82 
63 
34 
9 
34 
47 
47 
80 
80 
37 
29 
21 
5 
29 
13 
10 
8 
48 
72 
51 
53 
11 
13 
1 
11 
2 
25 
36 
42 
60 
50 
42 
23 
8 
21 
17 
26 
66 
127 
111 
14 
50 
23 
40 
55 
71 
70 
37 
3 
34 
68 
66 
80 
65 
42 
39 
32 
7 
48 
56 
49 
50 
55 
64 
73 
66 
46 
29 
21 
56 
54 
16 
17 
52 
39 
1 
0 
30 
48 
35 
13 
52 
74 
47 
39 
24 
31 
111 
167 
166 
124 
37 
14 
3 
51 
107 
194 
176 
73 
10 
25 
10 
13 
0 
80 
97 
114 
151 
127 
66 
1 
55 
64 
56 
65 
58 
10 
29 
29 
32 
63 
83 
53 
7 
65 
122 
63 
64 
104 
96 
72 
72 
111 
110 
28 
58 
132 
167 
145 
130 
79 
0 
41 
71 
92 
50 
68 
74 
88 
65 
39 
16 
16 
24 
39 
62 
69 
43 
16 
49 
60 
42 
25 
2 
24 
17 
23 
0 
15 
18 
30 
37 
53 
88 
79 
78 
53 
11 
42 
72 
33 
32 
23 
38 
31 
17 
16 
20 
13 
39 
30 
7 
25 
42 
39 
24 
24 
24 
0 
17 
66 
103 
96 
104 
88 
27 
26 
20 
45 
20 
34 
48 
14 
64 
11 
58 
31 
62 
117 
91 
37 
49 
84 
66 
81 
90 
88 
56 
256 
213 
184 
147 
125 
94 
83 
18 
22 
12 
2 
32 
46 
45 
11 
10 
4 
20 
37 
1 
36 
76 
115 
130 
137 
71 
23 
15 
55 
95 
139 
125 
99 
60 
12 
11 
13 
38 
40 
118 
180 
153 
97 
44 
39 
1 
48 
107 
165 
158 
91 
19 
4 
13 
30 
36 
37 
27 
45 
54 
68 
69 
70 
62 
51 
59 
86 
18 
22 
3 
10 
4 
21 
46 
40 
54 
36 
69 
94 
43 
17 
37 
30 
16 
22 
32 
54 
133 
43 
45 
51 
4 
11 
27 
51 
51 
46 
18 
1 
3 
4 
37 
30 
8 
1 
27 
45 
107 
60 
36 
25 
33 
28 
60 
3 
65 
93 
122 
97 
44 
10 
27 
37 
39 
62 
56 
54 
28 
13 
12 
18 
28 
21 
51 
69 
54 
36 
13 
36 
51 
42 
41 
11 
36 
61 
62 
3 
44 
35 
2 
11 
37 
15 
25 
0 
27 
21 
16 
70 
72 
70 
11 
19 
2 
14 
4 
3 
53 
38 
19 
20 
67 
98 
140 
82 
16 
47 
50 
70 
93 
88 
72 
47 
1 
31 
31 
30 
5 
20 
10 
8 
17 
15 
1 
23 
9 
29 
47 
70 
93 
63 
6 
16 
62 
48 
62 
83 
68 
4 
4 
52 
17 
58 
49 
12 
73 
149 
138 
121 
79 
64 
24 
16 
16 
49 
111 
140 
114 
82 
39 
2 
5 
1 
10 
5 
56 
39 
38 
24 
30 
12 
21 
22 
68 
59 
50 
41 
39 
32 
9 
2 
157 
128 
112 
87 
78 
56 
54 
36 
50 
25 
17 
12 
3 
4 
9 
21 
54 
58 
57 
60 
75 
66 
76 
74 
111 
96 
77 
53 
40 
16 
7 
41 
95 
111 
136 
167 
126 
44 
3 
38 
67 
59 
59 
59 
75 
75 
67 
67 
46 
42 
33 
4 
64 
70 
75 
124 
89 
73 
1 
54 
78 
123 
123 
106 
57 
28 
20 
61 
46 
19 
19 
4 
27 
35 
19 
2 
6 
30 
19 
4 
9 
18 
1 
38 
67 
92 
41 
22 
26 
5 
9 
14 
14 
2 
1 
9 
4 
4 
12 
53 
54 
51 
51 
52 
43 
19 
5 
22 
19 
20 
5 
6 
28 
68 
51 
18 
6 
46 
11 
1 
6 
30 
2 
46 
38 
38 
70 
42 
33 
60 
43 
13 
78 
99 
115 
107 
90 
48 
1 
37 
64 
71 
86 
85 
99 
77 
43 
60 
42 
1 
54 
27 
51 
59 
12 
93 
78 
62 
35 
3 
14 
42 
22 
67 
120 
102 
67 
19 
2 
17 
60 
55 
41 
20 
13 
35 
32 
22 
16 
6 
7 
9 
15 
4 
29 
0 
12 
10 
7 
4 
5 
0 
7 
14 
64 
75 
101 
59 
29 
9 
100 
82 
63 
41 
34 
31 
16 
72 
151 
198 
173 
110 
3 
76 
124 
187 
194 
135 
79 
14 
13 
4 
50 
108 
130 
132 
122 
87 
79 
71 
9 
71 
80 
57 
42 
31 
23 
0 
31 
47 
71 
71 
54 
13 
24 
47 
54 
80 
110 
84 
29 
28 
68 
83 
90 
76 
26 
3 
37 
64 
9 
7 
12 
2 
24 
0 
0 
15 
15 
23 
30 
21 
7 
17 
42 
79 
80 
77 
61 
21 
31 
111 
15 
64 
88 
63 
67 
10 
39 
44 
58 
71 
55 
32 
0 
24 
24 
41 
34 
32 
17 
23 
16 
41 
0 
24 
65 
66 
82 
94 
37 
8 
25 
31 
33 
50 
23 
63 
102 
93 
64 
22 
7 
9 
31 
49 
47 
1 
21 
31 
22 
13 
16 
0 
7 
15 
136 
47 
120 
152 
183 
142 
4 
139 
191 
177 
159 
135 
67 
5 
36 
75 
98 
89 
75 
18 
33 
55 
65 
90 
79 
63 
6 
26 
32 
43 
45 
27 
13 
20 
34 
60 
50 
32 
6 
16 
59 
53 
83 
85 
27 
42 
72 
33 
21 
15 
7 
0 
5 
1 
5 
18 
21 
32 
8 
23 
23 
18 
26 
10 
5 
13 
2 
42 
42 
42 
50 
9 
2 
56 
155 
109 
46 
28 
59 
50 
65 
76 
58 
48 
17 
34 
16 
80 
88 
87 
47 
14 
10 
16 
23 
22 
2 
7 
16 
37 
45 
29 
21 
2 
18 
18 
50 
46 
61 
5 
16 
15 
31 
62 
85 
96 
83 
5 
49 
27 
5 
12 
51 
34 
36 
10 
0 
9 
18 
15 
32 
24 
23 
39 
46 
69 
64 
103 
102 
59 
12 
35 
51 
46 
58 
73 
76 
18 
32 
38 
69 
72 
67 
61 
52 
29 
19 
3 
22 
5 
14 
27 
60 
68 
1 
42 
41 
97 
63 
1 
48 
78 
101 
86 
43 
44 
44 
12 
11 
19 
19 
30 
46 
98 
89 
23 
9 
16 
51 
101 
68 
29 
19 
53 
54 
60 
69 
54 
12 
12 
20 
60 
75 
74 
105 
55 
41 
2 
24 
39 
63 
74 
58 
78 
61 
8 
7 
9 
34 
15 
24 
17 
10 
8 
19 
37 
48 
23 
78 
96 
51 
13 
12 
18 
25 
47 
36 
26 
27 
77 
75 
44 
21 
17 
68 
95 
105 
58 
2 
49 
90 
98 
82 
66 
38 
29 
24 
1 
40 
46 
68 
29 
17 
68 
75 
106 
111 
29 
58 
86 
77 
53 
40 
20 
2 
0 
15 
6 
77 
88 
59 
85 
4 
10 
3 
12 
21 
17 
92 
139 
122 
63 
45 
13 
26 
31 
40 
49 
55 
38 
61 
78 
60 
45 
30 
11 
12 
35 
35 
19 
11 
19 
27 
46 
50 
89 
100 
82 
68 
42 
39 
39 
40 
16 
8 
5 
13 
13 
13 
13 
29 
2 
34 
15 
31 
7 
6 
0 
8 
1 
16 
40 
49 
55 
32 
6 
21 
67 
50 
100 
90 
95 
64 
31 
56 
24 
16 
18 
46 
13 
23 
39 
39 
15 
12 
18 
15 
17 
71 
68 
50 
23 
8 
14 
29 
0 
47 
48 
32 
7 
23 
31 
22 
29 
8 
0 
9 
18 
39 
40 
41 
50 
82 
79 
66 
30 
21 
24 
8 
53 
33 
18 
8 
55 
20 
34 
15 
15 
23 
14 
18 
39 
16 
56 
53 
65 
58 
34 
0 
0 
8 
32 
24 
7 
18 
13 
14 
53 
64 
48 
8 
5 
14 
53 
104 
31 
57 
63 
60 
50 
47 
15 
15 
31 
63 
88 
88 
64 
56 
31 
8 
56 
53 
37 
37 
17 
2 
2 
5 
2 
5 
9 
2 
18 
71 
81 
74 
90 
87 
31 
9 
26 
32 
17 
39 
36 
10 
0 
15 
32 
2 
26 
66 
47 
79 
55 
82 
102 
45 
4 
18 
100 
106 
40 
6 
48 
63 
46 
18 
39 
39 
48 
40 
31 
15 
17 
42 
119 
151 
104 
23 
30 
37 
56 
86 
40 
25 
108 
162 
152 
69 
21 
34 
106 
126 
85 
48 
0 
29 
57 
10 
1 
34 
58 
50 
39 
10 
13 
41 
42 
10 
13 
69 
96 
71 
14 
18 
23 
80 
53 
13 
7 
39 
31 
8 
64 
72 
96 
111 
30 
50 
68 
42 
7 
8 
7 
0 
10 
34 
46 
77 
77 
95 
78 
4 
10 
25 
36 
34 
41 
55 
104 
53 
29 
5 
31 
48 
56 
41 
66 
47 
47 
55 
119 
134 
85 
19 
28 
18 
73 
100 
123 
82 
87 
125 
101 
42 
175 
247 
191 
94 
2 
56 
41 
58 
79 
95 
71 
22 
13 
8 
65 
130 
88 
136 
136 
75 
29 
28 
82 
89 
106 
80 
37 
5 
10 
34 
50 
66 
66 
34 
50 
46 
61 
72 
75 
53 
43 
13 
44 
82 
89 
79 
48 
17 
2 
8 
88 
127 
54 
45 
48 
38 
24 
12 
45 
19 
10 
92 
90 
111 
56 
18 
62 
69 
149 
56 
54 
61 
35 
21 
28 
114 
120 
65 
10 
10 
34 
14 
50 
98 
111 
127 
70 
2 
63 
104 
85 
53 
29 
23 
48 
45 
49 
66 
82 
70 
77 
88 
59 
4 
10 
44 
83 
58 
56 
57 
42 
7 
24 
72 
88 
72 
103 
87 
78 
0 
1 
16 
62 
56 
6 
36 
67 
58 
52 
50 
73 
74 
7 
31 
63 
39 
18 
34 
18 
2 
18 
26 
7 
7 
40 
8 
80 
144 
103 
94 
35 
75 
123 
130 
113 
111 
85 
21 
26 
39 
84 
90 
55 
64 
65 
58 
38 
29 
37 
48 
38 
13 
20 
26 
39 
17 
45 
64 
30 
64 
126 
107 
20 
3 
35 
67 
92 
100 
143 
145 
98 
54 
21 
4 
3 
58 
129 
145 
127 
89 
87 
87 
63 
27 
2 
47 
49 
31 
28 
34 
31 
52 
42 
90 
66 
17 
130 
202 
207 
166 
96 
17 
92 
122 
96 
69 
25 
5 
37 
29 
72 
80 
43 
5 
32 
102 
96 
54 
11 
35 
90 
57 
71 
88 
9 
2 
37 
32 
8 
7 
16 
16 
0 
16 
40 
45 
37 
29 
14 
13 
42 
42 
38 
13 
7 
17 
18 
7 
4 
13 
32 
71 
86 
101 
99 
93 
67 
27 
74 
105 
116 
106 
52 
90 
135 
15 
112 
141 
129 
82 
10 
13 
10 
31 
63 
95 
127 
54 
11 
58 
89 
135 
129 
66 
39 
16 
64 
72 
65 
66 
66 
71 
55 
39 
25 
21 
24 
14 
21 
20 
82 
112 
85 
53 
21 
7 
56 
73 
79 
88 
49 
58 
90 
86 
53 
0 
49 
74 
224 
157 
133 
104 
70 
43 
36 
28 
36 
53 
35 
21 
27 
29 
27 
29 
59 
53 
54 
35 
36 
25 
25 
25 
3 
4 
3 
2 
6 
4 
11 
10 
33 
52 
47 
49 
59 
34 
23 
17 
18 
23 
40 
40 
24 
16 
48 
79 
70 
29 
8 
25 
18 
5 
15 
7 
32 
48 
63 
55 
6 
24 
27 
53 
19 
26 
60 
74 
120 
128 
120 
51 
21 
36 
67 
98 
169 
228 
186 
114 
78 
7 
17 
47 
49 
55 
105 
127 
120 
104 
39 
1 
7 
73 
119 
193 
154 
98 
30 
34 
31 
31 
40 
32 
24 
24 
16 
0 
8 
21 
41 
26 
63 
87 
18 
70 
53 
48 
31 
30 
16 
22 
15 
49 
87 
112 
105 
58 
1 
10 
66 
87 
152 
128 
64 
16 
8 
7 
8 
32 
61 
69 
45 
45 
69 
0 
104 
152 
128 
39 
65 
106 
50 
42 
38 
2 
16 
81 
114 
103 
87 
78 
69 
16 
89 
87 
41 
29 
85 
112 
23 
17 
2 
39 
88 
133 
93 
13 
31 
80 
80 
64 
8 
16 
24 
16 
24 
16 
32 
24 
0 
15 
24 
40 
23 
10 
14 
24 
15 
14 
5 
7 
40 
61 
53 
21 
23 
64 
101 
89 
46 
61 
77 
39 
17 
7 
9 
7 
14 
56 
20 
58 
55 
48 
45 
33 
14 
18 
90 
106 
106 
46 
5 
16 
8 
61 
33 
29 
53 
53 
32 
0 
14 
21 
24 
16 
25 
7 
23 
1 
10 
0 
47 
71 
22 
13 
8 
8 
38 
29 
0 
12 
34 
47 
48 
25 
18 
5 
5 
57 
82 
71 
55 
56 
40 
16 
8 
0 
30 
29 
11 
26 
40 
41 
39 
64 
37 
2 
18 
58 
50 
34 
10 
50 
62 
61 
53 
55 
38 
15 
9 
16 
3 
10 
8 
25 
7 
12 
34 
31 
15 
94 
133 
99 
21 
20 
0 
14 
31 
89 
127 
136 
56 
32 
89 
122 
90 
31 
31 
26 
14 
2 
15 
39 
40 
40 
16 
48 
77 
81 
82 
38 
5 
7 
15 
22 
29 
43 
37 
4 
15 
25 
0 
22 
72 
59 
45 
20 
74 
108 
82 
66 
31 
8 
32 
40 
64 
48 
64 
64 
56 
48 
8 
40 
40 
29 
21 
6 
53 
45 
40 
14 
5 
8 
6 
5 
8 
32 
23 
62 
61 
40 
35 
13 
36 
42 
36 
13 
35 
40 
30 
0 
1 
15 
52 
66 
58 
29 
64 
24 
48 
64 
151 
174 
115 
4 
62 
74 
129 
164 
154 
127 
95 
6 
7 
41 
68 
82 
84 
90 
104 
125 
101 
77 
13 
31 
56 
41 
42 
39 
39 
16 
0 
18 
22 
13 
37 
77 
80 
55 
70 
64 
51 
53 
20 
42 
44 
10 
19 
29 
46 
15 
9 
20 
7 
14 
31 
97 
47 
47 
55 
47 
15 
48 
47 
15 
9 
90 
175 
175 
110 
11 
58 
89 
132 
130 
119 
71 
23 
25 
42 
79 
81 
74 
47 
40 
45 
45 
48 
32 
39 
30 
24 
31 
14 
7 
9 
2 
4 
29 
11 
18 
28 
2 
4 
34 
72 
65 
50 
17 
66 
82 
79 
56 
32 
16 
24 
24 
48 
47 
14 
2 
4 
10 
8 
25 
23 
23 
46 
61 
24 
30 
53 
35 
2 
12 
50 
33 
32 
22 
15 
41 
55 
48 
48 
40 
31 
9 
103 
100 
90 
79 
103 
63 
22 
39 
84 
98 
63 
31 
23 
8 
37 
105 
114 
82 
94 
85 
59 
21 
9 
41 
68 
63 
65 
88 
73 
34 
34 
54 
13 
20 
50 
68 
114 
120 
117 
101 
85 
8 
24 
9 
2 
15 
9 
10 
39 
48 
17 
21 
21 
16 
64 
75 
77 
40 
6 
7 
25 
47 
48 
65 
50 
21 
65 
90 
126 
149 
96 
22 
3 
25 
37 
22 
28 
68 
79 
57 
71 
81 
82 
74 
30 
5 
31 
68 
74 
79 
80 
69 
73 
42 
50 
70 
85 
56 
4 
74 
100 
66 
64 
41 
5 
71 
62 
13 
7 
62 
53 
47 
54 
45 
91 
85 
11 
27 
66 
65 
55 
57 
72 
105 
71 
15 
32 
65 
98 
71 
96 
53 
85 
45 
5 
0 
0 
22 
24 
27 
24 
17 
59 
58 
56 
41 
50 
2 
45 
77 
101 
93 
37 
8 
30 
85 
43 
2 
41 
52 
42 
40 
25 
5 
32 
39 
39 
38 
32 
23 
38 
16 
1 
23 
28 
34 
31 
32 
0 
15 
40 
64 
77 
37 
61 
45 
31 
22 
23 
49 
47 
57 
71 
32 
66 
106 
98 
54 
13 
24 
31 
40 
21 
1 
29 
45 
32 
27 
69 
88 
38 
18 
3 
2 
17 
34 
60 
50 
15 
47 
62 
77 
40 
62 
4 
66 
80 
65 
58 
18 
13 
62 
37 
23 
65 
82 
79 
56 
8 
8 
32 
15 
7 
18 
2 
10 
6 
45 
5 
7 
8 
0 
8 
5 
6 
21 
48 
39 
38 
45 
47 
22 
8 
7 
25 
50 
87 
55 
32 
101 
117 
104 
51 
2 
4 
10 
44 
79 
72 
6 
53 
69 
32 
55 
78 
93 
59 
37 
1 
52 
67 
26 
44 
58 
96 
85 
53 
37 
7 
33 
43 
74 
60 
18 
20 
34 
79 
72 
53 
45 
21 
0 
23 
48 
16 
7 
18 
10 
2 
22 
29 
32 
32 
27 
45 
40 
11 
5 
15 
0 
9 
2 
10 
15 
56 
72 
79 
86 
45 
28 
50 
56 
49 
31 
0 
71 
78 
109 
80 
62 
0 
1 
35 
82 
36 
23 
57 
71 
56 
2 
18 
18 
7 
4 
50 
95 
113 
58 
0 
48 
56 
40 
8 
7 
31 
66 
82 
70 
37 
8 
16 
9 
18 
24 
7 
22 
37 
24 
4 
5 
8 
8 
33 
42 
39 
7 
16 
41 
74 
82 
87 
34 
30 
37 
3 
10 
7 
9 
15 
62 
48 
86 
104 
102 
12 
99 
114 
112 
105 
39 
7 
24 
8 
39 
48 
64 
81 
34 
0 
8 
72 
69 
53 
29 
26 
71 
63 
24 
7 
82 
86 
69 
72 
83 
29 
27 
5 
36 
34 
44 
74 
8 
46 
61 
11 
13 
56 
22 
52 
90 
111 
120 
88 
54 
8 
25 
76 
92 
63 
73 
100 
74 
47 
24 
21 
8 
7 
24 
16 
10 
26 
38 
93 
29 
32 
41 
10 
32 
23 
78 
104 
62 
48 
30 
28 
50 
83 
85 
83 
92 
92 
91 
90 
97 
69 
56 
54 
40 
11 
13 
11 
16 
150 
107 
99 
71 
25 
0 
38 
72 
191 
150 
112 
78 
43 
44 
1 
34 
57 
76 
99 
106 
76 
10 
32 
22 
0 
3 
21 
40 
14 
21 
63 
78 
140 
125 
94 
19 
36 
84 
116 
116 
63 
17 
16 
46 
48 
70 
72 
38 
32 
78 
100 
109 
78 
33 
57 
45 
30 
14 
35 
51 
19 
11 
20 
53 
86 
35 
11 
29 
3 
13 
28 
74 
76 
42 
79 
65 
18 
32 
63 
102 
96 
102 
56 
30 
55 
33 
7 
12 
45 
16 
7 
22 
64 
70 
36 
21 
25 
28 
12 
25 
93 
110 
38 
33 
57 
65 
65 
20 
4 
5 
4 
15 
38 
48 
6 
31 
33 
21 
48 
14 
34 
47 
24 
0 
0 
15 
47 
95 
135 
78 
5 
15 
41 
29 
19 
5 
36 
69 
67 
29 
46 
3 
11 
3 
4 
43 
67 
26 
30 
35 
7 
41 
7 
55 
30 
13 
0 
31 
94 
141 
115 
12 
67 
83 
22 
37 
6 
99 
154 
112 
40 
10 
42 
130 
118 
141 
104 
46 
44 
79 
105 
79 
48 
42 
54 
53 
10 
8 
8 
7 
24 
64 
87 
86 
93 
110 
75 
3 
52 
76 
116 
116 
71 
1 
13 
31 
39 
46 
69 
93 
120 
142 
148 
137 
89 
51 
212 
293 
210 
65 
0 
14 
7 
48 
61 
8 
55 
113 
122 
111 
88 
37 
29 
13 
13 
2 
47 
56 
7 
150 
205 
107 
44 
84 
100 
99 
66 
1 
16 
54 
48 
6 
21 
24 
16 
7 
24 
0 
55 
103 
118 
108 
133 
134 
18 
35 
8 
46 
92 
117 
17 
4 
131 
211 
210 
111 
51 
69 
59 
27 
99 
172 
188 
172 
127 
81 
39 
56 
69 
32 
3 
37 
22 
3 
28 
59 
107 
98 
57 
44 
18 
0 
0 
16 
8 
23 
56 
97 
122 
119 
39 
33 
58 
18 
7 
15 
47 
159 
118 
29 
68 
42 
227 
257 
185 
63 
94 
221 
208 
206 
158 
114 
88 
73 
86 
101 
3 
52 
100 
148 
204 
164 
111 
105 
82 
46 
34 
72 
81 
39 
1 
7 
25 
29 
88 
67 
21 
51 
37 
142 
83 
52 
147 
159 
137 
82 
1 
13 
40 
11 
48 
30 
57 
145 
164 
122 
106 
94 
77 
104 
86 
12 
52 
1 
74 
49 
3 
11 
26 
33 
67 
98 
96 
33 
37 
87 
134 
125 
104 
91 
10 
104 
101 
77 
21 
26 
98 
70 
21 
44 
114 
111 
56 
32 
31 
1 
26 
68 
106 
92 
98 
31 
14 
23 
64 
336 
283 
140 
51 
309 
366 
234 
89 
23 
23 
63 
87 
152 
56 
6 
2 
16 
38 
42 
200 
229 
88 
6 
91 
106 
96 
33 
21 
24 
1 
45 
0 
89 
90 
78 
53 
44 
26 
100 
131 
130 
44 
0 
12 
42 
79 
80 
37 
72 
120 
70 
64 
158 
170 
49 
40 
110 
212 
257 
225 
184 
141 
53 
24 
30 
27 
131 
211 
338 
449 
206 
34 
159 
192 
189 
133 
29 
13 
23 
31 
8 
7 
128 
133 
173 
141 
112 
49 
116 
119 
104 
77 
120 
160 
158 
27 
83 
142 
122 
153 
212 
154 
58 
22 
2 
43 
92 
77 
102 
60 
53 
65 
92 
47 
113 
204 
210 
151 
103 
51 
74 
113 
75 
74 
121 
183 
160 
205 
192 
147 
20 
82 
121 
92 
42 
81 
108 
115 
114 
168 
117 
16 
65 
92 
172 
151 
65 
31 
51 
101 
59 
115 
154 
119 
24 
103 
151 
112 
15 
89 
162 
162 
94 
77 
24 
31 
0 
135 
207 
86 
139 
222 
214 
226 
165 
37 
55 
121 
183 
224 
208 
240 
151 
22 
156 
226 
228 
170 
175 
171 
125 
14 
61 
107 
164 
201 
209 
201 
115 
18 
7 
10 
22 
22 
53 
48 
30 
124 
92 
99 
180 
117 
58 
25 
55 
80 
103 
78 
47 
193 
359 
360 
199 
25 
191 
256 
133 
69 
25 
61 
99 
34 
124 
26 
26 
46 
2 
76 
82 
119 
111 
71 
32 
8 
14 
10 
40 
47 
70 
21 
79 
184 
259 
377 
337 
66 
152 
304 
380 
441 
385 
238 
61 
121 
276 
316 
279 
377 
266 
158 
20 
198 
358 
434 
296 
216 
70 
4 
29 
139 
269 
275 
219 
95 
54 
29 
1 
31 
0 
55 
79 
0 
7 
0 
2 
38 
13 
54 
32 
12 
5 
24 
40 
151 
163 
125 
78 
10 
14 
46 
158 
226 
196 
77 
144 
111 
47 
46 
58 
151 
95 
0 
14 
64 
54 
83 
274 
360 
301 
116 
70 
214 
323 
159 
41 
36 
58 
111 
88 
0 
184 
217 
58 
99 
68 
43 
27 
19 
44 
108 
88 
25 
207 
181 
181 
141 
76 
13 
48 
45 
34 
94 
109 
88 
62 
6 
93 
115 
76 
33 
115 
163 
251 
242 
12 
205 
363 
419 
502 
301 
138 
118 
248 
299 
284 
193 
201 
180 
130 
114 
110 
48 
41 
135 
217 
143 
71 
30 
116 
132 
124 
31 
70 
75 
99 
50 
95 
2 
245 
288 
238 
18 
182 
348 
247 
133 
101 
109 
109 
120 
59 
146 
140 
10 
20 
27 
26 
84 
154 
239 
307 
133 
89 
217 
225 
276 
255 
247 
182 
139 
83 
21 
115 
196 
132 
119 
48 
21 
37 
30 
77 
15 
9 
42 
8 
87 
8 
9 
53 
24 
68 
162 
143 
87 
63 
70 
53 
59 
172 
153 
62 
163 
252 
231 
169 
122 
111 
19 
146 
255 
185 
143 
112 
96 
63 
65 
74 
48 
0 
10 
22 
117 
112 
91 
100 
68 
18 
32 
135 
262 
283 
130 
152 
44 
186 
276 
238 
125 
144 
110 
28 
58 
116 
138 
96 
153 
114 
16 
159 
214 
152 
78 
67 
11 
98 
97 
191 
248 
112 
32 
17 
66 
136 
157 
157 
144 
47 
17 
37 
69 
40 
8 
1 
10 
39 
71 
160 
184 
25 
101 
79 
110 
48 
43 
133 
128 
103 
14 
15 
43 
117 
38 
52 
49 
97 
188 
210 
136 
109 
93 
119 
232 
169 
218 
222 
109 
0 
38 
36 
26 
36 
171 
290 
272 
160 
35 
37 
15 
49 
163 
170 
153 
140 
56 
102 
25 
132 
138 
103 
79 
63 
39 
30 
20 
5 
28 
43 
2 
67 
76 
28 
36 
28 
19 
70 
242 
201 
191 
104 
10 
39 
100 
178 
161 
132 
98 
73 
87 
47 
35 
5 
57 
84 
55 
41 
48 
22 
95 
18 
1 
2 
103 
15 
213 
301 
341 
299 
116 
32 
214 
524 
593 
367 
31 
169 
252 
242 
271 
232 
120 
40 
152 
81 
58 
27 
34 
16 
56 
2 
40 
70 
48 
30 
63 
113 
175 
240 
216 
102 
75 
40 
9 
36 
36 
28 
67 
67 
75 
147 
162 
144 
101 
29 
55 
17 
0 
73 
140 
90 
127 
120 
125 
136 
8 
89 
66 
55 
16 
1 
10 
15 
8 
7 
25 
66 
46 
74 
170 
158 
101 
19 
10 
28 
15 
17 
56 
126 
107 
35 
282 
129 
32 
94 
93 
32 
40 
56 
6 
61 
80 
87 
70 
82 
200 
224 
120 
65 
103 
120 
168 
168 
111 
14 
2 
23 
6 
0 
20 
151 
30 
104 
142 
28 
122 
247 
240 
0 
8 
17 
122 
152 
141 
73 
58 
14 
53 
21 
31 
11 
50 
28 
50 
40 
105 
162 
57 
178 
202 
142 
53 
8 
7 
17 
42 
39 
24 
7 
1 
21 
48 
75 
56 
62 
35 
12 
143 
169 
119 
23 
96 
96 
72 
112 
103 
174 
96 
25 
244 
255 
32 
82 
42 
62 
93 
88 
39 
8 
57 
98 
138 
90 
1 
47 
56 
137 
154 
151 
86 
13 
15 
17 
39 
9 
8 
12 
21 
28 
26 
7 
15 
94 
107 
92 
27 
11 
20 
82 
73 
55 
136 
96 
8 
57 
103 
97 
95 
80 
33 
10 
2 
15 
7 
6 
29 
19 
50 
92 
98 
119 
136 
88 
43 
74 
228 
202 
103 
112 
117 
40 
24 
11 
5 
7 
1 
55 
24 
1 
13 
8 
12 
37 
40 
25 
127 
209 
118 
26 
95 
64 
113 
186 
231 
143 
54 
21 
12 
58 
111 
144 
33 
13 
24 
14 
55 
92 
13 
96 
184 
119 
46 
119 
185 
94 
21 
71 
80 
72 
56 
40 
40 
23 
0 
31 
10 
57 
18 
21 
37 
53 
69 
61 
24 
52 
98 
56 
81 
135 
127 
32 
153 
207 
185 
106 
39 
7 
16 
120 
93 
40 
48 
31 
48 
64 
96 
95 
62 
56 
102 
84 
53 
22 
44 
131 
202 
288 
112 
40 
116 
146 
167 
216 
181 
133 
48 
24 
89 
79 
156 
98 
47 
23 
0 
36 
29 
31 
158 
285 
192 
110 
36 
21 
3 
28 
107 
170 
161 
79 
221 
109 
63 
148 
138 
111 
79 
47 
15 
17 
58 
103 
71 
135 
119 
41 
127 
113 
162 
160 
128 
80 
32 
24 
65 
39 
32 
16 
1 
5 
48 
54 
13 
3 
5 
31 
73 
87 
112 
56 
7 
48 
105 
114 
98 
42 
2 
42 
50 
41 
34 
13 
7 
43 
93 
99 
147 
139 
162 
145 
44 
149 
275 
323 
239 
152 
144 
115 
29 
97 
201 
225 
185 
172 
170 
94 
45 
28 
26 
20 
55 
121 
120 
17 
47 
96 
89 
29 
101 
101 
85 
45 
24 
0 
56 
56 
48 
0 
0 
0 
30 
61 
32 
6 
2 
4 
5 
0 
41 
42 
40 
39 
38 
35 
61 
70 
43 
12 
33 
5 
161 
84 
19 
77 
38 
55 
38 
93 
48 
15 
37 
49 
13 
80 
142 
125 
54 
84 
47 
17 
36 
23 
25 
10 
4 
45 
48 
39 
30 
7 
54 
84 
101 
106 
65 
1 
36 
45 
322 
289 
130 
9 
119 
25 
61 
35 
5 
127 
208 
237 
280 
283 
161 
89 
35 
104 
150 
246 
187 
66 
46 
75 
23 
46 
20 
82 
97 
50 
24 
42 
66 
82 
58 
38 
2 
45 
80 
55 
78 
42 
160 
109 
21 
26 
23 
15 
29 
10 
70 
141 
176 
150 
43 
123 
186 
185 
79 
32 
8 
136 
165 
165 
157 
96 
47 
14 
18 
108 
111 
169 
39 
190 
171 
28 
115 
274 
88 
150 
245 
160 
118 
60 
42 
92 
66 
167 
104 
53 
10 
42 
74 
106 
74 
38 
37 
104 
94 
32 
33 
119 
185 
183 
88 
119 
239 
183 
94 
16 
54 
50 
100 
58 
87 
96 
73 
29 
61 
53 
117 
117 
109 
72 
31 
41 
55 
7 
81 
143 
79 
8 
72 
112 
64 
0 
16 
56 
69 
53 
72 
99 
57 
53 
33 
225 
121 
103 
56 
46 
5 
45 
137 
106 
82 
37 
69 
21 
56 
32 
24 
16 
48 
64 
16 
49 
42 
50 
34 
46 
45 
7 
12 
5 
24 
54 
8 
1 
7 
15 
1 
5 
8 
71 
46 
53 
40 
15 
17 
42 
31 
28 
21 
47 
126 
75 
82 
169 
192 
97 
70 
61 
55 
113 
151 
153 
130 
55 
39 
7 
80 
48 
12 
34 
8 
30 
7 
24 
17 
10 
37 
40 
8 
8 
6 
37 
7 
70 
141 
107 
28 
26 
14 
83 
59 
223 
225 
231 
40 
135 
169 
130 
106 
135 
71 
112 
136 
59 
13 
23 
48 
56 
136 
94 
48 
118 
96 
33 
226 
279 
167 
36 
162 
199 
104 
56 
32 
0 
31 
9 
34 
47 
48 
9 
5 
64 
72 
48 
63 
46 
53 
48 
30 
8 
3 
74 
31 
6 
31 
80 
21 
17 
2 
0 
64 
56 
23 
29 
38 
77 
88 
103 
102 
29 
7 
32 
73 
130 
111 
31 
7 
39 
13 
93 
125 
136 
75 
77 
64 
54 
24 
81 
127 
153 
122 
31 
32 
104 
109 
141 
141 
112 
27 
106 
96 
49 
42 
47 
7 
16 
7 
55 
47 
31 
50 
38 
16 
20 
29 
0 
8 
9 
5 
5 
10 
2 
5 
13 
16 
16 
48 
24 
63 
55 
38 
26 
16 
19 
37 
8 
8 
46 
48 
12 
26 
16 
46 
0 
60 
2 
32 
15 
25 
8 
23 
48 
31 
47 
31 
58 
86 
29 
95 
104 
13 
2 
23 
55 
80 
80 
45 
21 
29 
32 
40 
17 
18 
39 
33 
31 
8 
9 
24 
23 
34 
30 
2 
61 
72 
56 
23 
24 
1 
29 
8 
4 
13 
48 
70 
56 
6 
123 
13 
35 
66 
64 
45 
6 
21 
2 
13 
1 
2 
106 
130 
126 
141 
43 
2 
116 
167 
105 
66 
34 
2 
9 
26 
50 
71 
95 
71 
39 
58 
54 
16 
8 
1 
16 
3 
18 
23 
7 
38 
37 
15 
20 
34 
15 
32 
0 
0 
6 
26 
23 
31 
32 
72 
88 
96 
56 
0 
37 
25 
18 
24 
8 
6 
21 
23 
94 
48 
1 
10 
16 
16 
14 
2 
5 
29 
53 
24 
43 
15 
73 
84 
66 
24 
23 
31 
56 
72 
93 
93 
69 
56 
32 
1 
26 
72 
105 
63 
23 
23 
22 
37 
56 
24 
23 
16 
21 
13 
22 
13 
21 
32 
48 
23 
30 
45 
71 
78 
96 
70 
12 
50 
153 
191 
229 
26 
103 
95 
32 
72 
88 
71 
47 
39 
22 
2 
8 
7 
6 
13 
23 
41 
34 
23 
16 
47 
46 
45 
55 
46 
16 
25 
2 
7 
17 
13 
40 
23 
30 
29 
15 
30 
7 
33 
16 
59 
53 
49 
159 
176 
53 
15 
15 
11 
66 
119 
141 
149 
125 
69 
16 
17 
23 
17 
7 
14 
16 
17 
52 
2 
7 
6 
13 
11 
29 
24 
6 
0 
3 
5 
32 
23 
6 
16 
33 
29 
39 
38 
18 
23 
31 
70 
45 
47 
30 
11 
58 
32 
38 
56 
46 
37 
44 
82 
15 
23 
8 
17 
16 
43 
53 
11 
5 
31 
41 
90 
58 
41 
130 
146 
82 
30 
2 
39 
20 
13 
24 
27 
5 
28 
21 
47 
41 
18 
18 
8 
24 
24 
0 
16 
32 
47 
79 
63 
54 
8 
25 
23 
11 
29 
16 
27 
2 
71 
85 
9 
2 
29 
29 
21 
37 
45 
37 
8 
15 
7 
2 
1 
10 
10 
13 
29 
64 
40 
31 
1 
66 
16 
30 
50 
8 
13 
17 
37 
37 
45 
29 
45 
13 
32 
8 
7 
14 
45 
48 
19 
18 
8 
7 
6 
10 
39 
32 
25 
53 
141 
88 
27 
10 
73 
103 
57 
5 
39 
8 
48 
48 
48 
29 
25 
26 
10 
10 
14 
37 
72 
43 
13 
28 
5 
23 
41 
18 
5 
8 
24 
16 
39 
15 
6 
5 
24 
43 
29 
32 
14 
34 
63 
104 
80 
48 
60 
90 
74 
55 
47 
15 
7 
23 
26 
54 
29 
16 
24 
6 
10 
8 
7 
9 
2 
29 
0 
8 
7 
18 
1 
29 
24 
23 
31 
22 
13 
13 
8 
8 
7 
7 
15 
31 
0 
8 
14 
53 
37 
39 
62 
24 
3 
2 
56 
65 
42 
34 
21 
29 
37 
37 
40 
40 
48 
31 
10 
6 
2 
7 
0 
10 
9 
10 
2 
13 
29 
21 
48 
47 
62 
5 
16 
1 
16 
32 
6 
45 
40 
0 
16 
13 
13 
5 
10 
31 
39 
38 
61 
40 
15 
9 
47 
40 
17 
13 
37 
8 
24 
40 
72 
63 
46 
10 
63 
25 
0 
19 
5 
7 
16 
16 
13 
8 
0 
16 
13 
37 
29 
32 
63 
71 
62 
32 
1 
5 
0 
25 
47 
64 
48 
45 
7 
63 
71 
55 
31 
30 
53 
37 
23 
30 
42 
24 
7 
29 
37 
45 
13 
34 
50 
54 
53 
56 
31 
25 
47 
24 
5 
14 
37 
61 
56 
16 
0 
37 
29 
6 
21 
29 
10 
16 
31 
39 
30 
29 
13 
8 
15 
22 
13 
0 
8 
1 
21 
13 
8 
7 
38 
53 
32 
22 
2 
72 
9 
29 
0 
6 
29 
40 
0 
9 
29 
48 
27 
26 
16 
6 
13 
31 
47 
30 
21 
32 
24 
8 
33 
26 
26 
55 
24 
7 
42 
86 
85 
48 
57 
74 
18 
40 
40 
23 
0 
18 
30 
37 
53 
24 
23 
14 
10 
8 
1 
5 
23 
30 
32 
19 
37 
27 
37 
43 
40 
46 
43 
28 
34 
41 
44 
16 
22 
24 
30 
16 
6 
7 
17 
15 
1 
64 
118 
43 
36 
9 
5 
25 
28 
43 
18 
4 
13 
16 
38 
32 
27 
37 
46 
4 
18 
25 
35 
5 
19 
29 
19 
24 
6 
13 
19 
13 
4 
2 
44 
18 
11 
5 
15 
38 
24 
22 
16 
1 
7 
3 
37 
15 
6 
16 
41 
0 
35 
61 
3 
10 
22 
40 
14 
7 
4 
5 
32 
30 
8 
3 
29 
27 
13 
19 
2 
1 
27 
34 
17 
7 
4 
37 
32 
22 
29 
3 
5 
0 
9 
7 
30 
72 
46 
28 
10 
57 
31 
9 
0 
43 
45 
8 
33 
63 
72 
14 
85 
16 
8 
14 
37 
72 
55 
30 
5 
0 
7 
14 
29 
16 
14 
2 
28 
26 
8 
30 
28 
13 
7 
6 
8 
6 
5 
16 
24 
15 
6 
8 
7 
14 
16 
3 
13 
31 
38 
16 
1 
7 
16 
14 
32 
23 
57 
74 
23 
31 
39 
42 
54 
53 
64 
59 
13 
0 
41 
26 
39 
32 
5 
14 
45 
45 
15 
15 
54 
32 
27 
13 
0 
6 
21 
8 
8 
45 
17 
13 
13 
40 
23 
38 
61 
43 
29 
35 
29 
4 
23 
20 
10 
0 
25 
21 
32 
11 
13 
40 
54 
40 
22 
23 
73 
55 
24 
10 
5 
2 
10 
50 
50 
62 
61 
32 
22 
37 
27 
5 
33 
47 
33 
7 
23 
38 
13 
15 
0 
2 
6 
37 
32 
48 
35 
45 
48 
38 
16 
14 
23 
57 
87 
96 
61 
13 
42 
42 
42 
42 
34 
30 
61 
88 
55 
54 
16 
4 
10 
11 
45 
0 
49 
31 
33 
2 
16 
15 
6 
5 
16 
15 
8 
5 
14 
13 
13 
7 
23 
39 
33 
50 
42 
8 
56 
72 
40 
15 
0 
18 
10 
5 
2 
6 
13 
29 
21 
5 
21 
2 
21 
24 
0 
17 
29 
48 
39 
17 
10 
7 
15 
39 
42 
38 
45 
56 
19 
10 
39 
41 
23 
0 
30 
21 
32 
40 
23 
17 
10 
2 
24 
15 
14 
5 
15 
8 
16 
37 
17 
1 
26 
18 
18 
26 
23 
15 
0 
8 
23 
47 
55 
46 
69 
40 
54 
40 
9 
63 
89 
23 
31 
34 
22 
10 
0 
7 
5 
22 
53 
64 
55 
14 
0 
7 
9 
8 
7 
23 
22 
16 
15 
14 
5 
15 
22 
24 
22 
21 
12 
26 
4 
13 
8 
30 
13 
7 
9 
21 
40 
19 
29 
24 
14 
23 
33 
0 
12 
13 
16 
23 
22 
13 
16 
0 
14 
61 
64 
25 
58 
0 
22 
0 
7 
14 
15 
15 
0 
15 
31 
58 
38 
21 
0 
0 
1 
21 
24 
22 
13 
8 
6 
16 
15 
9 
18 
8 
39 
39 
30 
21 
23 
22 
0 
9 
23 
20 
10 
16 
23 
18 
9 
18 
0 
8 
7 
24 
63 
71 
62 
29 
7 
14 
0 
20 
10 
8 
0 
6 
10 
7 
8 
15 
46 
45 
40 
30 
16 
6 
5 
7 
1 
0 
4 
5 
31 
32 
17 
21 
32 
47 
30 
29 
24 
44 
10 
10 
0 
40 
63 
79 
62 
29 
15 
100 
58 
10 
7 
23 
46 
61 
72 
11 
26 
23 
24 
7 
34 
38 
61 
64 
16 
17 
18 
40 
14 
10 
32 
9 
5 
23 
39 
63 
56 
48 
48 
39 
7 
24 
33 
21 
29 
40 
27 
18 
15 
1 
29 
24 
7 
6 
18 
7 
0 
18 
14 
29 
45 
32 
35 
29 
16 
9 
34 
40 
57 
18 
21 
24 
24 
48 
56 
39 
7 
1 
13 
24 
31 
30 
37 
39 
30 
7 
20 
34 
7 
0 
5 
1 
2 
23 
47 
55 
30 
21 
16 
11 
21 
8 
16 
9 
5 
29 
48 
47 
54 
53 
35 
13 
28 
34 
17 
47 
105 
106 
0 
72 
45 
21 
41 
42 
66 
62 
21 
2 
32 
55 
22 
7 
12 
13 
8 
8 
6 
13 
0 
5 
6 
13 
32 
31 
38 
40 
11 
26 
4 
21 
31 
14 
7 
20 
18 
15 
7 
0 
31 
30 
29 
13 
16 
15 
22 
24 
7 
9 
10 
8 
8 
7 
7 
6 
5 
13 
24 
23 
54 
85 
67 
53 
11 
13 
17 
79 
81 
39 
8 
33 
18 
29 
37 
45 
56 
0 
32 
24 
21 
2 
10 
50 
63 
63 
39 
31 
31 
15 
6 
10 
31 
16 
46 
48 
19 
2 
23 
40 
6 
21 
24 
48 
72 
71 
70 
24 
14 
7 
1 
3 
74 
108 
50 
47 
8 
15 
31 
24 
25 
42 
42 
47 
48 
48 
32 
40 
23 
22 
16 
12 
2 
16 
9 
8 
15 
14 
18 
15 
0 
16 
0 
15 
47 
47 
38 
21 
24 
15 
6 
29 
32 
15 
14 
2 
32 
49 
5 
2 
55 
40 
15 
34 
34 
34 
50 
58 
50 
46 
45 
64 
0 
17 
0 
7 
38 
40 
9 
63 
92 
66 
2 
48 
48 
40 
8 
8 
39 
66 
54 
93 
59 
29 
12 
90 
129 
50 
8 
56 
53 
77 
69 
13 
0 
7 
40 
69 
25 
2 
21 
13 
48 
56 
32 
32 
0 
7 
15 
23 
34 
30 
21 
16 
0 
14 
21 
39 
38 
0 
33 
0 
4 
13 
0 
0 
23 
14 
21 
13 
24 
24 
39 
46 
56 
35 
8 
6 
15 
57 
127 
88 
0 
8 
32 
41 
34 
42 
63 
55 
38 
21 
16 
7 
1 
2 
24 
16 
22 
29 
16 
40 
33 
10 
16 
87 
99 
69 
19 
10 
36 
42 
60 
10 
0 
23 
46 
53 
40 
31 
22 
7 
20 
10 
0 
1 
24 
6 
13 
23 
78 
48 
12 
18 
23 
33 
34 
39 
15 
15 
55 
66 
38 
21 
7 
22 
13 
15 
8 
1 
18 
16 
47 
47 
38 
45 
32 
14 
8 
1 
15 
33 
26 
0 
22 
93 
96 
35 
5 
12 
18 
63 
121 
87 
8 
55 
82 
78 
13 
0 
16 
15 
0 
8 
15 
23 
23 
15 
15 
31 
30 
21 
23 
14 
8 
6 
0 
12 
10 
8 
7 
22 
24 
39 
126 
112 
62 
19 
11 
30 
50 
49 
75 
58 
31 
18 
14 
34 
15 
8 
32 
45 
45 
24 
40 
88 
91 
61 
35 
13 
20 
82 
124 
66 
42 
24 
56 
56 
56 
47 
14 
21 
15 
30 
16 
9 
10 
16 
1 
2 
24 
39 
42 
54 
56 
35 
21 
14 
15 
41 
28 
61 
19 
2 
9 
7 
33 
47 
72 
41 
10 
16 
24 
48 
64 
55 
50 
54 
37 
23 
1 
2 
32 
1 
29 
32 
11 
37 
19 
29 
27 
29 
4 
10 
17 
31 
44 
26 
31 
38 
53 
88 
30 
47 
65 
55 
57 
26 
7 
0 
48 
72 
56 
48 
48 
31 
15 
2 
6 
5 
40 
39 
22 
40 
46 
48 
30 
28 
43 
58 
68 
58 
23 
31 
82 
102 
53 
48 
22 
13 
15 
6 
15 
33 
39 
33 
10 
24 
31 
6 
10 
8 
24 
7 
0 
7 
22 
53 
69 
72 
38 
13 
3 
10 
39 
40 
49 
66 
31 
0 
31 
58 
46 
37 
69 
112 
120 
78 
69 
70 
11 
27 
74 
113 
156 
178 
120 
69 
29 
42 
55 
40 
49 
58 
87 
108 
90 
47 
8 
6 
13 
13 
16 
0 
0 
24 
40 
47 
38 
37 
24 
46 
40 
22 
0 
30 
77 
59 
12 
21 
27 
11 
91 
138 
116 
74 
39 
29 
21 
37 
15 
76 
95 
65 
68 
58 
64 
45 
45 
45 
32 
39 
38 
32 
22 
0 
9 
4 
61 
43 
52 
69 
78 
62 
46 
42 
41 
20 
27 
34 
44 
50 
52 
50 
47 
40 
40 
37 
40 
32 
23 
7 
25 
24 
15 
38 
48 
35 
37 
27 
40 
30 
60 
61 
70 
59 
43 
28 
20 
4 
27 
30 
26 
17 
44 
83 
74 
24 
38 
56 
15 
9 
23 
32 
16 
38 
77 
64 
35 
29 
19 
21 
20 
42 
23 
6 
21 
32 
7 
6 
13 
8 
8 
17 
26 
40 
47 
27 
26 
47 
32 
8 
40 
13 
66 
34 
18 
5 
10 
8 
40 
24 
0 
9 
58 
55 
56 
10 
46 
45 
39 
46 
44 
29 
30 
43 
58 
49 
59 
106 
95 
56 
10 
98 
46 
21 
71 
120 
25 
53 
96 
107 
93 
54 
25 
76 
52 
60 
59 
42 
49 
36 
4 
45 
6 
9 
19 
98 
89 
95 
64 
10 
90 
150 
117 
76 
53 
14 
1 
10 
1 
27 
36 
53 
67 
52 
52 
17 
1 
9 
17 
20 
12 
4 
11 
19 
19 
3 
27 
59 
67 
51 
34 
65 
56 
30 
117 
163 
181 
139 
59 
26 
27 
69 
88 
78 
93 
91 
93 
107 
132 
100 
19 
69 
86 
62 
6 
6 
35 
43 
83 
83 
43 
61 
94 
43 
27 
84 
36 
20 
44 
28 
28 
52 
83 
95 
81 
55 
33 
26 
0 
15 
7 
0 
0 
87 
71 
64 
48 
37 
29 
29 
40 
8 
19 
37 
43 
53 
70 
75 
91 
124 
92 
68 
52 
23 
9 
15 
17 
2 
16 
0 
17 
10 
8 
23 
31 
66 
70 
53 
40 
8 
45 
57 
26 
45 
72 
56 
23 
7 
1 
18 
23 
16 
30 
61 
48 
70 
96 
78 
100 
101 
1 
20 
44 
172 
175 
129 
82 
47 
23 
63 
135 
114 
102 
53 
10 
31 
7 
40 
71 
47 
24 
73 
114 
29 
21 
13 
2 
30 
29 
13 
15 
46 
56 
54 
43 
44 
20 
1 
18 
33 
84 
82 
52 
50 
103 
80 
25 
13 
37 
40 
38 
29 
4 
18 
36 
50 
60 
10 
7 
25 
58 
72 
17 
13 
56 
39 
30 
24 
9 
15 
9 
28 
2 
20 
34 
23 
17 
58 
63 
48 
32 
49 
26 
31 
0 
70 
21 
8 
23 
40 
13 
33 
42 
50 
30 
50 
87 
71 
55 
30 
12 
66 
92 
47 
1 
16 
6 
35 
66 
79 
69 
73 
102 
85 
45 
23 
40 
53 
61 
69 
53 
21 
18 
26 
55 
42 
22 
37 
21 
7 
15 
7 
24 
15 
54 
53 
43 
13 
17 
47 
105 
127 
104 
72 
80 
63 
30 
31 
105 
74 
10 
48 
47 
14 
10 
39 
64 
72 
47 
136 
117 
101 
80 
51 
37 
24 
6 
175 
160 
141 
117 
96 
78 
67 
20 
252 
204 
179 
66 
35 
61 
6 
27 
42 
6 
16 
22 
24 
22 
28 
13 
60 
47 
44 
66 
64 
49 
13 
56 
43 
53 
38 
4 
43 
50 
36 
59 
66 
48 
33 
47 
63 
64 
47 
15 
8 
32 
15 
31 
18 
37 
49 
5 
21 
13 
2 
10 
16 
56 
64 
93 
61 
10 
66 
90 
86 
61 
16 
6 
47 
81 
79 
112 
85 
53 
18 
58 
62 
53 
32 
7 
41 
143 
160 
93 
18 
87 
87 
39 
0 
0 
8 
0 
15 
30 
37 
24 
22 
3 
18 
25 
36 
59 
98 
132 
114 
47 
7 
15 
24 
64 
40 
16 
9 
45 
64 
46 
16 
17 
67 
90 
88 
61 
29 
2 
42 
71 
72 
57 
42 
0 
31 
46 
8 
8 
9 
10 
15 
95 
176 
159 
102 
12 
90 
124 
122 
111 
95 
47 
9 
23 
8 
81 
175 
248 
192 
59 
74 
65 
47 
65 
103 
120 
125 
93 
40 
17 
92 
103 
161 
167 
141 
85 
18 
55 
32 
14 
40 
7 
6 
18 
56 
57 
82 
55 
23 
6 
5 
63 
96 
128 
133 
85 
32 
55 
64 
56 
16 
24 
64 
69 
8 
0 
15 
6 
50 
96 
65 
18 
15 
40 
80 
37 
17 
34 
15 
8 
49 
50 
42 
7 
55 
87 
86 
101 
54 
4 
50 
65 
84 
50 
39 
6 
5 
39 
16 
0 
18 
26 
94 
157 
120 
27 
58 
104 
113 
102 
61 
24 
12 
10 
48 
49 
63 
84 
82 
50 
55 
55 
46 
21 
0 
7 
14 
0 
0 
1 
15 
43 
69 
99 
132 
57 
54 
99 
147 
138 
88 
53 
2 
21 
15 
105 
138 
71 
24 
23 
16 
85 
128 
64 
33 
39 
1 
10 
7 
14 
23 
72 
73 
34 
13 
53 
37 
29 
45 
15 
63 
23 
8 
73 
90 
66 
31 
55 
8 
40 
40 
7 
23 
42 
46 
29 
15 
30 
24 
6 
18 
8 
1 
5 
16 
7 
17 
34 
34 
8 
24 
56 
8 
39 
110 
149 
155 
101 
54 
35 
75 
91 
115 
90 
73 
55 
81 
79 
40 
15 
8 
7 
16 
9 
167 
153 
111 
72 
26 
90 
86 
69 
32 
15 
17 
34 
47 
47 
40 
32 
41 
42 
34 
39 
39 
15 
7 
96 
16 
58 
110 
93 
100 
69 
27 
12 
35 
50 
100 
151 
32 
30 
85 
101 
64 
16 
49 
26 
7 
0 
0 
15 
26 
10 
18 
34 
50 
50 
90 
62 
29 
7 
49 
55 
20 
37 
83 
69 
67 
28 
18 
25 
44 
66 
16 
41 
79 
80 
80 
72 
39 
1 
39 
73 
88 
73 
71 
49 
39 
32 
1 
8 
15 
2 
17 
18 
42 
70 
77 
56 
35 
13 
3 
15 
9 
18 
8 
65 
15 
0 
79 
142 
165 
99 
53 
17 
81 
148 
111 
65 
23 
23 
63 
111 
142 
157 
96 
49 
60 
50 
1 
20 
10 
73 
140 
130 
120 
104 
75 
53 
11 
20 
76 
132 
156 
60 
123 
210 
191 
147 
117 
3 
108 
124 
115 
90 
60 
63 
80 
33 
5 
45 
69 
69 
53 
53 
88 
120 
99 
21 
40 
49 
39 
36 
18 
15 
24 
21 
9 
2 
18 
18 
29 
13 
45 
149 
200 
151 
62 
35 
106 
116 
42 
32 
17 
26 
8 
25 
18 
13 
8 
0 
24 
24 
5 
9 
26 
31 
16 
9 
10 
26 
79 
103 
31 
102 
176 
86 
30 
20 
84 
84 
100 
146 
152 
109 
45 
10 
48 
73 
119 
173 
161 
14 
13 
29 
24 
8 
33 
58 
135 
103 
39 
41 
90 
111 
55 
23 
71 
70 
125 
112 
38 
84 
146 
160 
97 
46 
29 
16 
16 
33 
87 
104 
97 
74 
58 
26 
6 
2 
5 
24 
31 
22 
5 
8 
15 
30 
40 
22 
35 
42 
36 
26 
4 
21 
80 
107 
21 
7 
