45 
48 
43 
61 
51 
37 
6 
39 
73 
95 
104 
93 
85 
61 
53 
24 
24 
8 
34 
62 
80 
51 
37 
11 
5 
1 
15 
33 
47 
57 
66 
66 
62 
53 
21 
7 
7 
0 
0 
22 
21 
3 
5 
0 
9 
26 
32 
40 
33 
26 
2 
2 
0 
8 
8 
15 
14 
5 
12 
18 
24 
41 
50 
39 
16 
16 
21 
17 
13 
21 
47 
14 
10 
15 
24 
17 
42 
55 
48 
48 
24 
6 
16 
27 
45 
51 
29 
11 
5 
7 
9 
47 
57 
82 
79 
79 
87 
62 
45 
32 
0 
13 
21 
32 
47 
62 
37 
7 
9 
26 
23 
32 
45 
37 
29 
21 
37 
29 
16 
7 
14 
29 
40 
43 
40 
38 
4 
47 
65 
66 
55 
40 
32 
21 
6 
29 
32 
14 
5 
3 
2 
23 
65 
66 
55 
47 
40 
24 
0 
23 
38 
29 
24 
38 
40 
30 
19 
4 
10 
25 
36 
39 
49 
47 
41 
50 
55 
55 
56 
47 
42 
38 
21 
8 
16 
23 
15 
15 
8 
24 
24 
0 
18 
38 
45 
51 
45 
19 
13 
15 
33 
50 
63 
88 
77 
69 
61 
64 
40 
0 
32 
48 
71 
70 
52 
37 
35 
12 
5 
1 
28 
50 
84 
74 
71 
56 
45 
37 
5 
38 
29 
19 
21 
11 
21 
14 
15 
49 
55 
56 
61 
57 
34 
38 
37 
13 
8 
0 
23 
31 
30 
16 
6 
18 
31 
48 
48 
48 
40 
32 
15 
16 
32 
55 
54 
48 
38 
8 
1 
23 
33 
47 
56 
65 
58 
70 
69 
56 
23 
8 
5 
5 
13 
16 
23 
30 
24 
3 
5 
16 
25 
10 
0 
27 
53 
62 
19 
13 
14 
4 
18 
41 
59 
58 
52 
34 
17 
19 
10 
14 
20 
2 
20 
10 
23 
49 
74 
66 
63 
39 
16 
38 
35 
36 
33 
21 
12 
26 
31 
31 
48 
63 
63 
47 
47 
47 
32 
24 
16 
16 
7 
15 
34 
46 
53 
47 
46 
32 
19 
32 
22 
12 
19 
18 
28 
43 
50 
68 
42 
20 
5 
4 
26 
32 
25 
7 
8 
1 
15 
17 
31 
44 
34 
15 
20 
5 
16 
15 
14 
16 
14 
29 
38 
20 
4 
18 
57 
76 
66 
52 
10 
8 
1 
20 
10 
4 
10 
8 
9 
18 
39 
88 
104 
88 
87 
38 
13 
2 
18 
26 
30 
29 
21 
29 
32 
32 
0 
24 
41 
42 
39 
44 
26 
0 
8 
10 
6 
5 
24 
23 
46 
56 
46 
35 
20 
20 
4 
44 
59 
74 
96 
85 
101 
93 
88 
55 
6 
10 
34 
38 
37 
16 
17 
2 
16 
38 
28 
29 
4 
18 
32 
37 
33 
34 
18 
26 
39 
55 
56 
56 
24 
24 
21 
5 
22 
21 
32 
35 
37 
40 
62 
40 
22 
4 
18 
17 
35 
42 
44 
39 
60 
58 
66 
63 
47 
34 
14 
2 
38 
45 
43 
37 
30 
11 
3 
10 
28 
50 
71 
63 
47 
23 
26 
10 
29 
48 
43 
37 
22 
3 
3 
10 
28 
31 
44 
34 
63 
79 
71 
47 
70 
64 
54 
32 
6 
10 
2 
2 
18 
26 
18 
26 
10 
5 
13 
5 
0 
7 
15 
15 
14 
10 
31 
41 
34 
23 
23 
8 
2 
6 
13 
24 
15 
38 
48 
46 
8 
17 
47 
49 
55 
49 
34 
24 
6 
8 
22 
24 
6 
8 
11 
18 
32 
41 
66 
71 
72 
56 
21 
9 
37 
8 
8 
13 
21 
21 
32 
32 
39 
18 
10 
7 
8 
1 
5 
24 
19 
29 
40 
35 
45 
27 
21 
11 
8 
1 
39 
57 
66 
68 
58 
64 
57 
39 
24 
0 
21 
21 
6 
29 
48 
35 
53 
54 
43 
11 
28 
55 
65 
55 
53 
57 
66 
50 
23 
15 
23 
7 
8 
23 
14 
21 
16 
14 
19 
13 
54 
19 
5 
14 
3 
4 
3 
2 
1 
31 
65 
95 
112 
120 
103 
95 
74 
38 
13 
5 
15 
15 
24 
37 
53 
45 
29 
32 
15 
22 
18 
32 
25 
15 
16 
1 
15 
0 
19 
69 
67 
68 
68 
51 
30 
5 
54 
82 
89 
95 
89 
95 
96 
81 
58 
50 
14 
2 
18 
10 
5 
29 
45 
45 
48 
31 
23 
6 
18 
47 
46 
61 
80 
94 
75 
52 
13 
12 
51 
58 
80 
81 
71 
63 
88 
87 
70 
37 
8 
16 
40 
39 
31 
30 
32 
16 
33 
34 
39 
47 
31 
24 
0 
22 
53 
48 
30 
37 
16 
6 
18 
36 
42 
31 
36 
34 
20 
2 
3 
29 
54 
59 
51 
35 
4 
31 
73 
103 
120 
120 
155 
157 
115 
85 
78 
36 
5 
36 
66 
79 
95 
103 
95 
78 
61 
32 
6 
7 
40 
49 
58 
55 
48 
32 
0 
6 
5 
7 
14 
8 
12 
10 
0 
17 
31 
36 
34 
32 
33 
18 
15 
15 
15 
15 
15 
15 
23 
15 
8 
16 
32 
29 
21 
6 
13 
8 
7 
22 
5 
8 
8 
8 
16 
24 
17 
18 
23 
28 
26 
23 
40 
33 
13 
48 
59 
45 
27 
8 
9 
0 
41 
58 
63 
56 
49 
47 
48 
33 
2 
0 
0 
24 
21 
8 
0 
0 
23 
54 
60 
45 
14 
36 
63 
77 
77 
69 
53 
56 
39 
47 
38 
13 
24 
64 
95 
86 
59 
19 
3 
10 
33 
39 
32 
48 
72 
87 
78 
69 
48 
15 
22 
21 
16 
8 
15 
0 
16 
23 
39 
58 
54 
45 
32 
30 
32 
6 
0 
1 
20 
18 
41 
63 
57 
55 
36 
18 
31 
23 
0 
15 
14 
29 
11 
5 
20 
34 
55 
88 
112 
104 
55 
6 
22 
53 
55 
54 
32 
31 
30 
2 
15 
48 
64 
80 
72 
80 
56 
23 
0 
13 
21 
5 
5 
13 
33 
5 
5 
13 
16 
32 
56 
56 
31 
7 
24 
39 
39 
38 
45 
15 
22 
21 
27 
29 
22 
19 
50 
73 
79 
56 
61 
53 
45 
29 
21 
16 
16 
8 
7 
7 
16 
32 
40 
48 
40 
47 
39 
22 
10 
23 
56 
64 
75 
85 
75 
76 
29 
22 
20 
47 
97 
138 
138 
142 
112 
94 
68 
21 
0 
21 
25 
42 
54 
69 
80 
43 
13 
7 
25 
26 
32 
21 
29 
13 
13 
17 
2 
2 
7 
16 
32 
45 
37 
29 
13 
29 
21 
9 
2 
13 
21 
40 
35 
45 
51 
45 
30 
11 
12 
58 
113 
130 
114 
102 
77 
72 
54 
32 
6 
31 
48 
56 
64 
72 
54 
37 
19 
0 
1 
3 
2 
12 
31 
25 
18 
40 
21 
6 
8 
3 
5 
1 
19 
18 
25 
31 
49 
71 
71 
63 
70 
53 
32 
0 
17 
18 
10 
9 
2 
2 
0 
25 
10 
15 
15 
8 
8 
8 
0 
10 
18 
30 
21 
16 
14 
13 
4 
10 
20 
2 
4 
7 
6 
16 
30 
27 
20 
13 
1 
27 
50 
60 
79 
84 
42 
56 
61 
65 
70 
69 
80 
75 
88 
102 
106 
113 
124 
106 
95 
80 
88 
91 
101 
91 
76 
52 
41 
1 
34 
73 
76 
58 
63 
56 
56 
31 
15 
5 
1 
2 
18 
15 
0 
16 
23 
22 
21 
16 
22 
8 
4 
10 
12 
7 
41 
47 
49 
39 
33 
18 
7 
0 
22 
44 
53 
62 
66 
65 
60 
18 
30 
78 
114 
137 
122 
95 
79 
47 
31 
7 
19 
45 
51 
61 
54 
30 
9 
12 
35 
35 
18 
12 
19 
18 
19 
20 
21 
30 
27 
11 
4 
3 
4 
11 
35 
43 
43 
38 
42 
41 
68 
39 
33 
20 
19 
5 
22 
38 
70 
42 
33 
25 
28 
20 
11 
2 
22 
19 
20 
13 
6 
3 
2 
0 
14 
7 
16 
41 
18 
18 
2 
10 
7 
0 
8 
43 
69 
51 
37 
22 
56 
70 
75 
80 
70 
51 
20 
19 
50 
65 
63 
57 
58 
55 
80 
61 
56 
59 
37 
12 
42 
88 
109 
112 
99 
101 
99 
68 
49 
13 
22 
3 
26 
41 
23 
28 
26 
34 
42 
54 
29 
8 
15 
24 
15 
6 
5 
5 
16 
23 
42 
46 
53 
48 
39 
31 
30 
32 
27 
37 
38 
19 
2 
17 
23 
8 
1 
10 
7 
32 
24 
0 
15 
10 
2 
9 
18 
26 
34 
38 
13 
7 
23 
24 
24 
45 
61 
61 
37 
9 
5 
24 
15 
9 
22 
45 
72 
51 
53 
43 
29 
0 
15 
15 
22 
13 
2 
15 
18 
22 
13 
8 
12 
26 
26 
15 
7 
14 
2 
7 
33 
34 
23 
24 
32 
32 
56 
43 
53 
32 
30 
40 
19 
5 
26 
23 
39 
38 
37 
23 
22 
2 
7 
15 
16 
16 
0 
5 
17 
18 
18 
31 
32 
40 
56 
40 
24 
0 
7 
18 
2 
2 
2 
2 
2 
6 
10 
18 
31 
32 
25 
26 
15 
7 
7 
0 
8 
16 
24 
24 
31 
30 
29 
24 
16 
15 
7 
7 
22 
37 
24 
38 
23 
14 
8 
0 
16 
40 
48 
48 
56 
40 
24 
5 
17 
42 
34 
26 
22 
29 
13 
8 
7 
24 
32 
16 
16 
16 
7 
1 
2 
4 
21 
35 
44 
45 
22 
1 
20 
18 
36 
26 
23 
49 
82 
95 
96 
88 
88 
80 
75 
61 
43 
21 
7 
25 
31 
33 
50 
47 
40 
40 
35 
45 
27 
21 
22 
8 
62 
35 
29 
14 
3 
6 
13 
22 
57 
53 
38 
30 
14 
30 
30 
26 
17 
36 
31 
17 
20 
2 
12 
5 
22 
12 
12 
9 
6 
3 
4 
20 
17 
33 
17 
25 
52 
42 
36 
2 
3 
0 
9 
44 
58 
57 
47 
60 
50 
39 
24 
32 
9 
5 
16 
48 
0 
6 
8 
3 
5 
4 
18 
25 
31 
17 
15 
17 
18 
15 
17 
2 
0 
4 
21 
35 
52 
28 
4 
4 
3 
11 
38 
42 
33 
28 
31 
33 
23 
6 
28 
52 
36 
18 
14 
43 
51 
66 
73 
55 
48 
49 
50 
47 
40 
1 
32 
38 
28 
21 
4 
31 
41 
47 
17 
7 
12 
10 
15 
24 
13 
1 
13 
31 
46 
43 
12 
3 
27 
11 
10 
33 
52 
42 
36 
31 
41 
34 
39 
32 
8 
8 
24 
40 
41 
26 
15 
36 
10 
16 
27 
37 
27 
29 
51 
44 
45 
46 
22 
11 
12 
44 
67 
82 
81 
79 
81 
74 
58 
7 
24 
30 
45 
51 
48 
14 
4 
39 
57 
63 
65 
50 
39 
40 
33 
10 
8 
8 
7 
38 
45 
35 
5 
15 
33 
55 
65 
34 
31 
32 
29 
17 
5 
24 
30 
53 
51 
48 
30 
3 
35 
34 
41 
68 
82 
72 
49 
26 
7 
8 
1 
5 
0 
0 
0 
14 
13 
3 
10 
52 
50 
32 
25 
26 
7 
16 
2 
30 
16 
19 
53 
54 
19 
11 
27 
42 
73 
103 
112 
104 
72 
43 
37 
16 
8 
29 
61 
53 
48 
22 
21 
3 
10 
28 
18 
20 
2 
15 
9 
5 
15 
1 
8 
12 
10 
8 
14 
20 
42 
41 
55 
57 
66 
39 
24 
0 
7 
7 
14 
29 
32 
38 
16 
9 
15 
41 
47 
56 
33 
15 
8 
1 
16 
35 
69 
78 
62 
30 
4 
28 
55 
65 
103 
120 
93 
65 
42 
34 
34 
22 
5 
13 
16 
15 
7 
6 
5 
5 
18 
38 
53 
43 
29 
22 
36 
37 
46 
20 
2 
36 
42 
56 
89 
66 
47 
32 
33 
42 
39 
24 
9 
2 
8 
15 
6 
5 
21 
16 
7 
22 
28 
13 
25 
71 
57 
66 
63 
39 
23 
7 
0 
8 
23 
38 
37 
27 
24 
14 
28 
31 
25 
36 
34 
40 
33 
26 
8 
23 
30 
24 
38 
27 
4 
26 
60 
74 
79 
103 
95 
63 
46 
21 
13 
10 
22 
37 
56 
43 
45 
27 
21 
0 
57 
98 
98 
78 
45 
32 
24 
0 
16 
23 
23 
39 
38 
29 
16 
9 
18 
28 
18 
4 
13 
3 
24 
22 
11 
10 
28 
10 
31 
48 
73 
74 
74 
66 
55 
39 
23 
15 
15 
62 
69 
83 
76 
92 
100 
68 
11 
17 
65 
108 
146 
159 
151 
134 
112 
86 
56 
6 
23 
55 
71 
79 
86 
77 
43 
37 
4 
34 
64 
41 
58 
62 
53 
37 
13 
0 
2 
1 
13 
13 
0 
7 
8 
9 
7 
9 
10 
3 
29 
43 
45 
38 
20 
13 
6 
23 
57 
79 
88 
96 
112 
112 
87 
47 
10 
45 
85 
88 
75 
77 
35 
16 
1 
15 
33 
42 
71 
77 
77 
77 
77 
45 
2 
26 
38 
29 
5 
16 
35 
61 
67 
67 
51 
6 
49 
84 
98 
79 
71 
55 
47 
42 
46 
45 
29 
8 
0 
10 
14 
13 
0 
17 
29 
47 
38 
40 
11 
2 
23 
40 
37 
25 
26 
34 
42 
47 
71 
63 
23 
8 
15 
30 
24 
7 
6 
21 
13 
24 
31 
22 
7 
33 
63 
72 
73 
50 
42 
26 
10 
2 
2 
0 
0 
16 
48 
47 
46 
28 
5 
36 
58 
72 
41 
26 
23 
40 
40 
24 
32 
0 
16 
24 
8 
7 
8 
9 
2 
3 
28 
37 
3 
39 
56 
49 
54 
61 
37 
8 
0 
8 
0 
15 
16 
13 
9 
2 
34 
23 
15 
7 
8 
0 
16 
24 
24 
11 
13 
0 
1 
18 
32 
41 
50 
55 
48 
48 
32 
8 
18 
34 
38 
21 
16 
22 
37 
30 
12 
28 
25 
20 
4 
27 
50 
65 
66 
87 
82 
62 
37 
21 
1 
2 
8 
1 
0 
17 
23 
24 
24 
2 
2 
14 
45 
56 
78 
67 
60 
44 
27 
6 
13 
38 
46 
46 
46 
66 
41 
20 
4 
21 
30 
27 
3 
3 
19 
46 
54 
50 
41 
60 
47 
57 
55 
44 
26 
15 
24 
13 
9 
2 
0 
0 
1 
7 
17 
31 
32 
9 
7 
8 
13 
17 
10 
8 
8 
7 
7 
14 
0 
9 
15 
33 
39 
32 
17 
2 
8 
23 
22 
13 
19 
29 
22 
11 
42 
72 
97 
114 
110 
93 
80 
62 
37 
7 
1 
2 
8 
45 
57 
54 
69 
29 
7 
14 
2 
16 
37 
61 
69 
53 
40 
23 
5 
13 
29 
21 
21 
8 
15 
40 
48 
56 
56 
40 
16 
7 
8 
23 
34 
30 
21 
16 
23 
38 
2 
31 
40 
53 
17 
2 
8 
17 
23 
40 
48 
48 
64 
43 
37 
48 
54 
48 
35 
29 
16 
1 
10 
7 
8 
13 
41 
58 
54 
69 
77 
64 
38 
13 
20 
23 
41 
71 
72 
65 
74 
74 
62 
21 
13 
15 
31 
62 
101 
107 
68 
20 
11 
34 
57 
63 
73 
66 
79 
55 
32 
48 
56 
47 
30 
21 
23 
10 
2 
26 
10 
38 
45 
32 
7 
9 
7 
16 
32 
37 
61 
64 
43 
37 
3 
10 
40 
65 
55 
48 
40 
32 
24 
24 
0 
0 
0 
7 
14 
13 
7 
31 
48 
48 
45 
9 
13 
16 
3 
5 
10 
23 
16 
0 
0 
13 
21 
25 
42 
58 
66 
50 
30 
21 
13 
0 
24 
40 
53 
72 
64 
43 
29 
3 
2 
12 
31 
41 
55 
41 
42 
40 
61 
61 
45 
24 
24 
7 
9 
5 
2 
6 
2 
15 
24 
24 
24 
8 
0 
31 
39 
22 
5 
8 
6 
5 
31 
64 
64 
64 
48 
56 
56 
31 
7 
13 
1 
18 
42 
50 
42 
54 
32 
3 
2 
44 
58 
79 
72 
48 
24 
21 
9 
13 
16 
16 
0 
7 
15 
8 
24 
45 
53 
57 
18 
2 
15 
14 
21 
24 
31 
6 
18 
15 
15 
23 
56 
72 
71 
71 
62 
77 
48 
22 
13 
7 
32 
61 
93 
131 
117 
83 
36 
9 
18 
49 
87 
112 
101 
73 
58 
54 
53 
45 
24 
0 
40 
24 
24 
16 
0 
23 
15 
16 
33 
10 
18 
10 
0 
32 
23 
7 
1 
2 
7 
7 
40 
48 
48 
45 
37 
29 
45 
29 
1 
21 
21 
21 
24 
32 
27 
37 
24 
22 
3 
2 
9 
36 
42 
60 
50 
55 
55 
47 
39 
23 
10 
5 
2 
18 
18 
31 
23 
23 
32 
32 
31 
23 
0 
2 
21 
21 
5 
21 
29 
29 
40 
27 
29 
19 
5 
17 
28 
26 
24 
33 
39 
47 
48 
56 
48 
48 
39 
15 
10 
14 
29 
53 
37 
16 
0 
8 
24 
24 
40 
40 
39 
30 
29 
32 
30 
4 
10 
12 
23 
41 
39 
49 
34 
26 
31 
24 
8 
14 
24 
38 
19 
2 
9 
27 
34 
55 
73 
66 
66 
62 
53 
32 
7 
17 
26 
46 
37 
47 
46 
24 
9 
34 
55 
72 
80 
63 
34 
14 
13 
5 
30 
37 
48 
31 
30 
2 
23 
48 
57 
42 
42 
50 
38 
5 
22 
29 
45 
56 
46 
29 
0 
17 
47 
63 
64 
80 
72 
39 
7 
24 
39 
54 
40 
19 
21 
3 
10 
15 
25 
23 
17 
31 
33 
7 
1 
0 
14 
0 
16 
37 
45 
37 
45 
48 
40 
40 
37 
45 
25 
10 
5 
16 
16 
23 
15 
10 
2 
6 
29 
37 
8 
1 
0 
1 
3 
2 
1 
3 
11 
18 
16 
57 
50 
39 
39 
55 
47 
56 
56 
40 
40 
40 
24 
0 
8 
2 
14 
2 
23 
63 
86 
100 
97 
89 
65 
20 
20 
68 
98 
128 
149 
149 
136 
110 
64 
30 
7 
56 
80 
72 
22 
5 
7 
24 
24 
40 
40 
40 
23 
0 
0 
0 
16 
31 
63 
51 
53 
60 
33 
29 
9 
57 
87 
97 
90 
66 
62 
53 
56 
31 
46 
21 
15 
16 
32 
32 
0 
5 
14 
13 
8 
15 
24 
8 
5 
17 
10 
13 
29 
40 
15 
6 
19 
50 
60 
26 
32 
33 
26 
22 
37 
37 
24 
8 
8 
8 
7 
15 
14 
5 
23 
25 
42 
24 
7 
30 
5 
8 
7 
9 
26 
26 
0 
27 
61 
46 
12 
51 
82 
79 
72 
56 
47 
39 
22 
21 
32 
16 
0 
15 
15 
0 
8 
16 
13 
29 
9 
21 
29 
32 
31 
30 
32 
19 
37 
51 
36 
17 
2 
33 
84 
98 
96 
81 
82 
90 
102 
80 
43 
21 
16 
45 
77 
93 
83 
61 
46 
22 
6 
12 
31 
49 
50 
58 
47 
31 
23 
15 
31 
46 
24 
6 
20 
50 
64 
81 
98 
86 
69 
48 
62 
48 
14 
8 
14 
8 
6 
23 
64 
85 
64 
59 
84 
93 
78 
38 
1 
44 
63 
72 
57 
42 
7 
6 
12 
5 
36 
39 
49 
55 
80 
77 
53 
16 
0 
16 
24 
13 
1 
29 
8 
0 
9 
5 
7 
40 
40 
32 
63 
54 
56 
46 
37 
27 
2 
31 
47 
47 
55 
70 
40 
11 
13 
3 
37 
30 
19 
4 
10 
52 
58 
56 
41 
58 
71 
80 
72 
72 
72 
47 
22 
13 
15 
40 
72 
63 
62 
69 
67 
76 
97 
97 
71 
28 
37 
110 
146 
144 
141 
152 
131 
141 
107 
72 
22 
7 
17 
47 
32 
21 
21 
13 
21 
56 
80 
70 
85 
75 
36 
10 
20 
15 
1 
7 
17 
63 
89 
79 
49 
31 
25 
10 
8 
22 
45 
43 
53 
54 
54 
27 
36 
87 
129 
130 
119 
111 
111 
78 
64 
35 
29 
8 
9 
15 
16 
17 
50 
39 
32 
24 
13 
22 
13 
13 
29 
21 
14 
29 
40 
47 
86 
32 
3 
21 
12 
63 
89 
114 
127 
88 
64 
31 
47 
39 
47 
34 
22 
45 
47 
38 
12 
18 
44 
58 
48 
57 
55 
64 
41 
10 
15 
0 
14 
13 
32 
14 
13 
16 
11 
10 
48 
65 
63 
56 
40 
40 
48 
47 
47 
54 
40 
11 
2 
31 
47 
31 
30 
21 
0 
16 
24 
32 
47 
62 
48 
59 
61 
31 
6 
31 
55 
64 
71 
54 
44 
29 
38 
44 
52 
89 
100 
79 
84 
10 
51 
131 
170 
207 
231 
230 
187 
157 
86 
12 
31 
1 
7 
41 
90 
159 
95 
6 
37 
92 
117 
75 
44 
2 
57 
76 
39 
25 
23 
25 
27 
66 
80 
41 
0 
38 
29 
6 
8 
49 
58 
64 
65 
102 
61 
24 
15 
21 
61 
61 
53 
0 
14 
8 
9 
23 
41 
79 
80 
64 
15 
47 
59 
37 
28 
58 
63 
71 
46 
29 
15 
22 
69 
8 
16 
7 
0 
54 
56 
86 
91 
24 
41 
39 
9 
5 
24 
24 
65 
10 
72 
97 
63 
17 
53 
67 
37 
4 
34 
42 
39 
55 
66 
94 
88 
55 
23 
23 
62 
75 
69 
31 
6 
10 
38 
69 
80 
55 
38 
42 
78 
29 
41 
55 
81 
74 
38 
5 
7 
7 
0 
18 
22 
13 
15 
40 
0 
54 
45 
37 
57 
42 
50 
24 
79 
62 
5 
24 
80 
131 
93 
59 
3 
42 
60 
138 
200 
152 
48 
48 
72 
80 
48 
7 
17 
10 
55 
88 
136 
188 
113 
41 
9 
22 
59 
66 
105 
106 
122 
102 
69 
48 
48 
8 
70 
72 
31 
1 
37 
32 
16 
81 
86 
101 
101 
40 
3 
13 
16 
78 
48 
81 
58 
31 
0 
24 
32 
16 
0 
77 
69 
13 
85 
67 
2 
33 
164 
130 
167 
59 
10 
25 
41 
60 
55 
65 
47 
25 
34 
8 
14 
5 
24 
102 
125 
91 
59 
42 
38 
99 
186 
240 
173 
136 
107 
61 
46 
51 
35 
20 
66 
120 
123 
124 
69 
46 
48 
141 
172 
145 
89 
76 
123 
35 
4 
95 
104 
125 
212 
260 
215 
144 
44 
93 
170 
200 
203 
212 
228 
223 
225 
90 
4 
9 
17 
12 
127 
104 
5 
117 
232 
134 
179 
163 
60 
10 
47 
24 
120 
93 
101 
65 
82 
87 
84 
34 
3 
37 
78 
131 
127 
41 
3 
26 
72 
56 
68 
93 
192 
166 
163 
196 
181 
142 
70 
4 
90 
124 
126 
149 
192 
142 
126 
59 
8 
48 
67 
93 
203 
244 
205 
134 
78 
3 
12 
73 
26 
209 
192 
221 
272 
198 
123 
28 
142 
155 
67 
36 
1 
81 
153 
151 
107 
100 
108 
159 
185 
103 
28 
50 
33 
91 
148 
202 
127 
15 
38 
5 
7 
0 
16 
16 
7 
47 
151 
174 
169 
113 
30 
107 
92 
27 
134 
17 
129 
121 
89 
44 
24 
33 
71 
88 
88 
96 
135 
102 
77 
51 
61 
7 
14 
40 
25 
35 
93 
110 
4 
43 
90 
151 
152 
166 
150 
106 
17 
62 
114 
105 
71 
3 
53 
88 
9 
130 
127 
80 
102 
52 
50 
30 
126 
62 
9 
14 
52 
151 
89 
130 
2 
58 
110 
117 
26 
10 
85 
2 
13 
41 
29 
61 
45 
22 
10 
47 
47 
86 
53 
7 
31 
51 
77 
35 
42 
22 
19 
0 
17 
55 
17 
29 
61 
24 
67 
65 
33 
44 
13 
86 
90 
97 
52 
5 
3 
51 
67 
2 
62 
22 
43 
46 
25 
120 
149 
229 
235 
188 
148 
3 
124 
35 
35 
55 
161 
32 
11 
15 
126 
63 
9 
5 
34 
18 
18 
24 
86 
108 
108 
116 
85 
38 
36 
33 
86 
34 
34 
81 
36 
72 
86 
4 
203 
99 
173 
102 
9 
153 
8 
103 
63 
38 
42 
55 
22 
61 
19 
47 
1 
123 
148 
73 
18 
25 
63 
88 
60 
34 
52 
44 
76 
100 
140 
175 
161 
138 
119 
39 
198 
76 
53 
81 
6 
9 
6 
26 
49 
76 
74 
36 
35 
5 
3 
32 
62 
124 
129 
137 
20 
68 
12 
4 
67 
138 
249 
47 
47 
25 
178 
23 
142 
67 
67 
35 
4 
11 
4 
23 
88 
155 
193 
204 
210 
199 
169 
130 
92 
2 
6 
59 
76 
97 
153 
212 
258 
168 
48 
64 
15 
46 
42 
128 
97 
66 
50 
46 
85 
64 
83 
104 
94 
27 
55 
97 
40 
54 
111 
136 
24 
56 
1 
52 
37 
25 
88 
69 
125 
64 
70 
171 
146 
129 
92 
83 
66 
30 
20 
51 
114 
57 
47 
104 
213 
197 
51 
37 
9 
52 
45 
46 
4 
50 
113 
130 
159 
163 
157 
142 
91 
67 
43 
3 
44 
82 
128 
121 
58 
18 
30 
21 
24 
29 
101 
104 
39 
30 
20 
21 
6 
56 
94 
34 
88 
9 
26 
23 
48 
9 
53 
56 
39 
31 
23 
71 
110 
53 
240 
485 
141 
160 
249 
207 
7 
32 
96 
119 
46 
2 
47 
112 
64 
64 
24 
23 
104 
104 
63 
39 
18 
14 
13 
0 
32 
80 
96 
16 
12 
5 
35 
37 
20 
29 
62 
35 
11 
82 
136 
176 
168 
99 
45 
43 
21 
8 
17 
34 
42 
86 
125 
187 
73 
10 
65 
81 
20 
106 
96 
88 
30 
24 
25 
74 
69 
109 
101 
32 
54 
75 
197 
195 
115 
11 
41 
212 
239 
120 
88 
71 
25 
8 
11 
26 
32 
6 
32 
31 
9 
50 
39 
56 
65 
47 
15 
46 
53 
56 
30 
15 
33 
148 
117 
1 
49 
93 
38 
38 
22 
34 
41 
52 
10 
110 
149 
115 
85 
64 
7 
26 
78 
10 
98 
10 
34 
102 
37 
68 
18 
78 
82 
140 
162 
136 
41 
35 
226 
287 
286 
166 
202 
265 
177 
100 
2 
105 
138 
154 
182 
168 
134 
75 
44 
12 
10 
104 
85 
13 
59 
74 
56 
246 
125 
32 
8 
104 
72 
35 
5 
11 
10 
19 
10 
44 
2 
52 
42 
12 
13 
55 
70 
48 
38 
13 
23 
176 
189 
141 
88 
14 
5 
31 
127 
79 
51 
26 
84 
34 
44 
53 
28 
23 
14 
115 
69 
49 
82 
103 
96 
40 
14 
27 
76 
156 
154 
41 
52 
124 
182 
157 
107 
180 
209 
149 
86 
38 
11 
27 
42 
25 
20 
29 
17 
66 
88 
32 
16 
0 
0 
8 
1 
50 
143 
302 
284 
38 
91 
92 
75 
90 
144 
168 
112 
47 
47 
47 
16 
65 
82 
50 
23 
29 
21 
89 
74 
114 
10 
18 
150 
2 
79 
33 
31 
52 
2 
72 
41 
0 
103 
5 
121 
114 
82 
21 
29 
32 
16 
65 
31 
16 
23 
25 
39 
12 
61 
91 
93 
54 
23 
64 
112 
107 
109 
56 
62 
45 
32 
16 
16 
34 
58 
26 
42 
66 
16 
88 
54 
61 
133 
8 
58 
198 
100 
57 
113 
153 
27 
91 
111 
133 
149 
144 
150 
147 
100 
77 
75 
13 
8 
1 
66 
103 
119 
104 
48 
8 
23 
21 
5 
10 
26 
40 
168 
135 
81 
127 
132 
106 
63 
1 
7 
14 
48 
62 
32 
14 
2 
12 
26 
31 
9 
34 
36 
18 
40 
88 
112 
63 
22 
21 
40 
22 
21 
31 
55 
48 
15 
15 
5 
30 
18 
50 
34 
23 
7 
43 
85 
8 
17 
3 
18 
48 
69 
101 
96 
39 
39 
0 
31 
26 
25 
18 
114 
143 
182 
12 
18 
14 
65 
73 
84 
79 
73 
34 
21 
26 
23 
8 
37 
69 
61 
56 
19 
21 
16 
23 
39 
34 
10 
37 
69 
56 
8 
16 
5 
0 
7 
47 
55 
62 
36 
2 
44 
71 
72 
33 
34 
15 
15 
17 
58 
47 
16 
22 
45 
39 
22 
10 
15 
56 
88 
72 
96 
80 
63 
32 
45 
21 
2 
48 
16 
40 
103 
9 
10 
31 
32 
65 
98 
82 
63 
31 
24 
59 
101 
116 
101 
219 
36 
91 
170 
207 
199 
214 
168 
70 
95 
104 
85 
45 
47 
10 
61 
45 
16 
23 
110 
124 
50 
33 
44 
55 
40 
49 
66 
63 
48 
32 
32 
15 
0 
37 
32 
15 
46 
16 
57 
63 
55 
31 
64 
32 
23 
32 
0 
7 
24 
48 
64 
69 
65 
34 
13 
8 
7 
46 
69 
56 
1 
18 
0 
49 
34 
13 
0 
23 
16 
24 
32 
33 
10 
4 
18 
20 
53 
86 
67 
20 
18 
49 
63 
64 
96 
118 
112 
102 
80 
70 
37 
18 
70 
77 
64 
8 
15 
31 
38 
69 
64 
19 
34 
48 
33 
39 
52 
34 
31 
14 
34 
63 
56 
33 
21 
53 
56 
7 
13 
53 
93 
96 
80 
64 
61 
45 
29 
2 
58 
226 
174 
53 
31 
1 
31 
41 
31 
107 
98 
136 
113 
103 
76 
42 
7 
0 
13 
33 
6 
50 
34 
30 
29 
24 
56 
78 
48 
6 
71 
121 
146 
63 
24 
71 
47 
14 
10 
18 
0 
0 
16 
25 
26 
31 
0 
14 
4 
13 
12 
34 
10 
31 
47 
58 
62 
61 
21 
22 
8 
24 
13 
0 
15 
38 
29 
47 
39 
10 
21 
48 
39 
38 
45 
55 
38 
16 
9 
39 
41 
26 
20 
10 
24 
45 
45 
45 
56 
46 
37 
14 
0 
44 
50 
74 
58 
10 
29 
161 
170 
78 
34 
87 
89 
55 
14 
40 
38 
18 
74 
130 
114 
42 
18 
10 
2 
7 
7 
30 
77 
128 
179 
109 
51 
130 
103 
105 
87 
48 
6 
26 
8 
7 
33 
50 
39 
32 
0 
15 
31 
23 
14 
26 
23 
33 
39 
55 
71 
126 
96 
31 
17 
90 
30 
29 
83 
149 
171 
27 
59 
74 
89 
87 
128 
77 
21 
21 
2 
6 
53 
120 
86 
11 
42 
57 
68 
82 
47 
25 
18 
47 
32 
14 
24 
27 
69 
54 
44 
21 
1 
27 
42 
72 
77 
101 
136 
127 
74 
50 
10 
21 
56 
47 
55 
66 
54 
61 
15 
52 
18 
0 
17 
23 
56 
73 
50 
34 
38 
2 
18 
34 
74 
86 
18 
55 
65 
79 
89 
98 
79 
46 
98 
183 
96 
31 
14 
28 
61 
54 
28 
67 
74 
68 
98 
119 
113 
50 
58 
10 
25 
5 
32 
8 
32 
32 
56 
95 
70 
16 
1 
26 
103 
130 
74 
90 
58 
10 
17 
18 
42 
118 
117 
40 
36 
50 
63 
49 
10 
31 
56 
41 
18 
15 
0 
15 
5 
33 
21 
40 
54 
36 
37 
30 
27 
23 
33 
55 
128 
112 
103 
102 
69 
24 
32 
32 
6 
5 
8 
31 
58 
14 
10 
14 
37 
5 
8 
39 
39 
6 
10 
64 
31 
42 
33 
58 
63 
48 
41 
42 
15 
19 
13 
8 
17 
58 
31 
8 
72 
39 
6 
7 
1 
31 
25 
71 
112 
101 
72 
8 
111 
143 
86 
32 
4 
5 
84 
146 
120 
77 
45 
21 
2 
18 
34 
66 
58 
38 
10 
23 
59 
34 
35 
89 
61 
17 
103 
121 
127 
128 
81 
26 
16 
46 
48 
22 
21 
32 
40 
7 
25 
26 
31 
9 
8 
9 
18 
8 
1 
31 
23 
40 
61 
49 
2 
37 
40 
6 
7 
32 
49 
50 
39 
47 
64 
80 
24 
0 
56 
61 
25 
5 
64 
0 
23 
32 
1 
29 
4 
21 
59 
0 
41 
71 
73 
10 
72 
56 
87 
118 
18 
71 
49 
63 
73 
68 
74 
72 
57 
26 
5 
39 
70 
29 
8 
33 
26 
34 
42 
58 
102 
72 
63 
46 
21 
8 
56 
9 
29 
43 
37 
46 
0 
25 
26 
31 
63 
15 
56 
128 
126 
110 
102 
66 
1 
10 
49 
97 
103 
81 
26 
5 
24 
72 
86 
64 
46 
7 
17 
13 
3 
5 
15 
57 
31 
64 
57 
18 
6 
18 
50 
39 
23 
32 
48 
48 
40 
48 
15 
6 
0 
24 
41 
26 
40 
55 
42 
22 
21 
37 
24 
0 
32 
13 
13 
14 
5 
26 
47 
31 
18 
13 
45 
77 
88 
87 
38 
21 
15 
8 
7 
16 
2 
21 
21 
29 
9 
5 
21 
69 
88 
43 
18 
31 
39 
38 
5 
29 
24 
0 
23 
40 
56 
47 
7 
13 
37 
53 
61 
77 
77 
37 
23 
8 
14 
47 
144 
16 
24 
48 
23 
1 
55 
73 
98 
96 
64 
64 
56 
31 
9 
50 
42 
26 
14 
2 
8 
24 
23 
5 
25 
18 
8 
15 
2 
41 
34 
54 
93 
61 
40 
7 
24 
32 
32 
15 
7 
2 
25 
42 
34 
22 
29 
37 
29 
5 
26 
74 
26 
30 
37 
40 
1 
15 
33 
58 
103 
104 
80 
24 
16 
7 
63 
35 
21 
32 
39 
14 
31 
8 
1 
18 
47 
32 
21 
33 
42 
42 
42 
34 
6 
2 
5 
10 
38 
2 
31 
12 
10 
71 
72 
72 
48 
8 
0 
41 
98 
215 
179 
37 
52 
59 
58 
28 
51 
98 
89 
39 
17 
15 
33 
2 
2 
7 
24 
8 
2 
5 
41 
50 
42 
50 
50 
34 
2 
14 
5 
2 
34 
23 
23 
18 
10 
6 
5 
10 
0 
16 
41 
42 
50 
39 
16 
8 
2 
6 
37 
21 
0 
0 
1 
26 
50 
31 
16 
48 
61 
61 
33 
10 
21 
29 
21 
13 
16 
7 
6 
10 
26 
7 
38 
13 
23 
49 
66 
55 
32 
16 
2 
26 
2 
21 
33 
26 
26 
26 
18 
31 
31 
39 
31 
15 
8 
24 
24 
15 
23 
41 
26 
10 
16 
40 
40 
31 
14 
58 
31 
28 
10 
4 
13 
30 
20 
12 
28 
9 
10 
33 
59 
66 
95 
111 
119 
118 
96 
70 
43 
29 
30 
28 
2 
36 
34 
36 
10 
15 
30 
32 
17 
21 
19 
29 
11 
5 
51 
28 
21 
30 
4 
5 
9 
7 
54 
44 
53 
51 
28 
20 
1 
38 
6 
1 
22 
66 
57 
36 
26 
12 
21 
38 
64 
62 
48 
14 
4 
13 
8 
25 
39 
32 
45 
41 
34 
10 
2 
9 
2 
18 
34 
47 
31 
23 
8 
0 
5 
13 
5 
13 
13 
7 
7 
16 
40 
24 
21 
37 
29 
21 
21 
16 
8 
24 
16 
16 
0 
10 
14 
5 
8 
9 
26 
8 
31 
1 
74 
90 
58 
34 
1 
6 
26 
34 
10 
13 
2 
61 
37 
5 
0 
40 
41 
34 
23 
16 
17 
13 
16 
8 
7 
6 
5 
7 
20 
10 
0 
14 
13 
24 
57 
82 
50 
42 
18 
5 
16 
11 
29 
32 
6 
10 
24 
25 
18 
31 
57 
18 
15 
0 
6 
5 
15 
16 
17 
10 
15 
11 
29 
16 
36 
42 
55 
48 
41 
18 
10 
8 
7 
23 
30 
32 
3 
5 
4 
26 
36 
50 
31 
1 
0 
28 
26 
15 
25 
10 
15 
56 
41 
10 
5 
8 
15 
14 
18 
15 
16 
37 
25 
18 
0 
8 
1 
13 
40 
43 
13 
20 
26 
36 
26 
36 
39 
36 
34 
31 
48 
33 
2 
16 
23 
31 
29 
9 
13 
64 
30 
35 
50 
52 
18 
0 
41 
42 
55 
55 
32 
8 
10 
22 
21 
24 
6 
5 
8 
41 
50 
42 
15 
0 
0 
6 
13 
0 
11 
37 
19 
2 
36 
50 
63 
56 
77 
45 
21 
29 
37 
37 
16 
7 
0 
15 
55 
71 
30 
0 
28 
42 
39 
40 
33 
5 
5 
8 
8 
6 
7 
8 
33 
39 
48 
45 
33 
10 
21 
37 
29 
23 
39 
32 
5 
1 
5 
37 
40 
4 
18 
7 
9 
18 
40 
41 
23 
0 
17 
10 
7 
24 
13 
1 
5 
8 
11 
13 
15 
9 
47 
57 
50 
39 
24 
21 
29 
37 
21 
2 
2 
25 
10 
37 
16 
32 
33 
5 
10 
16 
15 
40 
49 
26 
15 
8 
8 
23 
34 
22 
5 
0 
33 
50 
79 
80 
69 
37 
13 
2 
2 
10 
18 
10 
18 
14 
21 
13 
7 
25 
26 
32 
17 
26 
23 
16 
0 
14 
13 
8 
16 
21 
25 
18 
26 
31 
31 
32 
21 
17 
18 
23 
0 
15 
8 
0 
16 
2 
38 
77 
48 
16 
33 
39 
48 
53 
25 
18 
7 
7 
8 
21 
17 
5 
26 
8 
0 
2 
30 
24 
8 
17 
2 
15 
1 
50 
56 
40 
21 
9 
2 
2 
8 
4 
5 
0 
32 
61 
57 
26 
18 
10 
2 
7 
7 
8 
15 
0 
10 
22 
21 
16 
1 
26 
56 
57 
47 
32 
21 
17 
5 
5 
32 
40 
35 
13 
7 
17 
34 
56 
73 
74 
58 
15 
0 
16 
8 
7 
15 
7 
15 
15 
9 
26 
24 
25 
15 
4 
21 
55 
56 
13 
14 
34 
2 
8 
23 
16 
0 
6 
13 
2 
15 
25 
2 
16 
16 
25 
26 
15 
28 
10 
0 
16 
6 
8 
0 
9 
13 
8 
17 
18 
20 
26 
15 
17 
23 
8 
13 
1 
10 
7 
0 
6 
7 
36 
34 
23 
33 
26 
31 
32 
29 
5 
1 
10 
2 
5 
16 
16 
7 
6 
2 
24 
33 
26 
15 
12 
18 
15 
23 
40 
24 
8 
7 
0 
1 
21 
16 
7 
17 
15 
28 
18 
31 
48 
37 
9 
13 
32 
30 
37 
11 
21 
6 
12 
34 
44 
50 
47 
49 
34 
15 
9 
2 
7 
14 
2 
39 
25 
10 
0 
16 
1 
5 
15 
56 
48 
41 
18 
18 
8 
23 
38 
29 
7 
9 
26 
39 
40 
49 
66 
63 
63 
8 
15 
16 
7 
15 
31 
0 
2 
6 
13 
21 
0 
17 
26 
47 
56 
64 
48 
13 
13 
10 
26 
30 
21 
16 
23 
6 
7 
33 
18 
36 
34 
39 
31 
32 
32 
32 
16 
8 
10 
6 
5 
2 
0 
7 
8 
37 
53 
57 
42 
18 
10 
5 
13 
16 
23 
7 
6 
10 
15 
16 
25 
5 
16 
0 
21 
25 
18 
15 
0 
8 
25 
10 
26 
23 
7 
7 
1 
5 
16 
17 
18 
36 
34 
40 
25 
26 
34 
23 
16 
55 
15 
1 
18 
8 
9 
34 
48 
25 
10 
16 
25 
26 
8 
7 
13 
9 
2 
2 
2 
8 
20 
50 
47 
48 
56 
61 
21 
42 
10 
10 
18 
46 
13 
0 
8 
6 
0 
16 
17 
23 
25 
42 
48 
41 
18 
15 
8 
0 
26 
30 
13 
0 
6 
7 
20 
10 
0 
17 
15 
41 
31 
36 
18 
0 
4 
2 
7 
11 
13 
16 
17 
26 
32 
41 
42 
0 
4 
10 
31 
32 
29 
25 
26 
8 
6 
21 
15 
22 
40 
30 
7 
33 
39 
33 
31 
25 
26 
15 
24 
2 
6 
13 
0 
8 
17 
42 
39 
40 
9 
10 
4 
10 
15 
1 
16 
7 
6 
5 
16 
9 
10 
12 
26 
52 
34 
7 
32 
25 
10 
7 
14 
29 
16 
22 
8 
4 
10 
9 
23 
1 
19 
26 
44 
50 
64 
33 
7 
0 
9 
10 
7 
1 
5 
16 
16 
17 
39 
40 
33 
18 
0 
15 
30 
29 
7 
16 
22 
32 
14 
23 
49 
52 
18 
25 
55 
41 
18 
16 
9 
5 
24 
7 
14 
13 
15 
14 
15 
25 
39 
41 
42 
28 
18 
7 
0 
6 
0 
32 
17 
18 
7 
3 
2 
15 
8 
17 
15 
12 
5 
0 
1 
0 
22 
4 
2 
3 
15 
33 
7 
3 
26 
47 
48 
49 
39 
24 
21 
17 
2 
16 
7 
1 
2 
0 
19 
5 
15 
16 
17 
23 
36 
58 
63 
55 
16 
0 
24 
16 
10 
10 
22 
21 
5 
8 
6 
18 
31 
48 
41 
34 
26 
7 
8 
13 
14 
13 
16 
7 
30 
32 
4 
2 
20 
42 
56 
65 
58 
42 
26 
15 
23 
31 
16 
32 
48 
23 
0 
1 
15 
32 
49 
50 
55 
32 
24 
8 
23 
58 
38 
29 
7 
6 
0 
6 
0 
41 
71 
84 
50 
15 
7 
0 
0 
6 
2 
10 
7 
24 
11 
13 
8 
1 
26 
48 
57 
42 
58 
42 
23 
0 
8 
7 
30 
45 
51 
53 
19 
5 
17 
63 
96 
109 
101 
85 
37 
2 
8 
16 
10 
58 
50 
38 
21 
8 
7 
17 
34 
31 
20 
18 
7 
12 
10 
0 
14 
24 
12 
2 
0 
9 
26 
48 
41 
74 
63 
24 
7 
14 
5 
5 
8 
0 
17 
10 
5 
7 
23 
40 
17 
26 
55 
56 
1 
29 
8 
7 
1 
18 
15 
7 
0 
8 
1 
2 
15 
24 
33 
26 
47 
48 
33 
2 
5 
21 
32 
40 
23 
1 
18 
7 
17 
23 
1 
0 
9 
23 
49 
42 
23 
0 
16 
17 
2 
2 
0 
3 
10 
15 
32 
56 
45 
49 
34 
26 
2 
18 
2 
16 
32 
31 
30 
13 
0 
9 
18 
15 
9 
18 
20 
10 
15 
17 
23 
16 
9 
21 
16 
6 
13 
19 
0 
25 
23 
25 
42 
47 
41 
34 
31 
12 
5 
16 
11 
13 
7 
9 
18 
48 
64 
69 
61 
61 
37 
5 
5 
10 
30 
45 
40 
39 
38 
32 
22 
8 
1 
20 
34 
25 
27 
26 
33 
27 
18 
8 
17 
23 
15 
24 
9 
5 
8 
1 
7 
17 
31 
33 
42 
48 
41 
26 
42 
42 
10 
5 
29 
29 
16 
0 
6 
2 
8 
25 
18 
23 
24 
45 
49 
10 
24 
40 
27 
37 
24 
6 
0 
9 
44 
58 
47 
48 
33 
26 
7 
7 
6 
13 
32 
46 
36 
13 
23 
33 
47 
72 
65 
58 
55 
31 
16 
7 
22 
32 
39 
46 
40 
1 
26 
32 
25 
47 
56 
65 
66 
47 
24 
16 
21 
37 
2 
66 
54 
13 
5 
16 
15 
1 
31 
48 
57 
26 
31 
32 
13 
22 
5 
0 
0 
14 
29 
8 
28 
26 
31 
9 
0 
6 
16 
14 
0 
41 
50 
55 
55 
63 
23 
34 
34 
26 
18 
2 
7 
31 
15 
0 
16 
16 
7 
15 
26 
30 
37 
40 
22 
8 
1 
35 
42 
55 
33 
34 
31 
40 
48 
32 
16 
5 
2 
30 
37 
27 
5 
4 
2 
8 
17 
31 
56 
64 
45 
45 
45 
37 
13 
10 
38 
37 
21 
16 
11 
5 
24 
33 
31 
33 
26 
15 
16 
13 
6 
21 
8 
0 
14 
8 
9 
23 
25 
18 
4 
5 
23 
25 
23 
28 
18 
32 
9 
2 
8 
11 
13 
20 
26 
15 
25 
42 
55 
40 
33 
5 
7 
0 
6 
29 
40 
38 
32 
14 
4 
34 
49 
63 
72 
57 
50 
23 
7 
3 
21 
39 
22 
0 
1 
10 
23 
39 
64 
64 
53 
37 
17 
26 
26 
2 
16 
8 
15 
38 
37 
32 
14 
21 
3 
10 
28 
39 
52 
34 
15 
0 
17 
10 
7 
0 
1 
7 
28 
10 
7 
6 
23 
36 
34 
23 
1 
2 
8 
24 
25 
2 
26 
31 
23 
8 
8 
16 
25 
26 
31 
16 
21 
9 
5 
13 
24 
15 
6 
29 
16 
11 
18 
52 
42 
16 
1 
23 
24 
1 
18 
23 
24 
13 
1 
8 
3 
10 
0 
6 
2 
16 
25 
39 
48 
57 
66 
58 
30 
13 
2 
26 
10 
10 
22 
29 
24 
6 
18 
32 
41 
26 
24 
17 
13 
24 
38 
40 
46 
27 
20 
21 
12 
39 
57 
79 
104 
101 
101 
88 
56 
31 
2 
13 
45 
45 
48 
24 
23 
22 
5 
16 
25 
42 
47 
48 
32 
21 
6 
13 
16 
15 
6 
13 
16 
14 
13 
8 
33 
55 
49 
26 
15 
17 
10 
8 
4 
2 
8 
3 
2 
8 
14 
8 
20 
26 
44 
26 
36 
18 
4 
21 
14 
0 
9 
10 
24 
45 
61 
49 
34 
26 
50 
50 
39 
23 
8 
0 
5 
10 
22 
37 
21 
8 
16 
15 
14 
0 
28 
26 
31 
25 
34 
23 
16 
6 
13 
0 
0 
6 
7 
28 
10 
7 
17 
23 
28 
26 
23 
12 
21 
23 
22 
7 
17 
23 
16 
9 
2 
7 
20 
34 
40 
49 
50 
31 
24 
16 
16 
8 
2 
22 
2 
16 
30 
29 
11 
10 
47 
56 
64 
45 
45 
53 
21 
2 
5 
2 
10 
30 
37 
56 
27 
13 
15 
33 
47 
72 
57 
26 
7 
15 
30 
29 
31 
22 
16 
22 
4 
2 
12 
18 
36 
47 
52 
50 
40 
41 
47 
24 
13 
6 
5 
13 
2 
7 
0 
40 
49 
34 
15 
8 
0 
6 
2 
8 
12 
10 
0 
7 
6 
29 
24 
14 
10 
44 
50 
56 
49 
42 
23 
8 
14 
13 
16 
38 
40 
30 
4 
2 
36 
42 
68 
66 
63 
56 
48 
24 
2 
14 
29 
31 
1 
2 
8 
7 
1 
26 
55 
73 
74 
31 
15 
0 
7 
2 
1 
21 
21 
24 
15 
6 
2 
20 
18 
40 
49 
39 
24 
2 
1 
18 
23 
24 
16 
1 
21 
24 
3 
2 
0 
9 
47 
56 
33 
10 
7 
16 
5 
6 
13 
8 
0 
14 
24 
11 
2 
20 
26 
44 
50 
71 
65 
26 
0 
0 
8 
16 
5 
6 
21 
5 
7 
24 
24 
9 
23 
32 
17 
10 
15 
16 
9 
13 
16 
7 
6 
5 
7 
24 
9 
23 
48 
41 
26 
15 
8 
17 
5 
24 
23 
30 
32 
22 
16 
1 
15 
33 
50 
64 
65 
58 
63 
63 
39 
7 
8 
24 
24 
47 
54 
40 
38 
16 
6 
20 
34 
47 
73 
66 
58 
50 
42 
34 
18 
5 
5 
13 
5 
2 
8 
8 
0 
33 
26 
26 
15 
8 
0 
22 
37 
32 
19 
13 
0 
16 
17 
42 
31 
28 
10 
31 
33 
34 
24 
25 
10 
18 
15 
0 
16 
19 
29 
8 
1 
15 
17 
23 
32 
17 
23 
24 
17 
10 
15 
32 
0 
6 
13 
0 
0 
33 
55 
64 
40 
21 
17 
2 
8 
24 
23 
6 
13 
24 
7 
14 
0 
9 
23 
33 
39 
41 
34 
23 
16 
9 
2 
8 
0 
1 
5 
8 
6 
7 
36 
34 
36 
58 
31 
8 
14 
24 
14 
2 
24 
21 
29 
45 
61 
56 
47 
42 
42 
50 
26 
5 
37 
29 
24 
31 
38 
37 
16 
7 
22 
5 
8 
9 
7 
9 
12 
10 
6 
20 
23 
44 
58 
66 
62 
77 
64 
46 
21 
21 
16 
24 
13 
5 
14 
21 
37 
32 
24 
15 
1 
5 
5 
16 
7 
5 
9 
18 
47 
72 
65 
50 
34 
10 
7 
0 
15 
15 
22 
21 
24 
15 
38 
2 
36 
26 
40 
41 
42 
31 
8 
1 
21 
8 
8 
9 
10 
0 
16 
41 
34 
50 
55 
72 
64 
32 
0 
24 
16 
16 
24 
24 
31 
30 
29 
23 
6 
15 
25 
39 
17 
16 
38 
11 
23 
25 
47 
64 
48 
47 
39 
39 
15 
47 
39 
32 
8 
0 
8 
5 
2 
5 
5 
2 
14 
37 
53 
64 
30 
16 
6 
4 
23 
33 
39 
41 
50 
50 
39 
39 
16 
7 
22 
13 
8 
1 
18 
32 
25 
31 
16 
5 
1 
2 
0 
4 
13 
19 
37 
27 
21 
14 
15 
41 
71 
73 
74 
55 
71 
63 
30 
5 
14 
21 
21 
24 
19 
21 
10 
7 
16 
33 
42 
47 
40 
16 
1 
21 
13 
7 
8 
8 
2 
13 
9 
5 
8 
0 
25 
26 
23 
24 
17 
34 
15 
0 
22 
56 
46 
27 
21 
3 
18 
44 
50 
31 
9 
19 
34 
60 
42 
15 
0 
1 
2 
0 
16 
9 
18 
23 
24 
25 
42 
58 
50 
31 
18 
2 
5 
13 
32 
23 
14 
21 
16 
22 
16 
6 
27 
42 
55 
64 
45 
13 
6 
5 
16 
15 
6 
2 
8 
14 
0 
17 
44 
50 
56 
49 
50 
15 
7 
15 
26 
14 
10 
7 
8 
0 
1 
15 
28 
10 
4 
5 
22 
28 
36 
21 
9 
31 
41 
39 
40 
72 
80 
72 
71 
63 
86 
77 
64 
30 
13 
7 
23 
56 
80 
87 
83 
69 
56 
54 
44 
29 
14 
1 
17 
17 
68 
82 
88 
61 
65 
58 
42 
34 
7 
0 
5 
9 
26 
42 
50 
54 
61 
40 
7 
9 
10 
26 
34 
34 
46 
45 
39 
30 
16 
6 
23 
25 
42 
48 
41 
34 
31 
32 
8 
16 
5 
9 
13 
21 
16 
14 
2 
28 
26 
23 
40 
41 
26 
7 
15 
1 
5 
16 
30 
13 
4 
10 
20 
18 
39 
56 
49 
42 
23 
23 
32 
24 
2 
22 
45 
40 
30 
28 
5 
28 
42 
55 
64 
57 
42 
50 
58 
46 
13 
10 
39 
42 
46 
32 
27 
2 
47 
64 
64 
72 
80 
71 
38 
21 
7 
24 
24 
24 
21 
21 
29 
8 
0 
14 
21 
4 
2 
0 
1 
