21 
4 
18 
12 
26 
36 
34 
44 
34 
39 
16 
17 
10 
8 
23 
38 
16 
12 
26 
32 
25 
42 
55 
40 
33 
18 
10 
7 
8 
1 
13 
32 
23 
6 
13 
11 
13 
20 
23 
33 
39 
33 
47 
40 
33 
10 
2 
8 
15 
14 
2 
23 
48 
37 
49 
34 
42 
42 
31 
7 
0 
15 
26 
30 
21 
40 
35 
21 
3 
2 
22 
11 
42 
60 
50 
55 
33 
18 
23 
16 
16 
5 
25 
26 
18 
18 
23 
24 
21 
17 
26 
7 
8 
5 
14 
29 
32 
15 
6 
29 
24 
14 
7 
25 
39 
33 
47 
41 
18 
16 
6 
13 
7 
1 
18 
0 
1 
10 
7 
9 
15 
49 
50 
48 
45 
17 
18 
10 
7 
0 
0 
15 
22 
21 
16 
3 
2 
32 
33 
39 
25 
18 
15 
4 
5 
8 
4 
13 
24 
30 
19 
29 
6 
36 
39 
41 
55 
57 
39 
32 
41 
34 
26 
26 
15 
0 
16 
7 
1 
18 
31 
41 
18 
23 
24 
29 
33 
34 
26 
26 
30 
37 
40 
39 
38 
24 
19 
21 
11 
13 
4 
2 
0 
6 
0 
17 
10 
8 
9 
2 
0 
62 
64 
70 
68 
53 
62 
59 
36 
11 
10 
28 
26 
25 
31 
52 
26 
24 
17 
5 
24 
31 
70 
72 
70 
27 
21 
22 
0 
17 
39 
41 
34 
39 
39 
23 
15 
16 
40 
48 
64 
39 
46 
45 
19 
5 
11 
13 
7 
25 
26 
26 
0 
8 
32 
47 
70 
61 
35 
24 
22 
16 
22 
11 
10 
32 
49 
31 
15 
8 
0 
7 
23 
15 
2 
5 
10 
22 
21 
32 
7 
1 
18 
23 
23 
10 
6 
18 
39 
47 
40 
39 
54 
37 
24 
7 
9 
2 
18 
39 
39 
31 
7 
1 
7 
24 
29 
45 
45 
45 
45 
32 
19 
13 
8 
55 
87 
70 
43 
21 
9 
39 
57 
34 
39 
48 
40 
55 
70 
69 
51 
13 
11 
21 
23 
1 
13 
5 
2 
18 
26 
26 
2 
2 
2 
30 
37 
48 
47 
46 
32 
6 
32 
49 
47 
56 
57 
58 
47 
47 
31 
23 
15 
10 
2 
29 
21 
5 
15 
23 
24 
21 
37 
25 
18 
2 
8 
0 
15 
22 
29 
32 
23 
22 
0 
20 
26 
48 
33 
15 
6 
3 
2 
12 
26 
39 
40 
16 
8 
16 
21 
49 
58 
74 
78 
77 
72 
43 
37 
11 
10 
47 
79 
102 
101 
75 
37 
0 
33 
50 
74 
74 
50 
42 
31 
7 
7 
15 
22 
72 
51 
45 
54 
36 
25 
13 
9 
41 
57 
60 
39 
41 
47 
25 
18 
3 
13 
4 
13 
3 
8 
1 
12 
27 
30 
18 
17 
20 
3 
21 
54 
30 
14 
3 
11 
4 
20 
28 
27 
10 
27 
52 
97 
148 
154 
126 
125 
120 
86 
32 
8 
37 
64 
79 
86 
76 
45 
3 
0 
9 
20 
26 
36 
10 
16 
30 
27 
36 
49 
52 
44 
27 
10 
14 
51 
76 
91 
107 
90 
60 
42 
40 
17 
8 
22 
4 
21 
4 
10 
9 
20 
42 
68 
58 
48 
25 
2 
0 
3 
21 
32 
38 
11 
21 
14 
12 
34 
68 
74 
71 
56 
49 
42 
23 
0 
14 
29 
24 
19 
45 
59 
44 
25 
1 
6 
26 
49 
44 
31 
33 
39 
36 
18 
20 
10 
4 
10 
20 
26 
40 
49 
66 
71 
56 
37 
6 
37 
32 
38 
37 
27 
29 
27 
29 
38 
3 
35 
74 
108 
98 
55 
32 
17 
18 
8 
5 
6 
5 
24 
19 
13 
15 
56 
69 
77 
49 
26 
26 
2 
8 
0 
22 
13 
8 
15 
46 
53 
11 
2 
28 
34 
60 
42 
31 
32 
17 
26 
50 
34 
2 
24 
47 
38 
32 
22 
0 
14 
19 
28 
19 
12 
43 
82 
88 
45 
25 
34 
47 
39 
47 
58 
38 
37 
13 
21 
5 
9 
2 
24 
43 
53 
56 
46 
24 
15 
14 
16 
3 
12 
21 
6 
25 
76 
87 
96 
85 
85 
88 
67 
53 
24 
0 
13 
37 
56 
55 
54 
16 
1 
0 
17 
8 
4 
2 
7 
32 
29 
29 
17 
2 
24 
22 
3 
2 
1 
20 
18 
33 
50 
56 
48 
40 
32 
7 
7 
7 
1 
26 
58 
66 
42 
34 
34 
2 
5 
40 
47 
46 
64 
70 
64 
62 
27 
4 
18 
52 
71 
112 
133 
144 
111 
94 
72 
22 
10 
31 
55 
63 
70 
69 
64 
54 
20 
13 
20 
26 
48 
73 
50 
23 
8 
9 
26 
31 
16 
8 
2 
9 
18 
34 
40 
48 
41 
10 
13 
24 
27 
5 
8 
0 
14 
2 
15 
8 
16 
53 
73 
74 
74 
70 
37 
24 
0 
16 
40 
48 
48 
32 
39 
38 
40 
22 
15 
41 
58 
48 
49 
42 
31 
23 
8 
3 
37 
43 
45 
54 
35 
16 
1 
20 
26 
49 
79 
101 
101 
85 
77 
64 
54 
37 
15 
9 
18 
23 
23 
23 
7 
16 
24 
32 
16 
16 
16 
0 
23 
31 
31 
26 
22 
29 
24 
0 
9 
18 
28 
26 
36 
26 
23 
9 
5 
0 
24 
37 
37 
29 
37 
45 
37 
13 
13 
17 
34 
0 
3 
21 
32 
54 
64 
46 
12 
18 
47 
64 
56 
56 
72 
88 
87 
54 
2 
18 
22 
21 
29 
48 
40 
27 
45 
35 
29 
4 
18 
48 
65 
90 
74 
74 
66 
62 
21 
13 
8 
8 
16 
32 
40 
48 
19 
13 
0 
33 
34 
23 
24 
9 
5 
16 
19 
29 
27 
29 
11 
2 
36 
42 
47 
65 
66 
48 
1 
4 
29 
46 
94 
86 
30 
17 
63 
88 
112 
111 
118 
101 
96 
71 
47 
10 
21 
37 
40 
48 
24 
16 
8 
32 
31 
7 
0 
1 
2 
12 
10 
4 
8 
22 
4 
2 
7 
33 
26 
23 
24 
25 
34 
23 
48 
69 
57 
58 
42 
2 
32 
24 
23 
26 
1 
2 
13 
32 
19 
21 
11 
28 
44 
20 
3 
4 
27 
42 
60 
82 
106 
118 
112 
78 
64 
70 
32 
16 
32 
31 
38 
21 
15 
22 
5 
5 
26 
38 
29 
7 
24 
40 
46 
36 
13 
28 
42 
40 
33 
34 
39 
31 
32 
16 
0 
7 
14 
37 
27 
5 
24 
41 
47 
48 
25 
26 
39 
40 
24 
0 
15 
38 
53 
39 
38 
23 
48 
53 
57 
42 
34 
23 
32 
45 
17 
2 
16 
24 
39 
34 
30 
13 
24 
33 
34 
56 
56 
61 
45 
48 
48 
24 
0 
32 
64 
63 
78 
68 
57 
45 
1 
36 
71 
96 
109 
125 
112 
102 
53 
31 
9 
66 
110 
140 
125 
78 
38 
6 
28 
47 
65 
79 
88 
85 
69 
69 
33 
10 
13 
18 
54 
45 
31 
26 
9 
9 
10 
18 
22 
29 
21 
8 
0 
25 
34 
38 
61 
80 
75 
52 
21 
9 
39 
49 
47 
57 
50 
47 
24 
24 
25 
18 
2 
7 
7 
24 
25 
2 
15 
36 
18 
0 
4 
21 
40 
30 
44 
53 
46 
27 
5 
9 
35 
26 
60 
87 
113 
106 
114 
102 
69 
43 
21 
23 
32 
24 
32 
48 
39 
30 
21 
24 
14 
23 
36 
26 
15 
6 
2 
15 
24 
32 
21 
21 
1 
10 
15 
16 
9 
18 
39 
17 
2 
7 
14 
16 
7 
14 
37 
51 
36 
29 
6 
36 
50 
65 
74 
71 
72 
64 
53 
21 
6 
5 
0 
7 
14 
21 
24 
14 
8 
6 
19 
4 
2 
25 
47 
48 
40 
24 
16 
9 
0 
0 
1 
47 
23 
16 
9 
26 
31 
52 
34 
26 
7 
0 
8 
0 
0 
8 
32 
32 
8 
10 
14 
18 
23 
24 
25 
10 
0 
7 
23 
30 
21 
24 
19 
13 
3 
8 
9 
47 
76 
82 
66 
71 
47 
16 
8 
2 
6 
13 
37 
32 
38 
32 
46 
19 
3 
42 
68 
58 
47 
24 
1 
26 
15 
16 
17 
2 
10 
15 
24 
21 
41 
66 
58 
47 
39 
31 
34 
10 
29 
45 
53 
56 
63 
70 
60 
45 
9 
47 
73 
63 
56 
69 
65 
42 
26 
18 
6 
6 
21 
45 
48 
30 
16 
6 
15 
17 
44 
26 
15 
6 
8 
14 
36 
45 
30 
12 
34 
64 
73 
74 
90 
95 
90 
86 
69 
40 
15 
1 
26 
50 
58 
62 
77 
75 
69 
54 
3 
23 
49 
79 
57 
63 
40 
17 
2 
39 
38 
32 
22 
27 
2 
52 
58 
55 
64 
73 
74 
55 
48 
48 
16 
23 
39 
38 
37 
32 
15 
1 
18 
8 
3 
18 
44 
42 
47 
37 
25 
18 
2 
5 
0 
0 
0 
1 
5 
7 
16 
25 
42 
47 
40 
25 
2 
24 
30 
29 
23 
25 
42 
39 
40 
33 
26 
26 
26 
18 
14 
13 
14 
13 
21 
24 
15 
62 
56 
54 
35 
28 
12 
6 
22 
50 
81 
84 
74 
63 
60 
34 
15 
16 
25 
34 
23 
7 
8 
0 
24 
6 
7 
1 
31 
40 
37 
37 
2 
0 
0 
8 
0 
15 
30 
21 
8 
1 
2 
48 
49 
39 
16 
9 
2 
0 
7 
16 
1 
29 
40 
46 
27 
13 
1 
44 
50 
52 
26 
44 
34 
23 
12 
13 
0 
8 
9 
18 
31 
48 
56 
45 
41 
34 
0 
9 
2 
16 
31 
46 
32 
14 
37 
54 
44 
20 
18 
49 
88 
105 
90 
63 
47 
40 
24 
32 
0 
22 
53 
56 
11 
2 
34 
55 
55 
55 
47 
32 
24 
13 
9 
13 
45 
64 
62 
48 
46 
8 
6 
15 
41 
63 
73 
74 
55 
32 
17 
8 
3 
5 
0 
0 
8 
13 
9 
26 
26 
31 
24 
17 
18 
16 
22 
16 
22 
20 
21 
3 
21 
8 
1 
23 
44 
34 
52 
58 
48 
41 
31 
32 
48 
29 
21 
10 
22 
21 
13 
8 
0 
25 
26 
23 
25 
18 
23 
32 
21 
17 
5 
21 
24 
40 
78 
84 
41 
13 
17 
60 
66 
88 
89 
74 
66 
50 
23 
7 
0 
7 
0 
10 
6 
10 
0 
7 
6 
8 
3 
21 
3 
10 
28 
26 
34 
39 
39 
39 
38 
29 
29 
37 
45 
41 
18 
5 
32 
27 
37 
48 
70 
60 
37 
19 
2 
31 
48 
65 
66 
71 
57 
34 
63 
56 
32 
24 
8 
8 
32 
24 
23 
7 
14 
2 
7 
3 
2 
31 
40 
41 
10 
7 
14 
24 
30 
21 
8 
17 
18 
0 
3 
10 
44 
50 
72 
65 
58 
34 
10 
8 
32 
19 
21 
24 
14 
21 
16 
16 
25 
31 
52 
50 
55 
41 
18 
15 
40 
32 
23 
7 
13 
13 
5 
8 
8 
16 
17 
42 
40 
21 
9 
5 
8 
8 
15 
30 
13 
8 
27 
45 
35 
20 
2 
9 
44 
51 
58 
64 
57 
50 
26 
15 
24 
8 
14 
8 
23 
30 
16 
1 
26 
48 
69 
73 
66 
38 
13 
5 
6 
29 
56 
78 
68 
49 
21 
17 
47 
81 
74 
63 
9 
10 
25 
26 
24 
5 
1 
13 
13 
7 
40 
57 
74 
71 
47 
23 
7 
0 
0 
8 
0 
7 
15 
23 
7 
7 
0 
13 
17 
26 
23 
24 
17 
10 
7 
8 
16 
2 
6 
13 
13 
0 
0 
8 
17 
18 
8 
9 
15 
9 
7 
12 
26 
15 
0 
6 
13 
8 
3 
5 
0 
1 
7 
1 
44 
50 
39 
57 
66 
50 
18 
2 
24 
55 
62 
56 
30 
3 
18 
25 
47 
49 
71 
71 
79 
78 
69 
48 
7 
17 
2 
10 
7 
31 
39 
62 
37 
4 
10 
12 
0 
3 
5 
0 
25 
34 
42 
42 
26 
15 
0 
17 
26 
47 
48 
41 
34 
31 
7 
8 
16 
32 
24 
32 
31 
38 
24 
3 
10 
28 
18 
31 
33 
36 
18 
4 
13 
19 
29 
14 
15 
28 
18 
24 
25 
23 
9 
35 
34 
36 
42 
56 
61 
37 
13 
5 
5 
18 
38 
37 
19 
5 
28 
42 
79 
80 
72 
71 
30 
13 
7 
31 
23 
23 
38 
53 
48 
30 
16 
1 
28 
50 
71 
72 
45 
17 
10 
0 
22 
29 
48 
54 
24 
6 
18 
40 
65 
79 
72 
41 
10 
11 
5 
8 
3 
21 
8 
30 
32 
22 
8 
14 
6 
4 
28 
55 
81 
106 
79 
47 
39 
31 
7 
23 
43 
45 
35 
21 
1 
15 
17 
15 
33 
34 
24 
9 
15 
40 
32 
2 
1 
21 
40 
38 
3 
16 
9 
20 
27 
42 
68 
74 
63 
47 
39 
15 
0 
0 
8 
7 
14 
5 
8 
1 
15 
40 
53 
69 
53 
48 
15 
0 
5 
13 
37 
48 
51 
37 
35 
29 
19 
3 
10 
25 
23 
17 
47 
69 
49 
34 
34 
31 
31 
24 
17 
2 
0 
1 
7 
14 
20 
21 
3 
5 
15 
6 
7 
16 
17 
23 
36 
26 
40 
41 
63 
32 
17 
15 
12 
2 
8 
22 
45 
43 
45 
30 
11 
18 
36 
63 
88 
93 
101 
88 
71 
15 
5 
13 
32 
47 
54 
61 
40 
19 
2 
16 
41 
55 
49 
42 
39 
32 
13 
22 
21 
35 
29 
0 
5 
9 
18 
23 
40 
49 
31 
28 
26 
24 
9 
13 
16 
14 
13 
16 
30 
32 
38 
19 
7 
57 
63 
73 
82 
63 
32 
17 
10 
7 
8 
1 
13 
16 
8 
8 
32 
64 
72 
88 
64 
39 
2 
2 
21 
21 
29 
53 
48 
63 
78 
91 
76 
59 
19 
17 
25 
33 
44 
55 
73 
87 
81 
66 
55 
47 
31 
23 
39 
55 
54 
53 
24 
8 
0 
15 
46 
53 
51 
37 
19 
29 
16 
14 
10 
31 
36 
18 
39 
49 
55 
40 
17 
10 
16 
14 
13 
15 
38 
32 
38 
36 
25 
10 
65 
128 
133 
117 
93 
72 
23 
2 
5 
5 
5 
5 
21 
29 
37 
24 
7 
1 
26 
20 
10 
0 
3 
13 
8 
0 
14 
8 
14 
21 
19 
16 
17 
28 
26 
49 
71 
65 
42 
47 
55 
47 
39 
42 
42 
14 
18 
38 
37 
16 
0 
1 
10 
16 
1 
2 
24 
46 
60 
53 
54 
38 
3 
0 
33 
82 
111 
135 
150 
141 
120 
78 
32 
9 
18 
23 
32 
53 
61 
69 
80 
67 
53 
35 
28 
2 
17 
44 
47 
48 
41 
50 
42 
50 
34 
31 
7 
0 
7 
1 
5 
8 
6 
0 
14 
4 
5 
8 
22 
7 
24 
17 
7 
4 
13 
20 
50 
64 
49 
63 
48 
37 
17 
5 
32 
27 
45 
35 
21 
4 
10 
15 
40 
41 
34 
55 
64 
64 
37 
37 
21 
13 
2 
14 
21 
16 
8 
0 
17 
26 
23 
24 
25 
10 
0 
11 
29 
40 
46 
16 
1 
10 
8 
9 
15 
17 
23 
33 
47 
65 
66 
66 
23 
7 
0 
0 
0 
0 
5 
1 
2 
5 
7 
14 
2 
20 
2 
3 
21 
3 
2 
20 
10 
8 
1 
23 
32 
48 
49 
58 
50 
58 
55 
32 
8 
6 
21 
40 
62 
40 
14 
13 
0 
9 
26 
39 
63 
88 
88 
72 
64 
40 
23 
7 
8 
16 
40 
64 
67 
85 
51 
29 
4 
23 
25 
55 
60 
50 
39 
33 
42 
40 
16 
14 
37 
32 
14 
10 
31 
64 
77 
85 
88 
48 
8 
16 
15 
30 
29 
40 
38 
53 
40 
22 
0 
17 
58 
72 
77 
69 
69 
61 
56 
40 
23 
15 
2 
29 
72 
80 
59 
45 
19 
28 
25 
2 
17 
28 
7 
33 
58 
40 
1 
8 
1 
7 
28 
42 
63 
71 
79 
71 
63 
31 
23 
0 
15 
30 
53 
56 
46 
37 
19 
13 
0 
33 
34 
31 
25 
42 
52 
34 
39 
48 
37 
45 
37 
16 
7 
0 
2 
0 
0 
8 
0 
21 
29 
21 
2 
5 
9 
13 
29 
40 
35 
29 
19 
21 
6 
4 
6 
10 
25 
44 
39 
76 
50 
26 
31 
15 
0 
1 
13 
16 
17 
34 
55 
56 
25 
10 
3 
21 
46 
51 
40 
38 
3 
26 
39 
56 
72 
88 
80 
64 
64 
64 
48 
8 
0 
2 
5 
5 
10 
31 
39 
47 
58 
46 
48 
14 
0 
25 
63 
80 
93 
85 
61 
32 
8 
0 
15 
23 
26 
30 
37 
32 
22 
4 
10 
17 
31 
33 
26 
31 
39 
47 
47 
31 
15 
0 
0 
7 
14 
21 
24 
22 
8 
6 
3 
2 
20 
26 
31 
40 
29 
25 
2 
24 
22 
0 
14 
12 
31 
41 
71 
80 
64 
32 
7 
15 
39 
42 
22 
45 
29 
24 
16 
7 
7 
14 
5 
2 
31 
39 
16 
7 
30 
56 
27 
13 
16 
7 
14 
13 
5 
2 
9 
5 
21 
13 
2 
2 
1 
2 
5 
23 
54 
69 
54 
3 
39 
73 
95 
87 
87 
102 
92 
85 
59 
36 
5 
31 
45 
41 
10 
40 
27 
13 
0 
0 
9 
5 
10 
15 
31 
31 
39 
39 
30 
13 
0 
8 
6 
7 
33 
55 
72 
61 
29 
29 
40 
56 
39 
38 
21 
0 
40 
56 
40 
15 
8 
25 
18 
7 
0 
13 
17 
18 
30 
29 
21 
8 
0 
0 
0 
15 
32 
32 
29 
17 
10 
7 
8 
0 
5 
5 
22 
45 
72 
75 
64 
30 
1 
47 
57 
87 
88 
80 
88 
80 
91 
93 
40 
1 
23 
52 
42 
26 
18 
54 
37 
27 
40 
22 
7 
25 
34 
31 
39 
8 
0 
2 
9 
10 
15 
40 
45 
45 
45 
37 
45 
45 
21 
2 
22 
21 
40 
47 
38 
29 
16 
14 
0 
1 
39 
73 
63 
64 
56 
45 
45 
17 
5 
21 
37 
56 
46 
45 
38 
44 
28 
1 
10 
25 
80 
113 
118 
109 
96 
78 
56 
30 
29 
16 
24 
40 
40 
23 
22 
0 
7 
22 
16 
19 
5 
7 
16 
24 
21 
16 
32 
32 
40 
40 
64 
69 
56 
24 
0 
8 
0 
5 
21 
37 
37 
37 
40 
23 
14 
0 
28 
42 
55 
40 
33 
26 
7 
0 
9 
10 
18 
0 
8 
24 
7 
9 
2 
3 
5 
17 
36 
26 
32 
25 
26 
26 
18 
5 
5 
8 
8 
1 
10 
32 
41 
58 
63 
64 
40 
40 
32 
0 
39 
79 
83 
61 
35 
21 
16 
41 
82 
102 
133 
128 
102 
64 
46 
8 
24 
25 
50 
79 
87 
94 
56 
11 
5 
0 
9 
26 
40 
41 
50 
31 
8 
13 
9 
10 
8 
8 
8 
17 
18 
7 
16 
9 
23 
32 
33 
42 
23 
0 
31 
54 
53 
31 
22 
0 
33 
39 
81 
82 
79 
55 
31 
32 
16 
8 
0 
23 
15 
31 
30 
45 
24 
3 
16 
6 
4 
4 
26 
36 
34 
28 
10 
23 
25 
18 
23 
40 
56 
56 
48 
56 
63 
63 
54 
37 
13 
10 
10 
7 
15 
32 
64 
56 
59 
61 
35 
13 
9 
39 
57 
58 
55 
64 
56 
21 
6 
5 
8 
6 
5 
2 
7 
9 
10 
20 
2 
3 
8 
14 
35 
52 
60 
68 
59 
43 
4 
76 
111 
144 
168 
176 
179 
173 
134 
84 
21 
44 
66 
88 
89 
98 
90 
58 
70 
80 
78 
35 
11 
58 
84 
74 
55 
48 
25 
10 
7 
6 
0 
6 
8 
3 
5 
39 
56 
29 
49 
74 
58 
10 
8 
47 
54 
51 
52 
57 
45 
22 
27 
50 
81 
79 
80 
153 
134 
85 
109 
40 
49 
10 
64 
55 
32 
56 
72 
80 
59 
37 
11 
13 
12 
5 
12 
18 
12 
5 
3 
5 
4 
21 
46 
51 
22 
9 
41 
68 
95 
105 
130 
130 
126 
77 
56 
8 
63 
86 
93 
63 
22 
24 
19 
21 
8 
33 
55 
41 
39 
33 
34 
23 
16 
15 
22 
5 
12 
18 
32 
17 
34 
39 
36 
18 
15 
32 
17 
18 
16 
16 
7 
22 
24 
30 
7 
28 
18 
8 
6 
74 
96 
85 
65 
2 
72 
110 
88 
14 
8 
14 
44 
67 
2 
4 
43 
42 
36 
34 
39 
31 
31 
47 
58 
62 
53 
64 
40 
24 
71 
70 
32 
54 
51 
51 
52 
53 
62 
12 
34 
76 
74 
71 
57 
50 
50 
71 
79 
71 
79 
63 
47 
40 
24 
16 
0 
40 
77 
101 
91 
93 
78 
36 
2 
52 
58 
63 
80 
88 
112 
120 
104 
55 
15 
21 
41 
58 
82 
42 
30 
5 
2 
8 
28 
18 
47 
64 
33 
10 
8 
3 
13 
32 
46 
61 
70 
70 
50 
17 
4 
19 
51 
63 
89 
111 
127 
127 
110 
109 
67 
53 
8 
6 
5 
23 
31 
47 
35 
53 
67 
76 
85 
86 
43 
7 
56 
125 
157 
149 
136 
95 
70 
37 
18 
55 
71 
55 
39 
6 
5 
13 
8 
7 
31 
34 
30 
2 
16 
33 
39 
56 
73 
74 
50 
18 
2 
29 
51 
85 
78 
51 
3 
2 
3 
15 
73 
87 
65 
42 
16 
6 
10 
7 
6 
31 
40 
64 
56 
48 
56 
56 
56 
47 
54 
37 
24 
19 
2 
31 
56 
41 
34 
38 
69 
112 
110 
44 
3 
5 
25 
52 
39 
33 
56 
65 
95 
135 
103 
54 
7 
23 
7 
8 
7 
15 
8 
8 
26 
17 
18 
8 
16 
23 
35 
61 
52 
37 
46 
43 
22 
25 
73 
92 
66 
39 
40 
61 
69 
85 
88 
67 
45 
7 
48 
72 
64 
46 
45 
4 
16 
14 
4 
19 
50 
64 
25 
2 
2 
18 
5 
7 
39 
55 
90 
118 
64 
35 
5 
15 
24 
18 
26 
47 
24 
55 
62 
61 
72 
87 
70 
3 
51 
10 
35 
34 
68 
66 
55 
37 
33 
26 
39 
16 
6 
5 
16 
73 
82 
71 
47 
23 
23 
46 
37 
0 
40 
33 
2 
10 
55 
71 
54 
40 
1 
35 
26 
33 
31 
40 
37 
21 
21 
2 
14 
26 
10 
15 
1 
7 
33 
42 
23 
23 
16 
23 
8 
25 
50 
47 
23 
32 
8 
31 
31 
15 
16 
61 
53 
45 
13 
18 
6 
5 
0 
46 
32 
30 
12 
53 
51 
5 
28 
10 
71 
81 
87 
120 
73 
64 
75 
2 
56 
96 
24 
0 
7 
1 
21 
32 
55 
94 
53 
10 
15 
7 
16 
10 
54 
53 
64 
118 
56 
6 
20 
11 
17 
25 
33 
5 
33 
63 
97 
106 
103 
110 
125 
131 
101 
51 
48 
17 
66 
87 
71 
102 
77 
40 
27 
29 
32 
0 
25 
47 
60 
34 
7 
7 
8 
13 
6 
18 
87 
89 
82 
32 
32 
37 
16 
0 
144 
96 
16 
6 
29 
16 
4 
42 
84 
58 
32 
41 
66 
42 
26 
14 
13 
39 
46 
13 
0 
0 
30 
69 
56 
38 
13 
27 
2 
23 
8 
29 
45 
69 
77 
56 
4 
18 
23 
16 
21 
25 
58 
50 
58 
46 
13 
18 
58 
46 
13 
48 
6 
63 
14 
8 
17 
10 
31 
47 
63 
58 
38 
45 
29 
17 
21 
56 
86 
40 
6 
18 
55 
88 
72 
23 
23 
55 
70 
45 
7 
47 
23 
0 
10 
17 
5 
37 
29 
16 
32 
17 
42 
42 
24 
16 
31 
71 
39 
18 
21 
29 
21 
40 
14 
24 
22 
20 
51 
26 
38 
11 
12 
21 
43 
52 
37 
4 
42 
80 
89 
114 
118 
141 
144 
147 
157 
62 
11 
34 
112 
129 
42 
42 
103 
150 
21 
32 
30 
76 
2 
20 
43 
42 
9 
4 
51 
82 
100 
5 
8 
25 
34 
24 
7 
15 
87 
115 
173 
35 
84 
100 
76 
35 
34 
44 
39 
1 
8 
25 
52 
47 
14 
43 
36 
21 
17 
55 
80 
96 
103 
118 
112 
43 
21 
31 
32 
32 
40 
39 
54 
37 
16 
38 
37 
28 
58 
20 
10 
20 
29 
38 
68 
97 
81 
57 
2 
121 
180 
178 
151 
71 
58 
78 
21 
138 
17 
74 
31 
32 
79 
230 
84 
37 
26 
41 
52 
44 
145 
169 
152 
17 
10 
2 
37 
7 
15 
8 
6 
4 
21 
51 
2 
96 
105 
87 
80 
53 
33 
10 
45 
91 
85 
59 
36 
5 
9 
35 
18 
44 
58 
31 
48 
64 
77 
45 
18 
6 
34 
66 
39 
24 
71 
67 
21 
47 
49 
47 
96 
128 
131 
141 
118 
102 
106 
97 
92 
74 
52 
77 
88 
86 
60 
49 
41 
33 
17 
100 
55 
33 
23 
1 
12 
74 
40 
118 
109 
75 
56 
17 
27 
37 
59 
45 
12 
74 
3 
141 
36 
122 
57 
44 
50 
16 
71 
207 
54 
116 
39 
22 
0 
93 
157 
117 
75 
117 
94 
36 
4 
42 
20 
5 
8 
6 
5 
32 
3 
26 
63 
88 
45 
45 
21 
10 
14 
2 
8 
40 
64 
87 
86 
53 
48 
31 
6 
26 
39 
40 
9 
13 
48 
83 
93 
24 
133 
149 
56 
12 
2 
0 
24 
56 
64 
67 
77 
60 
61 
107 
61 
49 
159 
7 
24 
16 
47 
35 
29 
19 
16 
1 
16 
39 
91 
101 
22 
12 
29 
51 
53 
72 
62 
61 
0 
65 
42 
8 
24 
24 
1 
42 
28 
21 
19 
26 
48 
71 
62 
29 
18 
50 
42 
38 
37 
40 
23 
14 
24 
3 
18 
55 
32 
64 
112 
127 
46 
103 
7 
22 
29 
32 
7 
10 
29 
13 
13 
2 
15 
0 
18 
10 
13 
82 
94 
37 
0 
31 
24 
5 
1 
13 
64 
0 
24 
80 
80 
0 
31 
79 
0 
39 
41 
15 
52 
77 
173 
32 
151 
104 
80 
56 
88 
63 
54 
29 
0 
31 
54 
48 
15 
1 
2 
31 
103 
88 
48 
24 
23 
39 
16 
49 
34 
31 
40 
32 
33 
42 
31 
32 
16 
22 
117 
200 
19 
2 
12 
34 
52 
122 
103 
103 
47 
39 
31 
7 
23 
38 
5 
10 
15 
8 
0 
15 
56 
56 
25 
2 
26 
50 
62 
29 
16 
17 
61 
72 
7 
65 
154 
34 
17 
7 
4 
2 
47 
24 
94 
77 
66 
127 
71 
55 
23 
7 
40 
24 
119 
150 
16 
68 
114 
48 
30 
32 
44 
66 
0 
24 
0 
9 
5 
15 
15 
17 
55 
7 
71 
9 
31 
68 
26 
16 
22 
7 
33 
0 
14 
7 
44 
50 
39 
15 
24 
1 
8 
22 
29 
31 
111 
87 
54 
5 
29 
45 
29 
21 
21 
62 
109 
8 
0 
25 
26 
7 
7 
9 
10 
15 
32 
23 
0 
33 
10 
23 
64 
65 
53 
31 
56 
25 
58 
47 
32 
32 
16 
72 
32 
96 
115 
165 
4 
91 
98 
97 
111 
128 
96 
56 
23 
79 
0 
22 
133 
91 
44 
2 
33 
59 
58 
87 
112 
80 
56 
32 
40 
16 
24 
0 
40 
32 
7 
31 
26 
70 
77 
0 
41 
39 
32 
6 
21 
0 
4 
26 
8 
14 
0 
31 
24 
56 
137 
138 
94 
53 
2 
47 
31 
119 
47 
15 
54 
21 
4 
10 
55 
32 
24 
40 
53 
93 
109 
69 
40 
32 
7 
128 
120 
7 
24 
1 
13 
48 
31 
1 
71 
88 
61 
13 
13 
64 
55 
47 
50 
2 
13 
29 
5 
72 
27 
29 
35 
44 
53 
27 
26 
60 
82 
31 
56 
53 
49 
50 
40 
56 
0 
39 
89 
90 
15 
0 
47 
0 
56 
39 
33 
13 
18 
63 
40 
93 
109 
41 
13 
5 
10 
13 
37 
85 
109 
0 
55 
31 
58 
94 
72 
72 
121 
74 
80 
97 
74 
12 
2 
52 
21 
72 
46 
24 
47 
78 
24 
15 
30 
103 
88 
41 
74 
95 
79 
71 
23 
7 
10 
17 
1 
38 
29 
5 
16 
8 
0 
33 
26 
15 
15 
32 
69 
33 
18 
26 
8 
8 
8 
40 
40 
23 
10 
101 
69 
16 
25 
74 
136 
133 
37 
18 
127 
287 
110 
87 
65 
4 
58 
57 
66 
48 
25 
10 
32 
37 
9 
50 
74 
58 
34 
16 
47 
94 
88 
70 
56 
49 
66 
87 
72 
23 
47 
71 
32 
31 
40 
48 
32 
0 
8 
55 
54 
29 
4 
13 
27 
18 
24 
73 
106 
102 
85 
16 
55 
7 
45 
25 
26 
46 
85 
109 
104 
9 
47 
73 
55 
44 
66 
63 
25 
21 
23 
32 
1 
37 
111 
1 
47 
48 
69 
109 
93 
77 
37 
6 
37 
40 
38 
53 
67 
85 
76 
77 
11 
83 
82 
132 
162 
122 
78 
45 
0 
8 
29 
29 
45 
45 
5 
34 
18 
7 
31 
14 
2 
32 
38 
21 
48 
57 
0 
11 
53 
15 
80 
89 
18 
13 
13 
39 
80 
64 
96 
64 
40 
47 
22 
58 
95 
64 
72 
24 
88 
59 
45 
12 
66 
44 
90 
73 
58 
44 
18 
8 
19 
13 
23 
22 
0 
32 
29 
73 
74 
58 
42 
42 
15 
23 
70 
29 
0 
0 
0 
21 
9 
42 
7 
7 
8 
40 
69 
45 
21 
9 
5 
32 
51 
53 
43 
37 
22 
16 
1 
23 
81 
106 
86 
101 
77 
64 
64 
64 
23 
16 
16 
33 
34 
50 
55 
31 
15 
9 
5 
4 
26 
39 
25 
26 
8 
31 
71 
39 
48 
125 
8 
64 
41 
23 
8 
1 
31 
68 
10 
48 
192 
57 
170 
135 
40 
88 
93 
13 
66 
79 
47 
64 
72 
69 
1 
221 
221 
43 
50 
73 
75 
66 
44 
26 
23 
1 
13 
15 
31 
39 
39 
40 
8 
22 
21 
7 
30 
0 
12 
5 
5 
39 
29 
1 
0 
24 
33 
10 
47 
47 
32 
25 
2 
55 
31 
16 
7 
55 
70 
56 
30 
5 
4 
18 
64 
89 
98 
118 
93 
59 
13 
31 
37 
25 
26 
74 
62 
101 
43 
18 
100 
87 
113 
50 
15 
7 
7 
22 
69 
103 
70 
0 
72 
109 
120 
88 
119 
102 
101 
48 
52 
82 
111 
111 
7 
39 
6 
42 
16 
19 
10 
20 
26 
63 
41 
5 
7 
96 
64 
7 
56 
75 
45 
24 
8 
32 
80 
71 
54 
45 
67 
45 
60 
90 
71 
49 
42 
24 
1 
5 
15 
23 
7 
15 
31 
56 
96 
79 
62 
61 
39 
25 
50 
150 
205 
104 
14 
52 
34 
9 
7 
33 
63 
56 
53 
49 
50 
42 
42 
55 
47 
26 
22 
2 
18 
94 
77 
51 
61 
27 
50 
40 
85 
69 
53 
29 
1 
13 
8 
6 
5 
15 
63 
90 
66 
46 
25 
2 
10 
13 
40 
23 
15 
14 
5 
8 
24 
55 
31 
33 
42 
55 
48 
65 
58 
55 
40 
23 
48 
13 
21 
10 
0 
23 
0 
14 
34 
64 
134 
10 
76 
130 
152 
65 
13 
0 
24 
63 
31 
30 
16 
32 
40 
56 
40 
32 
41 
34 
23 
0 
22 
10 
23 
27 
53 
59 
61 
39 
14 
18 
47 
62 
53 
35 
61 
19 
26 
63 
64 
40 
8 
7 
5 
1 
5 
8 
12 
26 
55 
85 
45 
21 
26 
29 
48 
72 
23 
64 
64 
7 
7 
51 
149 
188 
29 
113 
116 
55 
77 
121 
174 
141 
56 
48 
71 
46 
48 
43 
21 
43 
101 
3 
13 
15 
41 
87 
48 
46 
26 
63 
71 
64 
32 
21 
9 
5 
8 
22 
5 
15 
25 
15 
8 
41 
18 
2 
15 
7 
63 
74 
34 
18 
10 
2 
29 
16 
7 
16 
8 
15 
5 
33 
10 
5 
8 
15 
78 
112 
70 
7 
60 
106 
122 
79 
56 
56 
53 
9 
77 
69 
32 
24 
53 
25 
10 
7 
12 
2 
0 
30 
32 
1 
39 
81 
138 
54 
21 
5 
0 
0 
24 
61 
149 
184 
46 
43 
90 
116 
106 
71 
72 
85 
53 
29 
2 
26 
26 
42 
10 
6 
10 
0 
1 
0 
43 
10 
40 
30 
15 
16 
25 
10 
31 
0 
7 
8 
6 
7 
14 
36 
66 
79 
74 
78 
32 
0 
32 
64 
64 
7 
6 
13 
3 
45 
12 
74 
96 
73 
26 
18 
26 
62 
45 
16 
23 
31 
23 
71 
71 
30 
10 
7 
41 
103 
97 
26 
32 
31 
110 
72 
86 
15 
145 
114 
74 
38 
21 
61 
72 
64 
48 
31 
30 
45 
52 
13 
11 
13 
12 
26 
31 
24 
9 
13 
7 
16 
21 
25 
34 
46 
61 
5 
16 
1 
12 
4 
33 
49 
52 
67 
10 
19 
35 
52 
75 
67 
18 
23 
14 
24 
14 
11 
12 
4 
6 
50 
1 
44 
79 
89 
63 
57 
39 
41 
0 
22 
36 
45 
27 
48 
14 
44 
2 
6 
8 
49 
92 
2 
3 
28 
27 
50 
49 
50 
39 
4 
21 
11 
10 
6 
22 
11 
4 
12 
13 
17 
71 
89 
96 
81 
58 
42 
31 
29 
13 
10 
24 
95 
46 
0 
54 
96 
4 
99 
90 
33 
12 
28 
3 
2 
49 
39 
7 
14 
109 
40 
56 
33 
143 
152 
109 
41 
109 
85 
75 
0 
81 
50 
58 
58 
34 
18 
2 
24 
35 
45 
64 
6 
55 
65 
34 
16 
22 
45 
63 
46 
16 
64 
129 
114 
66 
82 
74 
2 
16 
63 
62 
60 
93 
86 
67 
99 
114 
41 
59 
99 
154 
203 
245 
155 
85 
31 
5 
37 
40 
16 
72 
119 
94 
84 
61 
30 
1 
13 
2 
57 
95 
95 
82 
122 
142 
133 
111 
38 
79 
137 
118 
101 
43 
5 
14 
3 
8 
6 
34 
103 
127 
78 
69 
37 
18 
86 
133 
120 
1 
120 
137 
122 
55 
32 
21 
42 
42 
18 
21 
17 
34 
38 
37 
21 
7 
32 
24 
21 
17 
21 
15 
104 
141 
77 
55 
38 
32 
24 
80 
112 
111 
78 
32 
17 
26 
47 
108 
26 
32 
14 
2 
54 
101 
72 
15 
0 
62 
36 
74 
87 
72 
24 
31 
39 
0 
24 
24 
7 
32 
72 
39 
54 
56 
12 
50 
79 
88 
120 
96 
30 
13 
48 
64 
32 
23 
74 
102 
101 
80 
8 
56 
41 
26 
26 
7 
15 
64 
40 
7 
87 
206 
168 
54 
63 
64 
29 
45 
64 
83 
141 
134 
67 
28 
10 
68 
106 
87 
65 
62 
61 
61 
128 
91 
45 
44 
26 
16 
31 
30 
69 
59 
74 
87 
6 
53 
67 
45 
6 
10 
10 
2 
26 
42 
95 
158 
173 
139 
28 
18 
49 
127 
216 
167 
62 
18 
104 
80 
64 
69 
85 
112 
112 
102 
80 
9 
68 
82 
56 
25 
10 
40 
46 
0 
48 
53 
64 
67 
85 
9 
87 
111 
86 
112 
43 
29 
32 
23 
15 
32 
72 
72 
41 
34 
87 
24 
73 
59 
28 
37 
22 
55 
87 
126 
96 
46 
53 
24 
8 
7 
5 
10 
10 
16 
8 
39 
30 
37 
48 
47 
22 
21 
6 
77 
120 
71 
94 
73 
50 
31 
8 
46 
96 
67 
69 
80 
78 
117 
6 
51 
34 
64 
73 
82 
103 
89 
18 
7 
28 
34 
31 
14 
45 
0 
8 
0 
71 
55 
18 
1 
29 
37 
40 
0 
79 
24 
72 
32 
15 
14 
13 
7 
29 
2 
10 
16 
48 
24 
33 
18 
34 
47 
49 
45 
45 
40 
32 
23 
1 
40 
107 
45 
6 
20 
19 
38 
58 
33 
33 
44 
50 
23 
57 
82 
90 
38 
61 
21 
0 
39 
48 
87 
119 
63 
19 
45 
59 
93 
94 
76 
37 
11 
5 
20 
26 
9 
23 
65 
63 
72 
73 
106 
74 
26 
2 
21 
24 
15 
14 
21 
23 
0 
22 
45 
23 
41 
98 
95 
56 
7 
8 
24 
55 
59 
69 
43 
45 
3 
15 
9 
52 
26 
33 
79 
96 
93 
69 
40 
46 
29 
0 
8 
20 
45 
59 
69 
51 
32 
38 
24 
9 
26 
32 
25 
8 
24 
33 
42 
31 
17 
23 
12 
8 
22 
11 
58 
71 
72 
48 
16 
13 
13 
29 
25 
45 
69 
51 
45 
35 
24 
14 
28 
18 
17 
7 
33 
48 
65 
98 
70 
69 
29 
8 
15 
38 
32 
14 
7 
6 
16 
24 
25 
10 
0 
14 
15 
40 
13 
6 
13 
8 
12 
2 
4 
12 
53 
14 
68 
66 
58 
98 
110 
77 
40 
7 
8 
8 
15 
15 
14 
13 
8 
1 
2 
23 
47 
40 
23 
0 
16 
24 
31 
30 
21 
7 
16 
41 
47 
64 
21 
17 
26 
8 
32 
47 
47 
41 
63 
40 
1 
45 
15 
6 
7 
6 
7 
6 
39 
68 
58 
23 
48 
40 
8 
2 
1 
29 
32 
54 
43 
44 
3 
2 
49 
111 
71 
39 
63 
70 
37 
45 
37 
15 
39 
24 
15 
31 
42 
42 
15 
0 
6 
21 
24 
32 
39 
38 
29 
32 
30 
8 
25 
34 
52 
26 
47 
73 
42 
23 
8 
6 
18 
8 
7 
6 
18 
23 
24 
17 
10 
15 
47 
56 
56 
8 
9 
5 
8 
19 
37 
32 
11 
21 
24 
12 
42 
63 
56 
33 
26 
31 
24 
14 
45 
0 
7 
25 
26 
7 
0 
41 
50 
23 
16 
25 
18 
15 
16 
14 
21 
23 
24 
1 
21 
32 
55 
22 
42 
47 
23 
48 
89 
122 
95 
47 
39 
15 
0 
21 
45 
64 
32 
15 
22 
37 
32 
4 
2 
12 
26 
39 
80 
101 
61 
37 
29 
21 
5 
1 
21 
53 
32 
0 
9 
2 
23 
40 
33 
2 
7 
8 
16 
8 
8 
7 
24 
13 
57 
42 
42 
7 
40 
16 
4 
10 
31 
32 
25 
2 
24 
16 
7 
0 
23 
7 
6 
24 
28 
50 
48 
69 
65 
10 
21 
40 
39 
6 
10 
0 
15 
14 
50 
71 
56 
49 
34 
23 
16 
6 
45 
56 
6 
2 
0 
0 
14 
16 
0 
9 
18 
52 
58 
79 
72 
65 
34 
23 
7 
16 
16 
39 
31 
15 
14 
2 
34 
15 
40 
45 
33 
42 
58 
54 
21 
18 
7 
31 
63 
30 
21 
39 
14 
26 
40 
69 
57 
50 
47 
39 
8 
1 
6 
5 
5 
40 
47 
26 
5 
37 
37 
40 
6 
10 
8 
6 
10 
0 
16 
9 
18 
7 
16 
32 
9 
13 
7 
17 
2 
7 
25 
26 
71 
48 
0 
13 
21 
17 
10 
42 
1 
38 
5 
5 
0 
9 
47 
48 
17 
2 
18 
26 
26 
22 
29 
2 
14 
53 
37 
8 
24 
41 
66 
39 
8 
1 
13 
0 
0 
9 
2 
7 
7 
32 
47 
22 
2 
36 
42 
64 
65 
58 
47 
39 
15 
16 
8 
8 
15 
39 
23 
6 
13 
8 
49 
0 
44 
66 
63 
64 
29 
5 
38 
29 
13 
0 
23 
46 
45 
23 
9 
23 
65 
63 
64 
57 
50 
58 
50 
22 
5 
2 
10 
42 
54 
37 
24 
6 
15 
44 
26 
39 
57 
42 
26 
8 
7 
8 
13 
6 
21 
32 
7 
25 
26 
47 
32 
49 
26 
2 
0 
0 
9 
26 
18 
26 
0 
8 
7 
9 
18 
15 
40 
41 
2 
13 
56 
16 
32 
33 
18 
0 
24 
9 
10 
16 
23 
17 
18 
8 
33 
47 
48 
40 
9 
2 
5 
7 
4 
2 
8 
7 
48 
41 
10 
24 
24 
12 
29 
0 
16 
29 
25 
26 
42 
50 
31 
23 
16 
14 
13 
7 
8 
1 
18 
15 
32 
40 
32 
13 
2 
5 
10 
10 
2 
1 
10 
15 
31 
24 
17 
34 
47 
15 
15 
23 
8 
29 
21 
9 
45 
53 
0 
24 
33 
42 
39 
64 
64 
24 
31 
8 
32 
21 
2 
26 
62 
29 
16 
0 
1 
7 
16 
9 
47 
68 
74 
90 
66 
10 
6 
2 
39 
39 
23 
23 
47 
46 
5 
31 
68 
58 
63 
40 
17 
5 
7 
15 
18 
9 
2 
5 
8 
24 
49 
42 
42 
42 
34 
38 
37 
29 
24 
8 
8 
24 
16 
16 
16 
8 
32 
56 
32 
49 
42 
34 
23 
23 
15 
0 
15 
23 
14 
5 
26 
26 
15 
23 
16 
9 
26 
39 
33 
2 
7 
0 
23 
13 
6 
13 
0 
16 
31 
22 
10 
47 
72 
72 
73 
50 
2 
16 
0 
7 
38 
18 
15 
23 
24 
16 
21 
29 
13 
10 
14 
13 
2 
23 
31 
40 
32 
40 
5 
34 
10 
5 
5 
50 
14 
23 
20 
26 
44 
34 
39 
24 
2 
6 
2 
8 
16 
15 
0 
25 
34 
31 
32 
88 
64 
32 
0 
0 
15 
0 
32 
32 
24 
0 
0 
6 
26 
8 
24 
9 
10 
34 
66 
55 
23 
10 
5 
21 
21 
21 
32 
47 
6 
42 
64 
49 
42 
31 
32 
16 
7 
7 
5 
2 
5 
8 
19 
37 
3 
13 
3 
5 
12 
13 
44 
90 
79 
64 
72 
32 
15 
1 
10 
10 
14 
13 
0 
24 
25 
26 
7 
0 
16 
0 
26 
14 
5 
5 
10 
7 
8 
1 
34 
47 
16 
25 
50 
47 
39 
7 
0 
8 
16 
0 
8 
7 
7 
15 
6 
2 
15 
49 
50 
39 
40 
29 
6 
5 
2 
0 
7 
7 
39 
14 
26 
39 
40 
49 
58 
50 
31 
10 
29 
53 
21 
34 
55 
39 
7 
32 
16 
23 
30 
21 
16 
49 
82 
87 
55 
7 
16 
24 
31 
7 
10 
18 
6 
2 
26 
31 
47 
48 
56 
56 
48 
24 
24 
7 
24 
32 
39 
46 
37 
24 
14 
21 
4 
18 
32 
49 
55 
56 
56 
32 
5 
6 
5 
8 
8 
13 
1 
5 
8 
12 
34 
47 
41 
34 
18 
0 
7 
0 
8 
13 
17 
13 
61 
48 
4 
26 
23 
33 
42 
63 
72 
45 
9 
13 
5 
16 
8 
7 
7 
2 
6 
5 
0 
9 
26 
23 
25 
18 
24 
13 
1 
10 
15 
24 
32 
17 
10 
0 
0 
16 
17 
5 
24 
16 
41 
34 
7 
7 
8 
24 
8 
0 
6 
13 
0 
16 
9 
0 
28 
42 
39 
32 
16 
14 
2 
0 
7 
14 
37 
27 
13 
20 
34 
48 
41 
34 
48 
65 
34 
2 
48 
15 
6 
10 
18 
31 
32 
16 
8 
17 
18 
0 
1 
7 
4 
5 
0 
1 
2 
23 
16 
1 
13 
16 
12 
34 
39 
65 
58 
55 
32 
5 
6 
13 
13 
13 
32 
23 
6 
2 
0 
9 
15 
49 
58 
79 
63 
24 
7 
7 
10 
6 
13 
5 
0 
16 
29 
49 
26 
26 
34 
2 
10 
42 
50 
30 
26 
42 
10 
13 
9 
2 
13 
13 
10 
15 
40 
24 
21 
25 
2 
2 
10 
10 
10 
0 
24 
31 
15 
6 
5 
7 
1 
10 
40 
33 
34 
16 
24 
25 
10 
8 
8 
0 
1 
5 
24 
9 
18 
24 
17 
39 
64 
57 
26 
10 
16 
39 
14 
10 
0 
8 
2 
9 
10 
7 
24 
33 
34 
24 
1 
7 
12 
2 
15 
7 
30 
24 
3 
2 
7 
28 
34 
63 
57 
42 
24 
1 
34 
15 
0 
22 
16 
8 
33 
10 
7 
14 
23 
48 
33 
39 
39 
32 
5 
1 
2 
16 
15 
14 
13 
0 
4 
2 
16 
33 
39 
44 
66 
50 
31 
31 
0 
0 
0 
7 
7 
0 
15 
71 
22 
18 
55 
92 
74 
31 
23 
32 
16 
10 
14 
29 
61 
24 
3 
5 
0 
1 
18 
32 
41 
47 
40 
33 
34 
15 
8 
25 
2 
18 
7 
8 
1 
13 
21 
24 
22 
2 
24 
41 
39 
32 
48 
21 
29 
17 
2 
13 
24 
7 
6 
5 
8 
25 
31 
40 
25 
26 
15 
8 
5 
9 
10 
2 
29 
24 
0 
1 
10 
40 
1 
31 
56 
73 
66 
39 
7 
32 
24 
0 
16 
16 
23 
15 
6 
15 
16 
17 
15 
0 
25 
42 
23 
32 
32 
41 
10 
13 
13 
0 
7 
6 
5 
15 
33 
34 
7 
4 
5 
0 
12 
2 
15 
40 
40 
1 
13 
16 
3 
2 
32 
33 
7 
12 
42 
31 
24 
24 
16 
2 
22 
45 
40 
1 
31 
41 
42 
40 
57 
58 
26 
8 
8 
0 
0 
7 
6 
21 
8 
7 
1 
2 
7 
1 
39 
60 
58 
55 
32 
5 
1 
5 
13 
21 
24 
19 
21 
0 
9 
23 
28 
18 
39 
61 
49 
34 
34 
23 
32 
0 
8 
1 
13 
16 
8 
17 
18 
23 
8 
17 
13 
24 
0 
9 
23 
17 
5 
11 
5 
15 
17 
7 
20 
10 
23 
76 
58 
47 
47 
23 
0 
23 
7 
10 
14 
2 
0 
7 
17 
26 
23 
24 
24 
41 
26 
18 
7 
15 
15 
7 
8 
0 
0 
26 
1 
10 
0 
16 
1 
18 
23 
8 
17 
18 
15 
7 
7 
10 
6 
18 
15 
8 
17 
39 
64 
13 
22 
29 
16 
16 
37 
17 
26 
31 
40 
6 
29 
37 
0 
25 
26 
23 
40 
33 
50 
34 
5 
29 
16 
0 
8 
16 
1 
5 
10 
16 
17 
10 
23 
41 
34 
34 
31 
23 
23 
0 
8 
23 
15 
0 
6 
5 
0 
24 
49 
42 
31 
23 
8 
16 
16 
8 
7 
0 
2 
30 
29 
32 
9 
34 
23 
48 
57 
50 
42 
15 
0 
8 
7 
15 
22 
21 
24 
6 
2 
20 
10 
23 
17 
50 
40 
41 
18 
23 
23 
16 
16 
10 
6 
5 
5 
8 
16 
33 
42 
39 
32 
16 
21 
9 
10 
2 
8 
8 
15 
15 
6 
2 
7 
24 
25 
18 
7 
24 
33 
26 
23 
15 
16 
40 
40 
16 
15 
23 
15 
10 
9 
2 
15 
40 
41 
66 
42 
15 
7 
8 
2 
13 
13 
13 
37 
37 
8 
24 
41 
42 
47 
24 
40 
37 
5 
2 
2 
5 
13 
1 
13 
13 
0 
16 
17 
18 
31 
40 
40 
37 
2 
1 
5 
2 
5 
16 
32 
15 
1 
10 
23 
24 
57 
50 
39 
39 
15 
7 
7 
0 
7 
15 
23 
6 
13 
15 
24 
33 
34 
34 
23 
24 
40 
40 
8 
7 
16 
8 
7 
15 
0 
17 
2 
26 
31 
39 
24 
13 
17 
2 
10 
0 
8 
8 
15 
7 
22 
2 
7 
20 
50 
47 
39 
47 
47 
47 
31 
0 
5 
5 
13 
13 
21 
16 
24 
15 
1 
34 
39 
47 
40 
48 
24 
24 
8 
7 
31 
39 
14 
13 
16 
6 
2 
23 
33 
26 
39 
32 
37 
33 
18 
10 
2 
0 
8 
15 
22 
21 
0 
12 
18 
23 
41 
34 
39 
40 
13 
17 
18 
2 
2 
8 
0 
8 
0 
6 
5 
7 
40 
33 
26 
23 
32 
21 
1 
2 
2 
8 
8 
15 
2 
1 
10 
39 
40 
33 
18 
23 
31 
8 
0 
2 
2 
6 
13 
13 
0 
0 
9 
18 
15 
28 
34 
39 
39 
40 
24 
24 
8 
7 
23 
46 
29 
16 
4 
18 
15 
44 
50 
66 
47 
23 
16 
8 
2 
1 
2 
2 
2 
21 
5 
8 
0 
1 
15 
20 
2 
23 
41 
42 
26 
10 
10 
34 
18 
2 
2 
10 
10 
2 
7 
8 
25 
18 
26 
15 
0 
7 
1 
13 
13 
16 
7 
8 
1 
7 
12 
34 
39 
32 
25 
34 
23 
0 
0 
1 
5 
10 
7 
0 
2 
6 
10 
23 
32 
49 
34 
39 
40 
24 
13 
2 
9 
10 
14 
10 
18 
1 
10 
18 
26 
31 
31 
32 
24 
0 
8 
0 
2 
2 
22 
37 
24 
15 
14 
2 
16 
17 
31 
48 
41 
50 
31 
23 
7 
16 
16 
8 
8 
8 
8 
7 
8 
32 
29 
25 
18 
18 
23 
7 
8 
16 
8 
0 
7 
18 
22 
13 
7 
20 
18 
23 
36 
42 
39 
16 
5 
1 
5 
16 
15 
14 
5 
8 
1 
7 
28 
34 
56 
65 
58 
42 
34 
34 
10 
10 
13 
13 
24 
23 
30 
21 
0 
9 
15 
36 
34 
7 
17 
18 
23 
16 
17 
2 
16 
23 
30 
24 
22 
3 
18 
36 
34 
20 
18 
9 
7 
6 
8 
6 
3 
5 
4 
0 
1 
20 
7 
25 
52 
39 
33 
31 
25 
31 
32 
17 
2 
8 
4 
21 
16 
6 
3 
10 
40 
41 
39 
57 
50 
15 
1 
10 
8 
3 
21 
24 
3 
2 
8 
9 
15 
33 
28 
18 
20 
10 
12 
2 
32 
9 
0 
11 
37 
27 
20 
2 
