23 
16 
5 
22 
29 
32 
40 
23 
14 
13 
0 
8 
2 
18 
38 
53 
37 
48 
48 
19 
5 
15 
17 
5 
11 
21 
0 
22 
32 
6 
39 
40 
25 
10 
7 
23 
32 
8 
24 
40 
24 
32 
48 
64 
48 
16 
7 
7 
40 
72 
48 
16 
9 
0 
3 
13 
8 
22 
24 
6 
10 
16 
37 
25 
94 
93 
16 
60 
50 
47 
25 
18 
23 
40 
25 
42 
74 
63 
39 
18 
2 
9 
13 
5 
0 
63 
8 
34 
46 
21 
47 
32 
16 
10 
18 
5 
13 
0 
8 
22 
24 
3 
5 
12 
18 
36 
66 
80 
73 
66 
47 
23 
0 
24 
16 
0 
7 
15 
0 
0 
7 
42 
86 
133 
96 
70 
3 
26 
57 
84 
82 
71 
48 
24 
0 
15 
32 
40 
25 
2 
10 
31 
56 
69 
53 
1 
13 
26 
66 
31 
2 
29 
45 
41 
10 
13 
45 
85 
53 
24 
63 
70 
136 
99 
2 
97 
159 
137 
103 
79 
63 
6 
34 
55 
68 
90 
71 
56 
65 
66 
63 
47 
16 
48 
56 
32 
16 
0 
7 
15 
47 
66 
62 
29 
8 
16 
49 
10 
61 
85 
61 
23 
64 
56 
24 
2 
34 
70 
69 
72 
23 
1 
47 
63 
56 
40 
8 
64 
49 
18 
26 
50 
74 
62 
37 
32 
38 
32 
9 
50 
64 
57 
50 
50 
10 
17 
50 
74 
47 
23 
23 
47 
103 
103 
86 
32 
25 
55 
81 
82 
71 
40 
24 
8 
8 
0 
32 
56 
69 
97 
78 
93 
61 
32 
23 
80 
85 
57 
21 
93 
133 
112 
70 
12 
55 
49 
52 
58 
76 
74 
50 
14 
5 
7 
1 
39 
65 
71 
73 
71 
56 
32 
24 
32 
16 
15 
18 
30 
8 
16 
17 
18 
7 
7 
14 
29 
40 
38 
29 
19 
13 
8 
6 
13 
24 
23 
38 
37 
24 
22 
2 
36 
42 
0 
30 
24 
17 
42 
80 
53 
10 
58 
87 
111 
55 
18 
17 
34 
7 
0 
7 
14 
21 
8 
48 
53 
13 
18 
50 
71 
47 
31 
71 
63 
54 
13 
3 
13 
20 
23 
105 
136 
81 
18 
9 
42 
39 
48 
57 
58 
55 
88 
80 
56 
47 
30 
37 
3 
7 
25 
0 
9 
18 
44 
50 
47 
24 
14 
37 
53 
48 
31 
18 
14 
29 
24 
0 
8 
0 
26 
54 
85 
69 
43 
37 
51 
2 
41 
36 
43 
42 
33 
88 
113 
98 
54 
10 
47 
73 
114 
168 
161 
126 
61 
8 
25 
47 
33 
39 
33 
0 
30 
13 
16 
65 
2 
8 
7 
5 
41 
66 
15 
16 
56 
61 
17 
5 
15 
36 
34 
47 
32 
17 
2 
0 
7 
23 
38 
45 
64 
43 
21 
12 
50 
23 
23 
54 
69 
55 
46 
24 
22 
20 
26 
1 
35 
13 
25 
44 
26 
24 
38 
2 
15 
40 
21 
34 
74 
82 
78 
37 
7 
41 
74 
79 
64 
56 
23 
6 
8 
17 
79 
105 
151 
184 
144 
59 
0 
41 
100 
147 
138 
95 
40 
2 
39 
15 
24 
41 
71 
64 
53 
25 
2 
18 
30 
29 
21 
0 
0 
7 
23 
46 
45 
21 
7 
4 
5 
0 
4 
13 
40 
86 
72 
38 
3 
18 
28 
34 
23 
41 
26 
23 
24 
45 
29 
5 
18 
42 
39 
39 
48 
49 
42 
39 
0 
72 
157 
184 
131 
33 
70 
194 
113 
60 
27 
21 
19 
18 
44 
58 
23 
0 
5 
25 
50 
39 
40 
81 
130 
102 
61 
15 
57 
122 
104 
56 
5 
47 
87 
48 
32 
23 
0 
34 
14 
5 
0 
7 
1 
2 
8 
0 
8 
23 
0 
63 
63 
71 
30 
21 
24 
22 
0 
1 
11 
2 
27 
37 
35 
2 
44 
2 
23 
33 
42 
26 
0 
8 
7 
0 
32 
72 
72 
72 
39 
22 
21 
21 
8 
16 
1 
16 
3 
37 
20 
15 
6 
24 
62 
44 
13 
28 
31 
36 
18 
31 
55 
71 
74 
6 
79 
136 
133 
117 
37 
7 
48 
57 
58 
26 
13 
69 
5 
37 
61 
53 
21 
24 
8 
25 
7 
35 
45 
72 
22 
23 
33 
2 
8 
0 
1 
18 
42 
42 
34 
17 
26 
58 
47 
39 
39 
23 
0 
16 
8 
15 
24 
40 
32 
8 
8 
5 
1 
5 
8 
24 
55 
78 
109 
80 
54 
13 
12 
26 
41 
71 
105 
103 
40 
8 
58 
78 
61 
29 
32 
8 
31 
32 
32 
16 
0 
15 
32 
8 
55 
71 
46 
45 
8 
25 
8 
0 
9 
90 
71 
16 
29 
73 
122 
78 
53 
24 
25 
34 
36 
10 
7 
6 
5 
7 
16 
13 
29 
0 
23 
80 
101 
93 
88 
39 
54 
28 
5 
36 
39 
41 
47 
57 
74 
47 
16 
48 
40 
56 
72 
80 
40 
23 
22 
37 
31 
14 
23 
32 
25 
26 
23 
15 
55 
62 
61 
51 
37 
3 
18 
28 
42 
12 
5 
40 
14 
21 
16 
0 
78 
77 
16 
33 
15 
6 
16 
1 
36 
58 
87 
69 
45 
5 
31 
56 
73 
58 
63 
31 
0 
55 
63 
71 
78 
32 
6 
16 
14 
7 
1 
0 
33 
31 
9 
7 
33 
42 
48 
2 
38 
85 
104 
95 
102 
72 
27 
42 
84 
58 
32 
9 
21 
8 
33 
18 
7 
31 
58 
22 
10 
18 
5 
45 
49 
42 
2 
5 
10 
22 
29 
32 
23 
6 
72 
99 
60 
21 
1 
60 
50 
12 
10 
40 
65 
82 
55 
15 
0 
24 
45 
41 
50 
55 
24 
24 
33 
34 
23 
31 
31 
0 
40 
26 
78 
101 
123 
117 
30 
36 
68 
67 
58 
33 
47 
41 
7 
79 
78 
40 
44 
5 
48 
38 
64 
43 
7 
41 
55 
104 
125 
45 
23 
44 
58 
71 
72 
101 
69 
53 
56 
27 
29 
4 
58 
120 
121 
106 
70 
37 
15 
60 
82 
103 
128 
149 
109 
80 
19 
2 
4 
23 
41 
55 
41 
42 
15 
0 
18 
54 
85 
88 
31 
14 
8 
4 
5 
12 
10 
8 
30 
37 
39 
9 
45 
88 
94 
27 
75 
138 
97 
71 
56 
45 
45 
47 
152 
169 
154 
111 
10 
57 
98 
71 
0 
70 
69 
48 
14 
23 
81 
63 
31 
7 
32 
40 
53 
101 
69 
32 
16 
17 
2 
15 
17 
10 
16 
23 
10 
9 
2 
21 
29 
29 
53 
21 
21 
32 
48 
35 
29 
12 
26 
24 
9 
23 
36 
26 
26 
15 
8 
80 
133 
128 
176 
110 
51 
74 
81 
36 
56 
46 
28 
10 
6 
23 
73 
95 
112 
72 
64 
23 
65 
103 
140 
154 
95 
23 
0 
23 
63 
39 
26 
14 
37 
39 
159 
175 
142 
52 
26 
33 
52 
75 
90 
84 
34 
0 
23 
31 
23 
23 
7 
7 
31 
48 
48 
48 
95 
71 
62 
8 
3 
45 
83 
29 
25 
91 
146 
132 
114 
31 
64 
128 
103 
75 
53 
16 
64 
93 
77 
37 
23 
71 
40 
45 
69 
53 
45 
48 
15 
1 
2 
24 
17 
10 
56 
63 
46 
29 
15 
1 
24 
43 
45 
19 
34 
44 
24 
46 
56 
54 
27 
5 
20 
31 
81 
122 
95 
80 
23 
9 
66 
120 
121 
114 
74 
22 
26 
58 
39 
15 
8 
39 
34 
46 
29 
7 
40 
33 
29 
56 
71 
54 
29 
15 
1 
26 
31 
31 
32 
0 
47 
15 
5 
45 
50 
86 
141 
157 
123 
29 
25 
100 
122 
196 
114 
23 
32 
88 
72 
32 
15 
10 
9 
10 
29 
69 
85 
173 
208 
115 
41 
34 
89 
137 
180 
175 
145 
98 
58 
6 
63 
100 
114 
124 
114 
80 
25 
5 
32 
47 
34 
22 
26 
47 
63 
63 
38 
13 
0 
23 
46 
37 
48 
43 
29 
51 
45 
6 
44 
95 
89 
52 
50 
16 
31 
14 
21 
37 
21 
1 
26 
24 
56 
4 
42 
90 
127 
103 
38 
0 
36 
58 
112 
57 
5 
37 
69 
85 
40 
32 
47 
62 
64 
22 
11 
2 
84 
87 
60 
18 
80 
87 
30 
5 
24 
19 
21 
16 
6 
5 
19 
13 
43 
53 
51 
53 
1 
52 
42 
52 
34 
16 
6 
13 
0 
0 
6 
29 
48 
39 
46 
48 
39 
38 
32 
19 
29 
19 
37 
46 
4 
35 
58 
25 
17 
12 
24 
9 
99 
141 
118 
107 
27 
36 
84 
124 
99 
58 
28 
45 
59 
53 
51 
56 
54 
43 
2 
17 
20 
31 
41 
39 
57 
47 
0 
94 
109 
104 
78 
51 
29 
33 
76 
55 
49 
39 
32 
6 
29 
40 
47 
15 
17 
13 
64 
107 
109 
67 
16 
33 
60 
55 
49 
31 
17 
0 
23 
78 
85 
59 
61 
78 
44 
76 
49 
17 
2 
49 
81 
84 
83 
34 
27 
85 
19 
61 
102 
75 
12 
43 
122 
113 
88 
73 
2 
93 
45 
61 
93 
69 
64 
35 
34 
39 
41 
23 
20 
2 
15 
7 
2 
2 
18 
46 
61 
85 
53 
48 
35 
45 
4 
2 
9 
28 
31 
1 
4 
29 
27 
2 
4 
10 
23 
33 
18 
7 
8 
15 
38 
53 
64 
71 
54 
24 
22 
32 
19 
13 
4 
15 
17 
31 
17 
4 
5 
4 
53 
75 
16 
25 
0 
54 
80 
86 
3 
82 
76 
50 
7 
1 
18 
39 
53 
65 
54 
5 
2 
40 
73 
87 
121 
98 
66 
50 
86 
61 
27 
2 
9 
12 
35 
42 
57 
76 
58 
32 
34 
46 
45 
37 
16 
7 
7 
23 
26 
30 
21 
48 
31 
18 
9 
34 
39 
31 
8 
32 
72 
63 
70 
93 
83 
69 
46 
1 
41 
100 
140 
79 
80 
73 
5 
65 
42 
90 
119 
79 
87 
110 
40 
57 
116 
98 
71 
16 
55 
66 
6 
26 
50 
18 
13 
17 
50 
26 
18 
58 
46 
21 
0 
23 
32 
16 
0 
7 
23 
56 
32 
40 
39 
38 
45 
24 
6 
15 
6 
32 
30 
5 
0 
1 
2 
0 
23 
48 
37 
29 
2 
10 
30 
45 
45 
56 
48 
47 
79 
62 
77 
48 
30 
15 
49 
76 
66 
44 
13 
35 
45 
27 
18 
12 
18 
15 
15 
16 
29 
5 
0 
7 
39 
0 
24 
80 
112 
123 
125 
35 
42 
65 
79 
73 
58 
32 
0 
5 
6 
21 
10 
26 
45 
117 
205 
224 
126 
43 
43 
83 
114 
145 
136 
129 
87 
47 
40 
64 
85 
73 
50 
66 
63 
79 
87 
70 
29 
15 
72 
81 
74 
26 
0 
56 
64 
71 
118 
96 
38 
8 
17 
44 
2 
20 
66 
72 
33 
21 
120 
111 
38 
0 
1 
12 
21 
3 
34 
80 
41 
21 
37 
80 
72 
15 
57 
90 
95 
71 
31 
16 
53 
57 
66 
71 
104 
120 
93 
32 
23 
64 
65 
26 
7 
40 
115 
93 
43 
5 
38 
35 
20 
5 
1 
12 
67 
98 
108 
74 
15 
16 
39 
63 
71 
55 
31 
10 
2 
5 
13 
21 
13 
5 
8 
0 
15 
10 
9 
34 
58 
90 
94 
77 
56 
30 
0 
33 
47 
33 
7 
55 
86 
56 
30 
56 
62 
19 
3 
22 
26 
6 
12 
5 
28 
50 
52 
66 
71 
55 
23 
29 
57 
90 
143 
114 
54 
18 
24 
17 
10 
7 
31 
40 
16 
26 
18 
42 
38 
61 
96 
75 
61 
35 
8 
17 
52 
71 
65 
7 
55 
78 
48 
35 
37 
27 
10 
33 
47 
25 
23 
25 
42 
23 
0 
24 
40 
53 
57 
58 
82 
70 
53 
40 
30 
32 
22 
11 
12 
67 
114 
105 
55 
48 
8 
47 
103 
143 
151 
142 
96 
22 
28 
43 
2 
1 
33 
68 
66 
105 
87 
88 
72 
48 
1 
42 
92 
122 
119 
88 
65 
26 
2 
2 
1 
13 
21 
45 
24 
59 
109 
83 
60 
1 
38 
67 
75 
107 
119 
73 
23 
8 
15 
72 
112 
185 
166 
125 
32 
41 
116 
154 
156 
122 
87 
39 
8 
41 
95 
88 
113 
183 
183 
147 
69 
3 
43 
78 
114 
145 
132 
98 
80 
16 
23 
40 
57 
58 
40 
17 
39 
64 
85 
85 
69 
32 
8 
17 
2 
40 
38 
13 
28 
18 
7 
17 
26 
32 
9 
13 
39 
86 
120 
118 
67 
45 
6 
36 
35 
42 
84 
50 
23 
64 
21 
14 
61 
69 
32 
32 
81 
90 
54 
21 
39 
84 
90 
71 
104 
141 
96 
47 
6 
3 
2 
12 
51 
42 
44 
23 
11 
69 
40 
25 
42 
47 
48 
56 
72 
24 
32 
65 
122 
95 
95 
103 
66 
22 
0 
0 
1 
0 
44 
74 
87 
69 
25 
13 
61 
69 
64 
56 
63 
39 
30 
13 
0 
16 
21 
14 
37 
40 
14 
13 
19 
29 
54 
16 
6 
28 
34 
44 
42 
50 
8 
8 
31 
16 
53 
85 
117 
61 
32 
22 
13 
8 
33 
87 
64 
33 
18 
5 
6 
37 
13 
23 
40 
49 
58 
79 
95 
95 
63 
14 
18 
7 
40 
40 
1 
53 
72 
19 
42 
73 
2 
75 
117 
91 
37 
17 
52 
50 
55 
45 
45 
29 
13 
5 
0 
0 
24 
48 
65 
66 
74 
74 
54 
29 
0 
23 
56 
45 
17 
5 
40 
71 
70 
40 
78 
56 
22 
4 
67 
66 
76 
66 
23 
48 
56 
64 
48 
47 
47 
6 
34 
16 
33 
10 
24 
7 
23 
66 
30 
18 
50 
58 
42 
46 
21 
15 
64 
81 
66 
50 
31 
23 
26 
10 
18 
18 
10 
6 
13 
53 
56 
38 
10 
36 
31 
22 
16 
30 
48 
38 
32 
30 
23 
6 
61 
99 
61 
11 
10 
41 
47 
81 
127 
133 
85 
21 
10 
23 
25 
23 
3 
15 
33 
47 
57 
79 
88 
93 
101 
61 
0 
60 
58 
39 
32 
24 
0 
7 
8 
72 
32 
87 
175 
247 
198 
52 
18 
33 
44 
51 
66 
96 
89 
71 
40 
39 
34 
30 
5 
8 
15 
70 
77 
16 
24 
17 
37 
96 
55 
17 
79 
88 
72 
61 
56 
32 
60 
146 
162 
95 
74 
78 
21 
40 
81 
90 
82 
47 
47 
42 
38 
26 
31 
40 
45 
49 
66 
63 
47 
31 
15 
32 
32 
0 
8 
8 
15 
10 
1 
13 
13 
23 
22 
21 
8 
0 
6 
13 
15 
7 
24 
48 
39 
39 
30 
37 
79 
62 
3 
26 
25 
36 
42 
56 
25 
5 
29 
53 
40 
32 
24 
23 
30 
10 
15 
9 
5 
16 
67 
69 
32 
20 
18 
7 
1 
2 
8 
4 
42 
87 
72 
16 
10 
7 
0 
8 
17 
82 
100 
66 
39 
32 
29 
13 
5 
13 
16 
0 
9 
10 
7 
7 
30 
37 
5 
23 
16 
16 
8 
7 
7 
39 
34 
54 
53 
56 
51 
53 
24 
41 
79 
72 
21 
21 
5 
15 
39 
40 
40 
21 
29 
13 
21 
40 
40 
43 
37 
24 
3 
21 
24 
30 
21 
3 
13 
46 
12 
26 
97 
87 
6 
93 
128 
6 
122 
111 
7 
0 
15 
30 
29 
63 
112 
85 
61 
2 
34 
42 
58 
54 
29 
16 
22 
12 
18 
44 
55 
73 
79 
89 
58 
47 
55 
30 
21 
7 
28 
18 
7 
8 
9 
2 
8 
0 
7 
23 
58 
86 
77 
55 
30 
0 
33 
39 
0 
1 
16 
23 
9 
10 
23 
0 
14 
45 
64 
43 
29 
0 
6 
10 
15 
0 
39 
82 
110 
112 
14 
59 
114 
137 
87 
25 
18 
23 
56 
56 
15 
25 
63 
65 
55 
41 
31 
44 
26 
55 
64 
40 
16 
48 
67 
53 
15 
41 
66 
63 
48 
16 
0 
15 
15 
31 
39 
39 
47 
39 
18 
30 
45 
64 
39 
6 
34 
31 
15 
23 
70 
48 
4 
26 
40 
9 
7 
24 
49 
50 
14 
42 
95 
95 
128 
96 
72 
55 
22 
0 
9 
44 
83 
130 
172 
162 
127 
62 
42 
73 
132 
151 
137 
95 
57 
42 
47 
63 
70 
21 
36 
26 
44 
58 
64 
29 
25 
2 
45 
93 
101 
80 
43 
29 
44 
74 
79 
85 
41 
2 
33 
50 
55 
39 
7 
15 
1 
10 
23 
39 
40 
48 
40 
47 
62 
77 
79 
30 
52 
66 
63 
41 
18 
48 
159 
142 
43 
34 
97 
116 
106 
103 
96 
47 
6 
79 
121 
132 
90 
87 
80 
40 
40 
3 
5 
11 
13 
25 
60 
66 
88 
105 
86 
13 
63 
100 
98 
47 
24 
32 
45 
37 
21 
21 
8 
0 
0 
22 
61 
7 
40 
16 
34 
54 
85 
55 
46 
4 
29 
19 
11 
50 
76 
26 
23 
17 
2 
8 
16 
31 
23 
8 
13 
2 
14 
13 
2 
5 
7 
31 
39 
7 
65 
98 
71 
63 
15 
16 
10 
6 
5 
0 
0 
19 
53 
64 
6 
18 
48 
65 
50 
31 
7 
5 
41 
58 
82 
98 
70 
77 
56 
17 
55 
52 
34 
0 
39 
30 
21 
15 
41 
10 
18 
0 
40 
63 
63 
102 
80 
27 
23 
41 
42 
24 
17 
15 
0 
9 
13 
16 
32 
16 
17 
10 
5 
45 
53 
53 
49 
34 
10 
2 
7 
15 
47 
15 
30 
69 
64 
35 
56 
46 
35 
12 
75 
43 
18 
25 
55 
81 
63 
8 
26 
34 
58 
74 
66 
54 
37 
13 
8 
7 
32 
72 
64 
48 
55 
1 
58 
79 
71 
79 
103 
118 
77 
35 
5 
22 
20 
18 
65 
76 
66 
68 
98 
39 
24 
63 
55 
63 
87 
90 
62 
13 
31 
56 
72 
53 
13 
31 
39 
47 
39 
55 
70 
45 
63 
38 
3 
18 
19 
24 
1 
0 
33 
15 
1 
0 
20 
10 
24 
35 
21 
7 
16 
9 
26 
31 
31 
53 
133 
93 
29 
21 
0 
4 
5 
23 
1 
15 
9 
5 
7 
9 
29 
72 
104 
51 
50 
103 
80 
24 
16 
16 
8 
8 
7 
7 
2 
41 
74 
71 
72 
37 
37 
45 
21 
31 
47 
16 
14 
61 
72 
67 
117 
155 
109 
9 
81 
116 
114 
129 
106 
87 
31 
29 
57 
74 
127 
111 
95 
86 
53 
0 
33 
47 
64 
49 
18 
15 
40 
87 
63 
38 
13 
3 
10 
39 
65 
122 
50 
69 
97 
98 
26 
21 
24 
16 
7 
1 
10 
26 
39 
63 
39 
7 
5 
9 
53 
61 
37 
16 
24 
6 
29 
64 
30 
8 
14 
4 
26 
20 
66 
80 
5 
1 
21 
45 
85 
69 
64 
31 
41 
47 
7 
62 
31 
104 
89 
50 
38 
5 
8 
49 
55 
49 
31 
9 
23 
48 
25 
42 
47 
47 
39 
8 
34 
78 
61 
56 
22 
7 
25 
47 
49 
55 
36 
34 
15 
8 
87 
170 
166 
77 
12 
82 
95 
80 
56 
53 
21 
10 
34 
82 
58 
18 
1 
10 
1 
5 
2 
18 
31 
31 
16 
16 
8 
8 
0 
0 
32 
48 
104 
107 
117 
123 
68 
9 
33 
14 
91 
195 
186 
97 
26 
24 
31 
18 
18 
34 
55 
55 
32 
8 
30 
29 
0 
56 
69 
101 
149 
229 
115 
60 
164 
172 
99 
66 
36 
26 
8 
7 
18 
7 
24 
57 
50 
8 
1 
26 
39 
47 
63 
167 
262 
268 
132 
39 
102 
189 
267 
276 
260 
218 
159 
118 
68 
6 
94 
131 
173 
174 
140 
125 
118 
86 
50 
17 
8 
7 
45 
61 
99 
101 
126 
122 
6 
112 
158 
179 
107 
39 
6 
0 
23 
55 
82 
66 
30 
34 
34 
16 
61 
93 
117 
120 
67 
10 
11 
69 
11 
100 
151 
113 
84 
74 
95 
80 
80 
43 
13 
33 
60 
91 
91 
107 
110 
74 
33 
44 
34 
31 
32 
5 
8 
55 
46 
7 
73 
63 
30 
208 
203 
92 
34 
81 
44 
51 
50 
60 
26 
0 
14 
2 
0 
7 
50 
98 
74 
70 
109 
104 
62 
51 
106 
81 
55 
49 
39 
33 
10 
8 
0 
21 
16 
8 
32 
81 
199 
144 
72 
31 
70 
60 
10 
81 
76 
76 
115 
114 
136 
125 
104 
75 
12 
83 
139 
164 
196 
148 
138 
127 
87 
1 
63 
73 
63 
105 
119 
95 
55 
9 
42 
95 
89 
106 
82 
58 
46 
37 
21 
15 
1 
23 
32 
5 
17 
2 
37 
29 
2 
0 
8 
0 
38 
80 
83 
109 
99 
68 
20 
97 
93 
21 
150 
250 
257 
119 
16 
0 
55 
75 
61 
3 
91 
163 
186 
145 
112 
97 
47 
87 
80 
23 
25 
47 
113 
151 
41 
39 
32 
17 
10 
45 
93 
93 
93 
37 
40 
23 
23 
16 
8 
16 
31 
47 
22 
37 
13 
7 
48 
40 
8 
47 
135 
143 
126 
37 
49 
15 
14 
75 
73 
6 
62 
114 
105 
127 
109 
77 
48 
19 
5 
1 
27 
58 
97 
132 
114 
216 
253 
109 
23 
105 
200 
169 
63 
15 
7 
63 
95 
70 
37 
39 
46 
40 
3 
2 
43 
61 
12 
66 
104 
101 
53 
13 
23 
80 
121 
90 
82 
42 
1 
18 
40 
49 
50 
39 
71 
95 
143 
86 
13 
43 
188 
81 
30 
59 
163 
163 
45 
54 
28 
47 
49 
95 
88 
80 
70 
42 
9 
27 
90 
60 
58 
23 
13 
38 
16 
32 
25 
87 
89 
42 
7 
46 
45 
16 
0 
1 
50 
71 
95 
55 
14 
5 
55 
70 
56 
54 
72 
62 
40 
14 
43 
19 
67 
91 
106 
105 
4 
37 
47 
78 
80 
51 
69 
112 
118 
108 
74 
153 
132 
135 
33 
55 
96 
69 
56 
43 
61 
19 
20 
76 
148 
116 
108 
34 
22 
24 
33 
98 
216 
152 
107 
109 
78 
1 
121 
177 
164 
103 
72 
29 
5 
10 
50 
82 
47 
47 
39 
7 
40 
32 
16 
24 
41 
26 
48 
45 
29 
53 
53 
61 
56 
70 
51 
132 
89 
43 
139 
114 
104 
113 
38 
146 
302 
253 
27 
164 
311 
249 
71 
77 
77 
13 
26 
54 
29 
11 
2 
76 
123 
82 
40 
57 
58 
15 
8 
13 
2 
26 
10 
69 
48 
64 
7 
73 
130 
78 
29 
8 
32 
89 
114 
103 
71 
2 
14 
2 
7 
47 
119 
31 
33 
42 
87 
120 
104 
7 
41 
90 
55 
48 
0 
23 
47 
38 
50 
90 
14 
63 
89 
111 
64 
37 
120 
83 
10 
81 
71 
25 
15 
30 
80 
83 
109 
104 
86 
8 
57 
124 
151 
161 
58 
88 
127 
150 
69 
4 
42 
112 
161 
158 
109 
44 
21 
17 
44 
180 
227 
138 
68 
42 
55 
39 
22 
26 
103 
104 
33 
10 
18 
10 
21 
57 
58 
26 
50 
30 
13 
29 
0 
29 
69 
21 
7 
64 
197 
253 
196 
81 
22 
62 
118 
110 
50 
17 
20 
87 
129 
95 
47 
16 
25 
58 
52 
58 
47 
57 
63 
36 
2 
34 
167 
222 
100 
9 
78 
114 
121 
81 
31 
17 
39 
8 
1 
26 
38 
21 
40 
12 
66 
80 
105 
162 
239 
134 
12 
26 
33 
52 
4 
5 
33 
52 
79 
97 
106 
63 
15 
74 
66 
7 
16 
0 
20 
5 
40 
38 
13 
52 
146 
215 
163 
69 
59 
16 
33 
87 
121 
111 
96 
45 
37 
18 
39 
88 
125 
125 
77 
13 
0 
24 
33 
69 
160 
166 
124 
53 
17 
65 
121 
193 
201 
196 
138 
136 
40 
57 
107 
90 
145 
140 
108 
66 
33 
31 
1 
72 
62 
5 
31 
15 
0 
32 
79 
86 
88 
59 
48 
22 
11 
5 
48 
161 
106 
21 
48 
88 
167 
123 
53 
31 
97 
122 
111 
63 
56 
160 
120 
54 
125 
131 
44 
51 
54 
13 
65 
129 
167 
192 
168 
91 
69 
54 
17 
101 
166 
259 
243 
170 
112 
29 
18 
10 
24 
15 
33 
58 
23 
56 
168 
93 
9 
61 
136 
163 
157 
67 
36 
10 
65 
108 
162 
143 
118 
29 
49 
108 
123 
90 
52 
42 
72 
73 
74 
26 
9 
13 
19 
5 
8 
9 
39 
24 
1 
5 
23 
40 
25 
13 
56 
48 
31 
31 
26 
34 
10 
2 
21 
45 
24 
24 
64 
109 
108 
117 
102 
78 
54 
9 
49 
81 
113 
164 
82 
0 
0 
7 
15 
16 
16 
41 
42 
23 
32 
37 
37 
33 
18 
62 
61 
56 
3 
34 
81 
135 
176 
109 
77 
72 
6 
43 
74 
193 
212 
130 
55 
0 
9 
2 
26 
15 
15 
18 
22 
29 
40 
30 
32 
38 
28 
18 
41 
31 
57 
71 
6 
37 
69 
88 
46 
45 
56 
30 
0 
9 
8 
38 
4 
34 
24 
25 
18 
10 
7 
23 
8 
40 
56 
80 
63 
14 
23 
52 
10 
8 
14 
37 
56 
23 
17 
18 
15 
8 
18 
38 
26 
16 
107 
189 
219 
244 
156 
26 
51 
229 
331 
340 
231 
224 
171 
10 
185 
225 
235 
194 
79 
14 
10 
79 
40 
40 
7 
47 
48 
24 
6 
21 
8 
24 
55 
30 
29 
80 
75 
37 
9 
83 
106 
112 
97 
9 
26 
34 
8 
27 
34 
79 
119 
136 
111 
78 
3 
26 
20 
18 
7 
15 
56 
32 
5 
41 
34 
40 
67 
21 
63 
54 
29 
40 
24 
0 
24 
18 
46 
21 
0 
12 
2 
7 
54 
96 
70 
4 
18 
6 
48 
1 
39 
41 
7 
17 
10 
8 
54 
69 
67 
77 
83 
148 
129 
65 
27 
100 
249 
321 
327 
320 
131 
99 
187 
171 
196 
219 
202 
128 
65 
2 
65 
34 
18 
8 
7 
0 
32 
80 
40 
11 
29 
47 
80 
45 
2 
45 
56 
16 
0 
22 
45 
32 
31 
46 
45 
32 
27 
21 
16 
14 
13 
7 
25 
23 
8 
9 
47 
16 
16 
2 
6 
69 
61 
64 
23 
33 
10 
56 
59 
21 
7 
17 
26 
48 
53 
41 
10 
9 
50 
106 
142 
173 
160 
110 
46 
33 
105 
201 
76 
31 
14 
7 
81 
2 
0 
23 
26 
41 
34 
47 
8 
80 
64 
7 
73 
90 
88 
121 
106 
47 
24 
7 
31 
16 
14 
37 
38 
43 
28 
13 
12 
63 
81 
66 
34 
2 
13 
13 
29 
77 
61 
53 
88 
71 
54 
24 
1 
15 
9 
7 
28 
10 
0 
32 
15 
25 
39 
56 
32 
38 
85 
64 
27 
18 
24 
104 
119 
62 
10 
8 
14 
7 
57 
71 
33 
10 
4 
61 
43 
90 
95 
32 
0 
0 
15 
9 
50 
112 
121 
66 
62 
69 
61 
35 
53 
43 
20 
18 
49 
33 
51 
42 
100 
18 
0 
14 
61 
24 
88 
112 
29 
31 
71 
32 
41 
34 
58 
47 
39 
8 
7 
18 
38 
37 
42 
106 
78 
53 
8 
49 
55 
57 
26 
0 
48 
104 
109 
93 
96 
40 
68 
66 
31 
24 
1 
21 
55 
46 
32 
12 
42 
63 
72 
37 
10 
82 
170 
126 
53 
23 
14 
0 
6 
7 
1 
39 
121 
47 
7 
55 
62 
29 
7 
15 
38 
69 
72 
49 
71 
97 
2 
5 
0 
8 
24 
24 
85 
81 
46 
45 
5 
15 
8 
8 
17 
34 
7 
16 
18 
6 
13 
26 
21 
41 
18 
18 
50 
82 
86 
85 
56 
1 
39 
57 
55 
32 
54 
64 
11 
50 
79 
77 
30 
85 
40 
0 
39 
47 
46 
45 
48 
31 
1 
26 
8 
7 
16 
9 
2 
2 
24 
39 
14 
0 
8 
9 
5 
8 
39 
78 
109 
96 
30 
40 
41 
151 
105 
10 
32 
7 
6 
13 
55 
15 
23 
63 
47 
16 
7 
63 
32 
93 
21 
50 
25 
106 
134 
101 
63 
14 
20 
50 
124 
162 
72 
23 
63 
66 
15 
71 
47 
8 
24 
80 
5 
106 
102 
37 
5 
0 
24 
23 
8 
89 
18 
45 
64 
32 
8 
49 
47 
48 
0 
66 
126 
125 
48 
59 
77 
24 
17 
55 
92 
82 
79 
57 
26 
29 
29 
8 
64 
77 
61 
61 
21 
5 
40 
24 
7 
19 
26 
79 
96 
65 
34 
5 
33 
90 
154 
103 
47 
63 
42 
33 
58 
39 
4 
37 
64 
14 
111 
57 
18 
24 
24 
24 
0 
39 
63 
70 
58 
40 
73 
71 
72 
104 
104 
64 
11 
26 
47 
17 
8 
3 
29 
47 
54 
0 
36 
50 
63 
56 
13 
1 
61 
53 
40 
56 
0 
0 
39 
42 
34 
46 
45 
48 
11 
10 
20 
10 
12 
42 
52 
34 
39 
32 
53 
16 
111 
72 
21 
61 
85 
101 
53 
24 
8 
17 
0 
14 
39 
25 
13 
7 
6 
7 
24 
33 
90 
39 
23 
8 
104 
229 
221 
112 
17 
60 
42 
84 
18 
8 
15 
22 
21 
0 
25 
13 
15 
9 
21 
15 
9 
16 
47 
1 
50 
79 
39 
47 
111 
103 
47 
34 
38 
61 
32 
44 
82 
36 
2 
24 
9 
29 
39 
64 
64 
24 
15 
24 
57 
58 
42 
31 
47 
0 
45 
78 
117 
96 
79 
22 
31 
17 
2 
8 
6 
23 
89 
103 
24 
54 
93 
96 
12 
77 
128 
78 
7 
89 
111 
129 
122 
34 
6 
5 
87 
176 
173 
141 
77 
0 
57 
42 
8 
22 
0 
12 
21 
24 
49 
87 
128 
48 
55 
95 
88 
48 
32 
71 
63 
47 
7 
29 
9 
5 
13 
37 
64 
16 
56 
49 
42 
7 
31 
38 
37 
39 
62 
109 
35 
42 
104 
109 
93 
109 
29 
143 
265 
218 
90 
14 
18 
39 
40 
65 
82 
31 
7 
22 
29 
40 
55 
94 
56 
9 
47 
73 
42 
31 
47 
16 
40 
8 
7 
7 
25 
18 
8 
41 
82 
98 
74 
46 
2 
0 
48 
29 
46 
26 
90 
146 
46 
42 
103 
72 
37 
41 
74 
175 
151 
30 
95 
152 
133 
93 
45 
47 
136 
224 
208 
150 
27 
146 
92 
34 
11 
29 
3 
58 
111 
85 
117 
77 
15 
73 
183 
129 
114 
42 
21 
9 
37 
45 
40 
19 
37 
35 
18 
116 
170 
175 
87 
33 
98 
168 
165 
125 
77 
24 
24 
49 
39 
7 
7 
23 
15 
0 
32 
64 
47 
0 
40 
80 
79 
62 
53 
16 
6 
42 
55 
32 
47 
79 
66 
110 
61 
3 
82 
20 
53 
92 
69 
94 
11 
11 
1 
106 
92 
111 
40 
22 
13 
64 
72 
7 
14 
45 
47 
54 
77 
75 
37 
12 
71 
105 
122 
63 
15 
64 
96 
72 
7 
25 
34 
64 
126 
104 
62 
35 
53 
62 
35 
18 
65 
60 
31 
25 
3 
100 
149 
150 
86 
5 
126 
203 
172 
159 
125 
66 
98 
58 
98 
38 
45 
112 
103 
54 
8 
49 
84 
58 
7 
38 
80 
158 
100 
18 
65 
172 
295 
112 
0 
47 
33 
98 
152 
229 
157 
56 
17 
138 
103 
120 
165 
13 
111 
111 
105 
66 
18 
7 
0 
0 
39 
90 
54 
2 
16 
17 
34 
47 
16 
8 
8 
82 
166 
181 
91 
34 
100 
106 
84 
34 
15 
48 
13 
6 
2 
26 
26 
21 
85 
173 
117 
53 
15 
6 
34 
111 
56 
7 
15 
23 
56 
8 
56 
112 
192 
128 
20 
26 
20 
26 
44 
2 
16 
9 
2 
24 
14 
18 
16 
15 
9 
58 
16 
39 
94 
13 
48 
63 
46 
5 
24 
59 
85 
20 
79 
137 
183 
160 
31 
65 
50 
111 
127 
72 
31 
23 
7 
32 
8 
16 
25 
2 
5 
18 
18 
38 
29 
24 
7 
22 
5 
0 
22 
10 
0 
15 
30 
21 
21 
32 
31 
14 
21 
47 
30 
0 
6 
7 
88 
49 
26 
13 
29 
29 
25 
34 
18 
22 
85 
37 
16 
7 
6 
0 
64 
49 
50 
63 
87 
78 
2 
119 
161 
103 
4 
45 
32 
15 
1 
18 
7 
0 
65 
82 
71 
64 
56 
32 
71 
135 
32 
23 
48 
48 
39 
40 
32 
24 
15 
1 
26 
48 
41 
55 
88 
25 
10 
13 
18 
26 
2 
29 
13 
13 
10 
47 
32 
13 
18 
74 
22 
42 
39 
31 
24 
9 
7 
0 
6 
61 
32 
7 
6 
5 
8 
0 
6 
8 
1 
20 
58 
89 
175 
129 
95 
48 
8 
15 
32 
40 
48 
48 
31 
71 
2 
25 
29 
39 
40 
9 
58 
103 
96 
13 
77 
101 
15 
112 
184 
216 
139 
9 
114 
145 
108 
103 
65 
50 
31 
32 
39 
26 
6 
5 
26 
15 
24 
21 
2 
17 
2 
42 
74 
23 
24 
8 
16 
2 
6 
2 
7 
0 
7 
0 
8 
13 
29 
9 
29 
18 
55 
39 
63 
47 
2 
5 
13 
21 
13 
7 
8 
16 
113 
82 
50 
6 
26 
15 
8 
55 
6 
50 
47 
48 
48 
24 
7 
33 
58 
7 
80 
109 
57 
78 
53 
24 
8 
33 
39 
24 
21 
73 
13 
45 
17 
2 
21 
45 
7 
79 
96 
72 
0 
32 
39 
22 
37 
16 
16 
33 
42 
47 
23 
13 
29 
29 
29 
21 
5 
18 
7 
8 
5 
2 
17 
34 
34 
34 
5 
13 
23 
58 
82 
78 
69 
4 
114 
47 
56 
53 
26 
66 
66 
82 
42 
30 
13 
10 
39 
32 
8 
1 
45 
53 
24 
23 
34 
9 
74 
74 
66 
5 
65 
138 
114 
22 
37 
16 
24 
17 
34 
15 
8 
10 
1 
10 
7 
16 
56 
16 
23 
55 
54 
29 
48 
47 
38 
8 
32 
65 
63 
88 
64 
23 
48 
81 
90 
50 
45 
17 
45 
21 
13 
80 
112 
67 
10 
104 
49 
8 
71 
86 
21 
7 
9 
66 
39 
40 
42 
34 
14 
42 
50 
14 
66 
122 
87 
71 
39 
38 
13 
7 
1 
18 
36 
58 
24 
6 
15 
40 
13 
5 
2 
5 
13 
31 
79 
98 
102 
85 
47 
14 
87 
96 
64 
16 
8 
65 
50 
26 
31 
24 
10 
10 
7 
32 
30 
37 
24 
7 
9 
10 
7 
48 
104 
15 
33 
39 
16 
25 
45 
157 
117 
104 
39 
49 
39 
81 
106 
96 
2 
38 
77 
32 
32 
63 
110 
133 
32 
17 
19 
42 
111 
113 
2 
29 
77 
69 
5 
10 
5 
16 
7 
39 
0 
39 
63 
70 
77 
64 
55 
17 
23 
8 
41 
66 
18 
18 
13 
17 
10 
42 
30 
13 
10 
5 
24 
8 
0 
8 
16 
24 
15 
15 
46 
45 
40 
16 
57 
66 
2 
40 
56 
40 
7 
23 
47 
50 
26 
14 
5 
8 
8 
0 
38 
5 
24 
25 
2 
15 
24 
29 
2 
13 
2 
5 
8 
64 
93 
41 
5 
5 
9 
45 
61 
21 
48 
16 
16 
33 
50 
13 
37 
37 
40 
32 
40 
23 
22 
24 
11 
29 
19 
10 
8 
14 
16 
14 
13 
0 
16 
1 
2 
2 
0 
8 
39 
54 
29 
0 
38 
61 
11 
5 
4 
34 
95 
41 
42 
10 
37 
53 
65 
50 
10 
6 
26 
34 
7 
15 
38 
53 
72 
63 
62 
29 
8 
8 
24 
6 
13 
43 
45 
46 
12 
18 
28 
50 
48 
14 
13 
32 
31 
30 
61 
72 
38 
63 
65 
50 
16 
14 
53 
53 
24 
0 
1 
21 
0 
32 
1 
37 
5 
7 
56 
53 
26 
66 
18 
10 
58 
58 
54 
61 
24 
7 
6 
8 
52 
58 
16 
30 
45 
0 
22 
61 
80 
1 
15 
24 
41 
2 
29 
15 
32 
1 
37 
56 
35 
37 
32 
30 
5 
32 
9 
21 
8 
15 
18 
1 
34 
7 
15 
22 
37 
40 
47 
38 
21 
23 
30 
16 
52 
106 
47 
39 
55 
0 
32 
53 
61 
61 
61 
56 
55 
0 
17 
26 
18 
23 
7 
0 
32 
40 
23 
15 
16 
30 
45 
47 
38 
40 
6 
5 
32 
30 
37 
24 
12 
58 
79 
128 
21 
10 
34 
58 
58 
66 
54 
21 
2 
16 
24 
15 
0 
14 
53 
56 
86 
27 
58 
3 
26 
124 
58 
15 
8 
48 
56 
40 
5 
18 
6 
5 
26 
7 
55 
71 
55 
63 
30 
10 
23 
8 
6 
2 
16 
7 
6 
13 
16 
23 
22 
29 
8 
17 
2 
16 
7 
6 
21 
24 
7 
16 
8 
7 
7 
23 
26 
38 
29 
32 
30 
13 
0 
17 
5 
13 
32 
23 
14 
2 
8 
20 
42 
32 
40 
35 
21 
40 
27 
5 
8 
14 
5 
8 
16 
6 
5 
0 
24 
1 
13 
40 
40 
39 
30 
24 
0 
22 
13 
40 
1 
13 
63 
32 
16 
31 
63 
82 
86 
29 
72 
17 
13 
40 
47 
38 
21 
39 
64 
10 
22 
29 
0 
39 
7 
79 
102 
69 
24 
33 
42 
0 
23 
30 
29 
21 
16 
8 
17 
5 
31 
30 
56 
34 
16 
35 
41 
32 
5 
39 
52 
46 
55 
32 
33 
6 
34 
65 
57 
88 
72 
10 
1 
32 
41 
21 
1 
9 
17 
41 
57 
48 
23 
21 
6 
23 
10 
24 
35 
41 
4 
62 
79 
8 
7 
14 
54 
50 
57 
40 
23 
18 
9 
7 
18 
25 
0 
40 
45 
0 
32 
23 
34 
16 
12 
9 
32 
23 
5 
1 
16 
15 
10 
25 
24 
15 
10 
1 
0 
0 
13 
9 
9 
17 
32 
15 
2 
17 
40 
43 
57 
27 
25 
12 
46 
47 
72 
49 
26 
57 
73 
72 
48 
18 
17 
0 
16 
5 
9 
16 
15 
6 
18 
41 
24 
5 
17 
15 
26 
64 
50 
3 
14 
76 
62 
31 
24 
16 
23 
63 
63 
47 
34 
49 
33 
16 
3 
1 
0 
0 
10 
1 
15 
0 
18 
1 
15 
85 
54 
1 
25 
32 
72 
48 
56 
32 
0 
15 
30 
38 
34 
25 
6 
39 
24 
8 
25 
29 
17 
33 
41 
48 
47 
18 
17 
8 
8 
0 
0 
22 
2 
17 
9 
8 
15 
5 
6 
23 
1 
5 
6 
6 
6 
1 
13 
14 
30 
30 
38 
34 
41 
32 
23 
26 
16 
8 
13 
1 
24 
71 
63 
2 
14 
56 
37 
30 
23 
40 
33 
30 
98 
105 
57 
7 
48 
56 
40 
0 
64 
61 
46 
38 
26 
49 
49 
59 
25 
28 
54 
12 
49 
55 
65 
2 
9 
25 
49 
48 
64 
23 
26 
49 
0 
5 
8 
12 
14 
39 
8 
10 
25 
1 
17 
24 
0 
31 
0 
1 
17 
9 
17 
25 
17 
16 
32 
39 
39 
0 
29 
9 
25 
33 
16 
15 
26 
57 
32 
3 
6 
8 
5 
0 
8 
0 
26 
25 
32 
24 
39 
34 
48 
19 
9 
24 
53 
0 
23 
10 
23 
40 
17 
6 
9 
6 
38 
22 
41 
14 
66 
97 
24 
16 
37 
14 
17 
40 
24 
7 
23 
15 
9 
5 
17 
25 
32 
7 
2 
6 
23 
15 
34 
17 
40 
47 
31 
66 
57 
8 
37 
30 
8 
13 
1 
7 
7 
10 
33 
33 
8 
7 
17 
69 
58 
1 
46 
70 
54 
18 
25 
8 
13 
25 
48 
47 
5 
9 
49 
48 
40 
31 
29 
62 
31 
16 
1 
18 
49 
41 
16 
0 
17 
21 
33 
33 
16 
16 
32 
0 
1 
30 
37 
21 
12 
4 
5 
1 
0 
16 
16 
14 
69 
69 
44 
20 
53 
46 
47 
48 
16 
47 
80 
80 
80 
64 
31 
31 
30 
17 
10 
19 
4 
5 
1 
15 
0 
30 
12 
27 
26 
32 
15 
1 
5 
12 
4 
5 
30 
16 
47 
30 
21 
3 
27 
42 
33 
32 
65 
51 
20 
21 
21 
10 
10 
42 
58 
42 
43 
27 
42 
58 
33 
31 
33 
42 
10 
20 
4 
11 
4 
4 
5 
26 
5 
53 
69 
60 
75 
42 
17 
16 
17 
26 
3 
11 
10 
33 
47 
46 
60 
26 
48 
6 
36 
14 
1 
51 
26 
16 
1 
3 
11 
1 
0 
1 
60 
42 
49 
47 
60 
42 
31 
3 
17 
22 
43 
17 
25 
20 
46 
49 
19 
37 
15 
14 
76 
58 
64 
13 
26 
16 
2 
27 
32 
22 
43 
33 
9 
36 
63 
50 
5 
32 
70 
43 
16 
29 
21 
15 
18 
11 
0 
17 
19 
26 
16 
31 
18 
20 
5 
32 
46 
12 
10 
0 
1 
12 
4 
14 
0 
15 
14 
21 
28 
26 
33 
31 
29 
42 
48 
29 
26 
16 
2 
4 
15 
41 
20 
14 
0 
34 
36 
14 
31 
69 
76 
58 
16 
1 
12 
42 
16 
0 
2 
20 
1 
15 
49 
19 
43 
81 
80 
77 
27 
95 
65 
28 
26 
62 
64 
14 
5 
20 
3 
20 
27 
58 
81 
65 
31 
17 
3 
11 
21 
16 
15 
17 
2 
27 
42 
64 
30 
44 
42 
15 
2 
10 
0 
18 
20 
30 
47 
49 
10 
21 
44 
42 
49 
48 
14 
28 
27 
33 
31 
29 
43 
33 
0 
3 
21 
64 
2 
20 
30 
0 
14 
44 
43 
33 
15 
14 
28 
27 
17 
32 
15 
21 
12 
4 
1 
15 
14 
3 
37 
0 
14 
44 
26 
32 
31 
29 
11 
16 
1 
3 
5 
32 
46 
60 
74 
63 
29 
21 
64 
83 
62 
33 
35 
53 
78 
16 
63 
31 
0 
15 
63 
79 
63 
47 
30 
37 
44 
26 
1 
0 
1 
12 
5 
14 
0 
18 
11 
17 
15 
3 
42 
96 
78 
60 
5 
16 
50 
52 
46 
0 
1 
12 
27 
17 
15 
15 
37 
28 
27 
42 
16 
16 
26 
19 
20 
21 
30 
16 
48 
47 
30 
61 
59 
26 
15 
17 
19 
11 
17 
0 
16 
1 
5 
4 
4 
12 
27 
42 
49 
32 
30 
28 
1 
16 
18 
11 
33 
31 
5 
3 
5 
16 
15 
1 
12 
43 
17 
31 
16 
33 
49 
26 
5 
21 
37 
68 
92 
59 
1 
48 
33 
51 
20 
26 
49 
32 
31 
14 
21 
76 
75 
74 
64 
14 
67 
133 
47 
16 
10 
12 
5 
14 
31 
0 
15 
31 
63 
47 
32 
32 
33 
33 
32 
16 
15 
14 
12 
4 
14 
32 
26 
51 
4 
11 
27 
42 
42 
42 
42 
49 
32 
16 
14 
13 
11 
10 
0 
14 
19 
11 
1 
0 
15 
10 
3 
27 
33 
32 
0 
1 
5 
12 
43 
42 
42 
17 
15 
33 
26 
19 
21 
17 
16 
47 
30 
45 
43 
17 
15 
37 
3 
37 
16 
31 
30 
21 
3 
21 
78 
95 
16 
79 
95 
95 
94 
76 
59 
48 
17 
19 
62 
112 
74 
67 
36 
10 
74 
81 
65 
48 
47 
14 
5 
3 
20 
21 
5 
26 
65 
65 
0 
15 
14 
2 
52 
69 
15 
15 
14 
14 
21 
36 
36 
44 
11 
27 
26 
5 
1 
17 
32 
48 
47 
2 
4 
5 
31 
16 
1 
21 
12 
11 
11 
10 
1 
17 
16 
32 
48 
47 
30 
13 
27 
26 
0 
16 
1 
21 
28 
11 
5 
1 
0 
15 
17 
5 
44 
43 
49 
32 
30 
2 
27 
17 
32 
5 
3 
21 
16 
31 
29 
27 
1 
33 
51 
37 
1 
48 
0 
1 
14 
30 
30 
14 
33 
17 
14 
30 
1 
1 
21 
21 
36 
12 
11 
27 
43 
26 
17 
16 
15 
14 
19 
11 
33 
31 
29 
27 
17 
15 
2 
5 
14 
0 
5 
3 
5 
14 
0 
0 
15 
30 
21 
12 
11 
17 
0 
0 
0 
33 
14 
37 
21 
21 
28 
75 
74 
32 
17 
35 
53 
15 
17 
35 
11 
58 
65 
49 
16 
15 
21 
35 
68 
53 
17 
49 
64 
31 
30 
21 
12 
11 
10 
17 
0 
15 
14 
13 
11 
26 
16 
14 
28 
26 
32 
14 
28 
17 
15 
18 
36 
94 
64 
33 
10 
12 
43 
42 
42 
81 
80 
63 
21 
3 
10 
16 
16 
42 
35 
20 
37 
14 
1 
16 
48 
48 
64 
31 
15 
14 
21 
28 
11 
37 
14 
0 
0 
17 
5 
3 
75 
90 
81 
31 
2 
11 
14 
32 
34 
36 
21 
1 
16 
31 
15 
14 
21 
60 
75 
42 
32 
14 
3 
53 
79 
49 
10 
12 
43 
59 
58 
65 
48 
31 
2 
4 
30 
32 
66 
36 
21 
1 
16 
0 
32 
64 
80 
64 
16 
17 
5 
11 
19 
36 
37 
10 
42 
26 
26 
42 
59 
74 
58 
33 
15 
32 
42 
35 
11 
42 
49 
0 
32 
1 
37 
37 
20 
12 
11 
42 
58 
65 
31 
14 
12 
5 
15 
34 
20 
14 
31 
16 
17 
1 
69 
69 
37 
12 
27 
21 
14 
15 
32 
14 
37 
44 
59 
26 
33 
15 
14 
21 
19 
20 
21 
10 
17 
17 
0 
15 
14 
12 
4 
14 
15 
31 
30 
21 
12 
4 
21 
5 
1 
14 
0 
16 
48 
80 
79 
63 
46 
13 
4 
21 
30 
31 
32 
16 
1 
5 
21 
12 
11 
42 
65 
47 
30 
21 
28 
27 
21 
14 
16 
17 
5 
2 
11 
58 
49 
32 
1 
3 
27 
33 
48 
46 
29 
11 
30 
63 
81 
42 
19 
27 
43 
58 
81 
48 
15 
5 
3 
5 
1 
0 
0 
1 
10 
11 
19 
4 
27 
42 
42 
49 
64 
79 
69 
44 
26 
48 
6 
20 
46 
48 
67 
84 
110 
79 
0 
32 
80 
80 
80 
64 
32 
16 
0 
47 
47 
30 
1 
34 
36 
21 
17 
48 
47 
30 
28 
26 
32 
31 
18 
20 
37 
30 
31 
16 
17 
5 
37 
53 
52 
60 
43 
26 
33 
16 
0 
16 
1 
5 
11 
3 
11 
42 
49 
48 
15 
2 
27 
17 
0 
1 
12 
43 
42 
16 
32 
82 
100 
101 
37 
37 
5 
83 
100 
84 
68 
52 
36 
20 
20 
44 
91 
74 
49 
0 
49 
67 
69 
63 
49 
10 
12 
59 
58 
65 
65 
48 
47 
46 
13 
11 
58 
96 
45 
11 
48 
67 
79 
98 
84 
62 
47 
31 
0 
17 
82 
84 
101 
78 
79 
63 
31 
14 
18 
20 
30 
0 
30 
28 
27 
1 
16 
33 
35 
52 
69 
46 
1 
49 
129 
128 
64 
17 
58 
59 
35 
28 
11 
20 
101 
85 
69 
76 
43 
5 
31 
64 
42 
35 
21 
21 
1 
17 
33 
17 
17 
33 
49 
16 
0 
0 
0 
31 
30 
46 
53 
44 
43 
17 
0 
16 
1 
37 
60 
43 
17 
16 
18 
11 
1 
14 
19 
53 
63 
96 
81 
17 
31 
49 
66 
68 
85 
78 
79 
63 
31 
46 
45 
27 
14 
63 
60 
26 
48 
147 
181 
143 
111 
47 
33 
82 
68 
85 
63 
64 
42 
35 
4 
21 
14 
48 
33 
26 
27 
75 
75 
59 
5 
31 
33 
34 
4 
21 
0 
0 
15 
30 
21 
21 
5 
11 
4 
20 
52 
44 
27 
10 
33 
16 
33 
26 
26 
11 
76 
59 
4 
21 
30 
30 
1 
65 
97 
80 
48 
14 
26 
51 
36 
21 
33 
49 
33 
33 
16 
0 
16 
17 
26 
4 
28 
59 
58 
65 
64 
79 
78 
108 
218 
119 
5 
98 
207 
243 
239 
186 
91 
11 
20 
53 
63 
89 
84 
78 
65 
51 
46 
80 
97 
90 
42 
26 
14 
32 
18 
11 
1 
0 
3 
42 
49 
31 
3 
5 
47 
97 
75 
19 
4 
19 
20 
4 
11 
21 
30 
47 
33 
26 
35 
37 
30 
15 
15 
16 
32 
32 
47 
30 
13 
27 
17 
16 
10 
12 
74 
193 
95 
12 
79 
114 
85 
32 
34 
4 
5 
32 
31 
46 
53 
44 
75 
42 
17 
15 
13 
11 
0 
25 
52 
46 
48 
34 
4 
10 
17 
16 
64 
31 
31 
15 
15 
14 
14 
1 
33 
33 
10 
10 
5 
21 
5 
5 
5 
11 
11 
11 
11 
5 
5 
21 
1 
0 
16 
96 
113 
81 
65 
32 
32 
81 
42 
42 
4 
52 
52 
12 
4 
21 
21 
14 
14 
1 
33 
65 
49 
33 
17 
17 
17 
5 
10 
26 
26 
58 
122 
113 
32 
25 
84 
94 
48 
26 
3 
27 
58 
58 
113 
112 
79 
2 
36 
30 
48 
50 
52 
46 
47 
16 
0 
14 
47 
47 
32 
16 
15 
14 
17 
17 
42 
74 
65 
49 
47 
14 
61 
43 
17 
0 
2 
11 
14 
33 
19 
21 
15 
33 
3 
42 
48 
79 
61 
11 
46 
48 
1 
14 
21 
3 
20 
53 
69 
30 
5 
26 
26 
42 
27 
