31 
39 
63 
111 
118 
76 
21 
20 
91 
90 
68 
58 
16 
9 
15 
24 
16 
53 
80 
12 
82 
80 
81 
79 
48 
41 
42 
39 
15 
0 
16 
23 
23 
22 
21 
8 
4 
13 
59 
37 
12 
15 
30 
24 
22 
0 
9 
16 
38 
80 
94 
84 
33 
5 
33 
49 
81 
89 
83 
10 
48 
75 
45 
16 
7 
9 
34 
39 
0 
7 
42 
54 
45 
48 
0 
17 
26 
48 
40 
40 
39 
14 
5 
0 
22 
21 
20 
50 
39 
25 
50 
39 
32 
15 
24 
64 
69 
33 
2 
18 
37 
32 
7 
16 
16 
24 
48 
32 
40 
32 
45 
61 
64 
40 
15 
1 
0 
12 
10 
0 
22 
48 
86 
67 
44 
5 
33 
52 
50 
36 
26 
0 
15 
14 
18 
8 
39 
66 
86 
96 
75 
37 
4 
31 
57 
31 
36 
2 
0 
14 
136 
102 
4 
2 
41 
84 
50 
44 
26 
31 
16 
7 
7 
8 
17 
42 
63 
120 
128 
143 
134 
52 
9 
42 
65 
57 
57 
76 
90 
52 
10 
0 
32 
2 
13 
34 
74 
82 
70 
45 
32 
0 
16 
25 
18 
13 
53 
53 
32 
55 
38 
77 
59 
13 
1 
28 
51 
39 
22 
35 
45 
14 
19 
26 
40 
9 
16 
27 
53 
51 
53 
59 
61 
70 
19 
36 
51 
42 
33 
11 
10 
12 
13 
43 
61 
35 
32 
14 
4 
3 
37 
30 
3 
2 
9 
31 
1 
8 
38 
80 
142 
99 
12 
91 
140 
83 
74 
60 
34 
63 
64 
48 
4 
42 
55 
57 
63 
73 
106 
191 
299 
245 
62 
101 
270 
291 
186 
108 
18 
21 
40 
48 
16 
24 
32 
45 
69 
109 
117 
56 
0 
17 
23 
56 
61 
37 
2 
26 
42 
62 
77 
69 
56 
6 
10 
20 
21 
67 
68 
77 
78 
51 
3 
28 
28 
52 
43 
19 
50 
57 
52 
26 
11 
13 
40 
79 
110 
269 
260 
41 
94 
218 
185 
196 
154 
79 
24 
31 
34 
42 
55 
39 
24 
33 
42 
16 
33 
50 
23 
8 
13 
49 
54 
21 
32 
7 
9 
23 
16 
17 
18 
18 
7 
15 
7 
40 
29 
21 
13 
13 
37 
93 
112 
87 
46 
8 
51 
101 
19 
18 
25 
11 
27 
66 
97 
119 
97 
47 
16 
15 
55 
111 
71 
31 
23 
8 
21 
25 
5 
26 
58 
130 
150 
68 
13 
73 
180 
175 
168 
109 
40 
36 
218 
296 
205 
72 
60 
90 
64 
25 
18 
24 
14 
2 
23 
47 
15 
21 
85 
141 
88 
19 
18 
25 
67 
130 
136 
81 
26 
29 
2 
34 
15 
8 
32 
24 
15 
7 
13 
33 
42 
98 
118 
53 
7 
6 
8 
9 
18 
16 
37 
1 
29 
21 
16 
56 
71 
102 
72 
17 
75 
50 
36 
26 
47 
24 
32 
24 
0 
25 
26 
39 
73 
122 
111 
90 
1 
16 
134 
156 
105 
30 
150 
170 
9 
3 
15 
73 
31 
54 
61 
8 
73 
162 
159 
110 
53 
30 
100 
148 
156 
76 
59 
66 
41 
39 
40 
17 
5 
17 
50 
74 
55 
79 
46 
29 
20 
66 
100 
98 
84 
66 
64 
25 
42 
82 
150 
149 
99 
44 
28 
12 
20 
148 
172 
180 
130 
15 
71 
114 
78 
26 
55 
80 
40 
24 
33 
10 
4 
34 
44 
34 
28 
34 
20 
2 
39 
81 
106 
110 
149 
84 
10 
92 
67 
13 
46 
35 
20 
26 
57 
156 
186 
127 
55 
33 
90 
79 
49 
50 
68 
74 
87 
65 
18 
0 
24 
64 
8 
23 
23 
16 
1 
5 
40 
51 
133 
155 
85 
1 
30 
35 
11 
59 
75 
90 
73 
84 
42 
47 
78 
104 
118 
67 
21 
1 
15 
65 
87 
104 
101 
45 
21 
16 
0 
1 
58 
96 
121 
98 
66 
14 
21 
29 
2 
7 
31 
48 
57 
34 
5 
56 
56 
39 
54 
64 
43 
5 
39 
30 
48 
38 
40 
17 
87 
132 
106 
79 
23 
24 
53 
57 
50 
42 
23 
40 
72 
49 
18 
10 
42 
62 
93 
32 
17 
20 
29 
22 
44 
2 
46 
59 
29 
1 
36 
74 
100 
90 
111 
63 
14 
34 
48 
65 
63 
80 
33 
34 
0 
7 
25 
26 
31 
40 
29 
45 
37 
29 
16 
39 
78 
32 
9 
43 
58 
68 
34 
23 
24 
31 
23 
0 
21 
21 
23 
63 
79 
79 
70 
85 
31 
1 
47 
49 
42 
55 
55 
40 
0 
8 
64 
96 
80 
80 
43 
45 
56 
62 
56 
17 
52 
58 
60 
42 
32 
25 
26 
15 
16 
0 
7 
55 
80 
128 
224 
179 
117 
35 
51 
99 
126 
162 
164 
130 
104 
72 
7 
64 
89 
127 
112 
73 
42 
47 
64 
85 
101 
21 
56 
105 
95 
48 
1 
21 
32 
7 
6 
2 
16 
48 
61 
77 
77 
53 
16 
15 
14 
29 
31 
30 
20 
21 
35 
28 
33 
29 
30 
30 
38 
22 
34 
33 
36 
27 
34 
41 
55 
73 
47 
22 
53 
99 
117 
130 
121 
84 
26 
0 
23 
50 
106 
122 
142 
104 
19 
7 
14 
59 
68 
17 
6 
70 
86 
34 
9 
6 
43 
36 
36 
12 
6 
1 
21 
54 
62 
27 
12 
36 
67 
74 
68 
50 
15 
70 
88 
83 
64 
22 
19 
4 
5 
6 
11 
27 
50 
12 
45 
51 
61 
22 
27 
42 
17 
3 
37 
38 
19 
5 
22 
11 
10 
11 
16 
46 
24 
9 
76 
74 
76 
34 
16 
14 
61 
72 
72 
47 
54 
77 
40 
20 
34 
23 
14 
29 
51 
72 
46 
30 
11 
19 
4 
28 
35 
19 
5 
27 
32 
14 
44 
42 
44 
26 
15 
22 
24 
47 
22 
7 
16 
22 
61 
80 
7 
1 
18 
15 
46 
40 
1 
12 
18 
9 
16 
46 
27 
5 
8 
17 
23 
8 
6 
37 
72 
107 
45 
3 
19 
34 
41 
68 
66 
48 
33 
13 
2 
14 
2 
8 
16 
9 
82 
159 
192 
163 
101 
35 
44 
91 
123 
114 
84 
58 
15 
7 
31 
31 
58 
58 
70 
69 
88 
118 
100 
101 
22 
25 
89 
129 
148 
138 
120 
37 
13 
18 
39 
96 
128 
141 
125 
88 
19 
2 
15 
17 
5 
24 
14 
10 
20 
10 
36 
77 
78 
84 
68 
9 
54 
90 
81 
44 
34 
8 
47 
38 
29 
16 
20 
10 
7 
23 
0 
6 
37 
69 
40 
39 
14 
2 
55 
56 
24 
18 
58 
62 
61 
37 
39 
54 
64 
38 
0 
49 
63 
73 
47 
7 
7 
26 
62 
37 
72 
115 
117 
86 
27 
27 
83 
98 
81 
87 
85 
1 
33 
50 
82 
50 
46 
21 
21 
56 
63 
70 
40 
14 
39 
49 
55 
57 
34 
10 
24 
48 
79 
70 
109 
80 
46 
4 
26 
1 
19 
76 
77 
17 
41 
44 
55 
89 
116 
114 
88 
95 
102 
93 
79 
94 
115 
109 
41 
36 
43 
26 
9 
28 
51 
58 
52 
2 
30 
40 
46 
56 
126 
123 
108 
45 
25 
41 
60 
108 
106 
73 
39 
12 
21 
71 
110 
140 
125 
51 
11 
71 
57 
60 
50 
20 
2 
24 
46 
69 
75 
85 
78 
52 
44 
14 
19 
38 
54 
18 
17 
12 
3 
2 
3 
8 
14 
35 
37 
38 
43 
68 
33 
6 
122 
65 
55 
25 
31 
32 
0 
39 
18 
6 
5 
13 
48 
80 
79 
78 
77 
59 
53 
68 
82 
28 
29 
43 
53 
6 
28 
35 
2 
20 
19 
13 
4 
2 
20 
26 
31 
31 
7 
8 
9 
18 
106 
106 
102 
125 
96 
54 
27 
20 
91 
91 
42 
20 
34 
44 
26 
0 
23 
46 
32 
31 
22 
2 
0 
30 
29 
16 
31 
22 
13 
15 
0 
1 
5 
16 
27 
61 
104 
150 
107 
12 
107 
99 
42 
17 
7 
9 
8 
3 
10 
7 
14 
37 
32 
16 
33 
95 
8 
71 
79 
127 
103 
46 
13 
8 
33 
55 
65 
34 
32 
9 
8 
43 
77 
80 
30 
2 
7 
22 
8 
24 
65 
66 
42 
6 
26 
50 
70 
85 
69 
40 
54 
21 
20 
26 
7 
30 
21 
19 
10 
44 
18 
0 
14 
24 
54 
48 
54 
16 
6 
29 
43 
101 
80 
62 
19 
51 
98 
89 
76 
114 
76 
2 
24 
55 
39 
2 
10 
34 
66 
95 
103 
102 
93 
19 
34 
52 
39 
81 
84 
34 
8 
30 
5 
47 
55 
31 
1 
34 
31 
56 
64 
64 
80 
120 
110 
64 
41 
140 
90 
40 
6 
37 
24 
8 
7 
16 
7 
71 
79 
115 
93 
51 
29 
1 
36 
58 
9 
31 
73 
114 
71 
24 
0 
24 
56 
65 
82 
74 
34 
22 
37 
45 
24 
15 
24 
7 
30 
29 
21 
64 
70 
56 
14 
12 
14 
2 
54 
4 
59 
90 
81 
18 
23 
31 
18 
10 
10 
34 
42 
46 
45 
53 
72 
83 
29 
12 
34 
68 
98 
111 
88 
72 
24 
24 
49 
82 
90 
63 
31 
39 
23 
23 
23 
15 
15 
23 
79 
62 
69 
32 
14 
24 
17 
76 
106 
57 
23 
16 
1 
2 
21 
53 
57 
34 
2 
0 
23 
15 
39 
63 
55 
54 
64 
59 
69 
51 
19 
90 
84 
26 
0 
38 
8 
28 
10 
80 
115 
109 
22 
140 
194 
128 
77 
24 
16 
41 
63 
68 
58 
15 
20 
42 
63 
71 
87 
63 
46 
24 
8 
41 
71 
80 
80 
61 
21 
23 
48 
72 
61 
61 
45 
40 
39 
38 
21 
0 
8 
1 
5 
16 
40 
63 
30 
0 
4 
5 
59 
45 
9 
20 
69 
102 
12 
39 
65 
127 
65 
82 
55 
15 
41 
66 
74 
71 
15 
8 
24 
29 
41 
18 
13 
2 
39 
39 
23 
7 
34 
54 
77 
27 
2 
41 
71 
89 
79 
48 
24 
0 
49 
82 
79 
72 
32 
29 
45 
61 
88 
72 
70 
32 
1 
52 
74 
31 
6 
2 
16 
65 
18 
56 
71 
46 
16 
20 
34 
40 
33 
18 
10 
1 
34 
55 
87 
72 
53 
45 
24 
7 
24 
30 
40 
43 
10 
33 
31 
52 
34 
10 
88 
120 
64 
1 
10 
24 
19 
13 
15 
49 
66 
32 
5 
26 
78 
85 
13 
23 
23 
7 
15 
15 
26 
70 
61 
32 
23 
6 
56 
78 
8 
57 
79 
44 
10 
15 
40 
40 
29 
13 
39 
95 
111 
126 
77 
40 
1 
39 
40 
41 
18 
0 
31 
30 
37 
64 
62 
72 
54 
12 
47 
57 
44 
50 
64 
69 
21 
18 
26 
50 
15 
56 
72 
56 
63 
35 
29 
0 
25 
47 
24 
6 
21 
13 
16 
40 
31 
46 
85 
83 
53 
12 
67 
74 
49 
55 
36 
10 
2 
0 
0 
8 
21 
57 
50 
47 
95 
99 
109 
44 
10 
44 
63 
65 
47 
33 
2 
16 
8 
0 
23 
39 
58 
86 
101 
88 
46 
11 
59 
98 
75 
61 
62 
59 
51 
44 
44 
43 
20 
25 
29 
22 
22 
26 
17 
17 
19 
12 
5 
11 
20 
29 
38 
36 
85 
86 
86 
82 
65 
60 
42 
23 
86 
80 
70 
51 
27 
12 
12 
4 
36 
41 
61 
82 
105 
57 
35 
10 
11 
61 
70 
91 
59 
35 
19 
10 
9 
3 
45 
94 
116 
121 
105 
68 
59 
26 
19 
37 
43 
28 
13 
12 
0 
6 
19 
12 
2 
3 
44 
52 
1 
6 
4 
3 
29 
70 
68 
61 
22 
19 
11 
28 
19 
51 
51 
12 
12 
11 
12 
12 
20 
29 
22 
3 
18 
4 
16 
38 
27 
21 
30 
35 
35 
44 
44 
36 
44 
28 
12 
36 
49 
57 
52 
44 
51 
34 
3 
37 
59 
101 
166 
156 
116 
28 
28 
28 
69 
94 
99 
124 
108 
55 
41 
8 
38 
48 
55 
70 
88 
91 
69 
51 
21 
20 
47 
65 
88 
49 
0 
38 
101 
131 
132 
81 
57 
25 
30 
107 
156 
131 
90 
68 
2 
40 
56 
63 
71 
50 
46 
53 
64 
70 
48 
14 
15 
9 
20 
10 
38 
28 
13 
33 
4 
36 
60 
1 
62 
82 
97 
55 
1 
21 
56 
64 
48 
47 
63 
66 
54 
16 
11 
45 
43 
52 
13 
6 
6 
9 
44 
59 
18 
1 
28 
58 
100 
74 
47 
23 
58 
134 
173 
144 
86 
43 
2 
49 
71 
73 
66 
71 
40 
8 
10 
34 
42 
38 
61 
61 
48 
30 
37 
55 
94 
64 
25 
68 
31 
22 
19 
10 
33 
28 
18 
17 
23 
17 
15 
16 
26 
74 
74 
42 
30 
5 
26 
7 
7 
8 
13 
1 
2 
10 
7 
23 
8 
0 
0 
0 
15 
31 
31 
48 
48 
40 
29 
29 
21 
21 
45 
21 
40 
48 
40 
15 
33 
42 
23 
8 
49 
42 
10 
32 
80 
71 
55 
30 
26 
47 
24 
15 
24 
40 
40 
40 
40 
40 
39 
30 
37 
32 
30 
19 
29 
30 
20 
9 
50 
17 
3 
12 
28 
25 
29 
30 
46 
35 
28 
17 
2 
41 
79 
25 
40 
43 
37 
4 
13 
27 
18 
28 
15 
6 
36 
77 
75 
44 
5 
17 
43 
42 
36 
26 
31 
16 
1 
37 
56 
79 
70 
88 
78 
59 
44 
19 
51 
66 
17 
67 
92 
61 
30 
1 
38 
34 
54 
78 
83 
91 
66 
33 
15 
8 
10 
26 
10 
50 
42 
47 
119 
123 
149 
51 
3 
70 
94 
82 
89 
108 
42 
24 
14 
69 
53 
48 
39 
34 
38 
45 
63 
54 
64 
54 
19 
16 
6 
28 
55 
65 
44 
2 
32 
38 
24 
70 
92 
77 
54 
27 
35 
20 
75 
106 
113 
98 
63 
24 
80 
192 
160 
79 
38 
11 
2 
6 
27 
42 
49 
68 
58 
56 
41 
10 
34 
14 
50 
103 
143 
135 
78 
37 
56 
30 
0 
49 
55 
25 
15 
25 
26 
24 
9 
13 
32 
23 
30 
37 
55 
46 
32 
4 
5 
8 
25 
18 
23 
24 
2 
38 
45 
64 
72 
46 
29 
11 
13 
11 
5 
20 
26 
8 
22 
8 
52 
26 
15 
33 
2 
48 
119 
158 
80 
65 
55 
49 
31 
7 
22 
5 
26 
47 
39 
15 
8 
15 
8 
0 
15 
55 
104 
112 
55 
47 
6 
50 
95 
80 
48 
24 
39 
95 
88 
71 
38 
21 
24 
31 
22 
5 
0 
0 
6 
5 
23 
48 
29 
22 
93 
88 
35 
13 
19 
21 
12 
50 
56 
25 
5 
24 
47 
63 
62 
45 
32 
1 
39 
41 
31 
4 
29 
0 
32 
17 
5 
93 
61 
32 
8 
29 
49 
50 
58 
30 
5 
26 
23 
7 
25 
50 
47 
17 
13 
16 
6 
2 
23 
41 
50 
55 
95 
87 
87 
86 
76 
69 
70 
67 
4 
9 
17 
13 
22 
26 
41 
33 
36 
10 
6 
2 
0 
6 
2 
0 
0 
16 
21 
29 
37 
10 
42 
47 
55 
34 
14 
21 
7 
23 
23 
78 
77 
32 
22 
2 
52 
66 
128 
113 
42 
45 
77 
109 
85 
80 
55 
58 
30 
10 
7 
23 
78 
64 
4 
31 
25 
12 
2 
25 
43 
34 
20 
18 
0 
23 
42 
58 
10 
54 
45 
5 
15 
32 
17 
21 
40 
47 
46 
21 
16 
11 
13 
32 
31 
30 
13 
0 
17 
31 
41 
31 
9 
61 
115 
117 
54 
44 
66 
81 
98 
79 
56 
15 
48 
49 
122 
186 
150 
85 
36 
2 
44 
87 
129 
119 
72 
29 
31 
63 
63 
47 
39 
31 
71 
95 
54 
23 
44 
34 
7 
14 
8 
7 
0 
1 
2 
7 
8 
7 
26 
46 
45 
0 
8 
14 
61 
80 
23 
37 
65 
58 
10 
37 
53 
45 
56 
55 
46 
5 
20 
5 
4 
5 
36 
5 
24 
27 
29 
8 
24 
17 
53 
24 
24 
17 
18 
8 
0 
9 
2 
56 
71 
39 
5 
13 
25 
10 
10 
5 
37 
96 
88 
70 
16 
49 
55 
65 
66 
47 
16 
64 
72 
64 
56 
40 
15 
6 
10 
8 
7 
30 
80 
83 
45 
4 
26 
20 
42 
100 
82 
63 
39 
16 
64 
55 
47 
50 
38 
29 
21 
24 
24 
15 
7 
17 
29 
101 
144 
166 
44 
19 
83 
99 
75 
98 
121 
127 
104 
48 
32 
89 
111 
176 
121 
46 
26 
18 
18 
7 
23 
24 
8 
8 
16 
8 
8 
41 
58 
39 
16 
16 
21 
45 
77 
88 
70 
40 
9 
36 
18 
1 
0 
20 
10 
0 
15 
6 
5 
32 
55 
70 
64 
54 
27 
10 
12 
10 
8 
33 
34 
31 
32 
26 
54 
53 
61 
64 
14 
26 
28 
18 
7 
3 
45 
56 
7 
6 
18 
15 
24 
45 
37 
13 
2 
1 
53 
93 
117 
93 
40 
24 
57 
58 
18 
21 
24 
8 
7 
40 
8 
18 
62 
69 
48 
15 
17 
34 
7 
7 
31 
42 
58 
46 
45 
37 
55 
78 
20 
42 
89 
68 
18 
23 
46 
32 
31 
38 
0 
32 
17 
0 
23 
14 
5 
39 
70 
72 
62 
48 
38 
4 
21 
20 
71 
137 
119 
64 
32 
26 
42 
58 
18 
13 
2 
10 
15 
31 
40 
89 
82 
58 
2 
25 
18 
29 
72 
43 
21 
19 
40 
38 
4 
51 
42 
40 
25 
24 
15 
1 
2 
0 
23 
26 
14 
29 
37 
48 
23 
38 
13 
23 
32 
25 
42 
39 
32 
24 
0 
32 
48 
64 
88 
64 
31 
30 
13 
39 
22 
29 
56 
46 
2 
52 
2 
43 
61 
14 
91 
58 
36 
18 
23 
62 
45 
23 
9 
50 
15 
15 
0 
56 
56 
0 
63 
64 
72 
72 
63 
30 
26 
55 
39 
8 
8 
0 
7 
8 
16 
40 
88 
120 
95 
70 
3 
58 
60 
26 
12 
2 
0 
28 
2 
5 
40 
47 
38 
29 
24 
38 
48 
14 
7 
9 
2 
24 
14 
7 
24 
24 
9 
37 
37 
8 
0 
22 
53 
48 
39 
54 
45 
7 
33 
66 
55 
15 
48 
79 
71 
22 
55 
49 
15 
11 
85 
104 
86 
59 
34 
84 
74 
72 
40 
21 
29 
18 
119 
178 
142 
88 
1 
44 
50 
65 
87 
72 
61 
45 
13 
8 
0 
49 
58 
71 
80 
64 
64 
79 
67 
45 
16 
22 
64 
70 
12 
50 
57 
76 
82 
65 
34 
8 
47 
54 
13 
0 
56 
127 
166 
109 
19 
42 
65 
115 
146 
167 
112 
13 
74 
127 
111 
95 
82 
18 
25 
10 
21 
37 
2 
5 
5 
13 
16 
0 
8 
6 
13 
16 
7 
8 
13 
29 
13 
2 
2 
53 
53 
5 
7 
40 
57 
42 
66 
63 
47 
32 
24 
16 
10 
38 
37 
16 
24 
69 
53 
45 
13 
16 
14 
5 
7 
6 
15 
24 
2 
14 
13 
25 
10 
26 
26 
58 
38 
5 
50 
47 
16 
9 
10 
7 
7 
8 
21 
25 
18 
16 
23 
22 
0 
20 
42 
55 
64 
104 
125 
112 
71 
25 
87 
96 
73 
26 
18 
9 
50 
78 
45 
32 
31 
62 
77 
20 
58 
47 
0 
34 
46 
141 
77 
16 
145 
95 
0 
30 
53 
16 
33 
26 
47 
71 
67 
13 
44 
66 
49 
51 
26 
25 
23 
73 
122 
126 
125 
108 
57 
9 
118 
154 
113 
71 
81 
66 
29 
65 
58 
10 
39 
40 
24 
0 
23 
29 
89 
58 
7 
24 
0 
15 
39 
40 
8 
23 
30 
85 
101 
47 
6 
47 
64 
41 
1 
5 
21 
24 
15 
0 
1 
10 
79 
127 
127 
103 
62 
8 
24 
41 
7 
32 
85 
133 
93 
13 
7 
36 
42 
55 
88 
137 
254 
269 
172 
60 
107 
244 
284 
255 
137 
46 
10 
47 
97 
135 
177 
143 
40 
50 
30 
29 
2 
26 
34 
34 
17 
58 
31 
15 
0 
8 
0 
39 
47 
5 
22 
53 
53 
21 
15 
18 
14 
13 
16 
22 
11 
26 
36 
74 
72 
72 
56 
59 
85 
83 
60 
13 
9 
4 
3 
51 
90 
100 
103 
104 
69 
29 
23 
72 
129 
146 
175 
199 
118 
61 
27 
19 
114 
236 
234 
159 
15 
160 
269 
216 
54 
156 
202 
104 
21 
29 
0 
71 
128 
157 
133 
64 
8 
39 
30 
26 
47 
40 
46 
149 
155 
140 
9 
123 
211 
203 
175 
105 
8 
47 
7 
13 
10 
50 
47 
136 
185 
98 
37 
165 
157 
107 
37 
49 
185 
160 
73 
42 
30 
29 
15 
14 
10 
16 
14 
32 
1 
8 
12 
10 
16 
9 
10 
0 
47 
39 
42 
30 
21 
15 
24 
30 
37 
8 
40 
77 
53 
21 
29 
24 
89 
170 
223 
254 
340 
367 
149 
135 
368 
501 
451 
311 
184 
100 
29 
65 
137 
153 
157 
206 
202 
137 
47 
37 
169 
198 
93 
14 
84 
97 
133 
158 
114 
57 
83 
276 
313 
132 
0 
190 
219 
215 
165 
112 
118 
46 
97 
156 
71 
8 
109 
157 
160 
94 
164 
105 
14 
35 
3 
36 
4 
27 
75 
138 
201 
186 
158 
117 
51 
18 
76 
135 
169 
234 
303 
239 
94 
20 
46 
82 
105 
89 
60 
60 
0 
70 
28 
31 
65 
78 
29 
32 
65 
186 
118 
53 
23 
30 
35 
37 
19 
40 
126 
139 
19 
10 
78 
155 
167 
153 
103 
8 
80 
37 
30 
29 
79 
399 
427 
305 
132 
157 
392 
462 
378 
261 
181 
52 
18 
169 
260 
243 
162 
113 
55 
6 
21 
8 
8 
15 
7 
0 
145 
74 
10 
69 
69 
24 
0 
31 
68 
66 
60 
50 
23 
55 
191 
208 
93 
1 
40 
99 
109 
19 
67 
162 
136 
229 
240 
142 
3 
125 
219 
252 
164 
66 
39 
111 
254 
157 
52 
130 
207 
119 
55 
102 
92 
45 
81 
161 
204 
207 
65 
69 
48 
3 
18 
0 
48 
65 
58 
46 
53 
72 
23 
9 
34 
40 
24 
11 
66 
212 
226 
190 
29 
265 
343 
323 
221 
182 
90 
36 
133 
179 
180 
203 
186 
39 
47 
62 
77 
110 
115 
135 
153 
375 
315 
292 
280 
253 
235 
231 
221 
135 
145 
163 
147 
130 
113 
172 
127 
96 
141 
152 
134 
139 
98 
79 
179 
276 
138 
7 
0 
32 
125 
177 
142 
157 
200 
150 
75 
149 
134 
131 
117 
78 
35 
36 
37 
30 
19 
43 
43 
22 
5 
22 
3 
214 
162 
145 
115 
66 
44 
26 
16 
6 
5 
26 
50 
50 
38 
29 
56 
46 
56 
166 
13 
30 
99 
165 
238 
154 
33 
18 
79 
0 
289 
354 
310 
245 
146 
38 
92 
141 
203 
196 
124 
63 
9 
64 
143 
191 
78 
39 
41 
0 
25 
39 
49 
69 
152 
103 
25 
31 
4 
34 
65 
25 
3 
56 
174 
187 
116 
4 
4 
51 
135 
81 
13 
37 
16 
96 
25 
85 
88 
147 
188 
100 
83 
5 
47 
93 
10 
198 
261 
228 
193 
129 
7 
35 
45 
80 
94 
51 
43 
91 
171 
218 
237 
221 
104 
25 
116 
236 
351 
341 
221 
139 
18 
142 
195 
180 
165 
146 
137 
8 
131 
69 
11 
23 
86 
3 
59 
43 
75 
12 
11 
36 
11 
19 
5 
6 
67 
138 
121 
122 
183 
195 
177 
129 
81 
59 
179 
263 
297 
191 
103 
158 
53 
1 
37 
6 
111 
158 
184 
115 
113 
121 
176 
160 
166 
116 
93 
13 
178 
161 
257 
290 
215 
182 
101 
25 
57 
68 
149 
166 
188 
188 
191 
225 
198 
205 
102 
13 
46 
160 
326 
331 
242 
279 
206 
20 
3 
91 
205 
227 
205 
110 
75 
115 
107 
29 
22 
39 
32 
40 
79 
22 
0 
112 
216 
184 
16 
78 
80 
142 
120 
94 
112 
119 
30 
42 
154 
150 
88 
1 
143 
360 
293 
260 
140 
83 
349 
459 
503 
469 
348 
132 
181 
309 
317 
328 
270 
203 
218 
183 
182 
76 
35 
34 
100 
154 
159 
136 
104 
56 
32 
55 
22 
130 
206 
197 
179 
196 
36 
108 
57 
33 
83 
20 
42 
121 
135 
128 
125 
128 
11 
2 
81 
97 
92 
132 
90 
136 
197 
180 
57 
9 
94 
290 
201 
47 
42 
42 
45 
23 
71 
32 
96 
48 
50 
66 
23 
1 
23 
23 
56 
155 
117 
6 
4 
10 
76 
162 
231 
14 
75 
34 
36 
92 
27 
178 
257 
202 
102 
18 
41 
68 
26 
30 
19 
20 
11 
42 
193 
106 
33 
42 
23 
73 
122 
79 
102 
133 
118 
22 
100 
172 
135 
64 
16 
79 
79 
99 
229 
174 
99 
11 
228 
340 
319 
311 
174 
59 
50 
91 
249 
257 
201 
220 
194 
135 
119 
135 
110 
36 
90 
209 
276 
231 
65 
2 
29 
15 
23 
62 
50 
121 
68 
115 
139 
90 
0 
48 
22 
77 
28 
26 
25 
15 
153 
127 
17 
82 
65 
55 
81 
183 
187 
173 
82 
9 
62 
122 
129 
89 
111 
136 
45 
93 
8 
72 
65 
95 
104 
113 
21 
61 
0 
8 
37 
117 
107 
101 
139 
156 
73 
29 
37 
74 
41 
53 
182 
282 
360 
157 
11 
18 
97 
89 
9 
33 
93 
134 
155 
164 
170 
126 
85 
43 
47 
49 
28 
20 
21 
38 
35 
36 
131 
106 
116 
114 
88 
31 
120 
181 
177 
166 
109 
64 
22 
116 
207 
65 
31 
14 
56 
14 
74 
120 
181 
48 
97 
124 
99 
82 
84 
114 
64 
14 
25 
5 
8 
41 
90 
72 
14 
69 
64 
8 
7 
119 
135 
151 
78 
8 
44 
66 
84 
26 
44 
18 
24 
46 
69 
91 
101 
78 
44 
2 
81 
180 
42 
88 
157 
181 
176 
94 
127 
233 
255 
193 
202 
87 
9 
170 
250 
158 
80 
54 
63 
121 
183 
183 
103 
30 
26 
114 
63 
16 
23 
39 
8 
7 
23 
64 
71 
0 
40 
62 
133 
96 
94 
8 
14 
11 
19 
50 
17 
30 
19 
43 
122 
92 
106 
110 
125 
3 
34 
57 
84 
71 
81 
146 
190 
205 
152 
78 
35 
20 
148 
212 
210 
159 
103 
9 
138 
184 
229 
197 
117 
28 
210 
136 
57 
18 
39 
55 
0 
45 
93 
117 
64 
54 
53 
55 
56 
65 
34 
101 
53 
21 
42 
58 
5 
53 
53 
33 
10 
21 
7 
23 
48 
72 
99 
101 
30 
33 
60 
71 
25 
88 
142 
64 
54 
20 
74 
3 
101 
76 
82 
84 
135 
49 
7 
27 
2 
39 
86 
149 
203 
205 
102 
125 
266 
297 
160 
25 
42 
42 
97 
130 
112 
145 
103 
119 
191 
182 
60 
102 
187 
322 
345 
398 
309 
46 
285 
294 
270 
266 
220 
138 
23 
56 
87 
63 
32 
57 
34 
32 
63 
38 
29 
7 
7 
15 
32 
8 
56 
104 
88 
16 
8 
14 
2 
51 
53 
44 
26 
56 
102 
77 
9 
71 
100 
42 
15 
13 
81 
10 
105 
118 
85 
50 
111 
31 
31 
63 
54 
2 
71 
65 
12 
21 
40 
57 
82 
87 
63 
62 
13 
47 
30 
191 
200 
117 
16 
11 
37 
54 
20 
147 
203 
162 
92 
42 
8 
2 
2 
53 
40 
33 
167 
225 
18 
161 
154 
184 
97 
5 
21 
26 
42 
1 
26 
79 
88 
33 
26 
18 
25 
82 
98 
119 
47 
23 
93 
37 
14 
74 
138 
71 
29 
105 
119 
63 
24 
25 
15 
39 
32 
0 
31 
42 
86 
53 
32 
32 
17 
47 
96 
120 
144 
115 
109 
51 
31 
105 
151 
119 
47 
16 
105 
106 
94 
141 
125 
107 
36 
78 
130 
89 
220 
210 
183 
38 
122 
212 
194 
207 
143 
211 
77 
27 
91 
322 
193 
191 
136 
56 
91 
83 
106 
137 
244 
202 
120 
93 
24 
51 
10 
60 
42 
92 
162 
159 
79 
35 
29 
55 
201 
247 
192 
96 
15 
104 
6 
21 
15 
72 
97 
42 
36 
2 
2 
53 
77 
128 
128 
22 
87 
128 
157 
93 
42 
119 
200 
344 
253 
120 
14 
92 
167 
252 
178 
55 
15 
22 
13 
56 
110 
84 
69 
38 
87 
9 
21 
47 
10 
30 
2 
7 
176 
149 
26 
87 
135 
200 
184 
59 
77 
33 
103 
129 
31 
72 
81 
106 
82 
29 
65 
66 
130 
54 
98 
130 
49 
226 
183 
119 
95 
67 
61 
12 
42 
68 
75 
58 
212 
146 
96 
40 
15 
1 
10 
44 
74 
60 
39 
33 
25 
4 
11 
82 
14 
0 
1 
2 
24 
24 
25 
2 
3 
21 
27 
5 
43 
45 
4 
42 
100 
114 
140 
34 
40 
51 
10 
88 
81 
146 
143 
87 
8 
87 
255 
230 
149 
167 
118 
66 
159 
185 
239 
201 
119 
6 
23 
48 
38 
93 
34 
39 
16 
88 
80 
15 
33 
66 
127 
192 
135 
62 
79 
345 
215 
119 
75 
18 
76 
123 
122 
124 
170 
119 
87 
86 
42 
79 
7 
23 
32 
96 
103 
174 
133 
20 
58 
124 
178 
96 
37 
14 
45 
55 
63 
103 
48 
0 
103 
21 
105 
13 
125 
85 
56 
39 
30 
36 
45 
20 
103 
137 
71 
19 
53 
4 
26 
63 
172 
226 
222 
125 
124 
154 
15 
94 
40 
54 
99 
162 
160 
137 
70 
21 
15 
23 
38 
55 
137 
175 
56 
0 
54 
5 
92 
98 
24 
14 
0 
25 
2 
24 
32 
24 
23 
38 
31 
64 
26 
74 
94 
77 
35 
25 
202 
252 
302 
157 
105 
273 
156 
242 
320 
261 
125 
127 
97 
42 
55 
65 
218 
183 
103 
143 
111 
14 
119 
128 
37 
2 
13 
13 
16 
14 
104 
17 
103 
201 
152 
129 
122 
95 
62 
2 
65 
99 
154 
124 
74 
31 
22 
29 
52 
42 
49 
68 
50 
55 
75 
165 
126 
70 
102 
27 
5 
33 
119 
17 
16 
30 
7 
206 
155 
132 
108 
63 
25 
15 
16 
87 
374 
333 
178 
81 
96 
151 
79 
62 
93 
240 
259 
93 
1 
28 
27 
35 
34 
44 
53 
88 
166 
75 
59 
43 
13 
1 
1 
25 
57 
57 
52 
79 
89 
87 
72 
45 
45 
45 
21 
2 
64 
32 
6 
56 
78 
91 
99 
131 
114 
104 
65 
55 
55 
56 
80 
128 
111 
118 
92 
76 
84 
42 
55 
38 
248 
190 
147 
12 
36 
19 
36 
68 
9 
14 
44 
42 
8 
31 
104 
113 
98 
66 
109 
53 
13 
50 
90 
39 
24 
39 
32 
31 
22 
45 
31 
1 
29 
16 
64 
157 
181 
133 
40 
76 
122 
170 
182 
77 
115 
89 
50 
49 
65 
156 
171 
98 
156 
98 
10 
69 
29 
29 
149 
224 
115 
42 
196 
239 
176 
149 
77 
37 
136 
62 
28 
13 
57 
316 
247 
144 
216 
164 
173 
122 
38 
216 
318 
356 
244 
183 
72 
8 
71 
87 
48 
40 
8 
79 
31 
71 
71 
42 
1 
42 
47 
96 
185 
150 
18 
31 
57 
79 
96 
113 
98 
90 
33 
98 
90 
17 
13 
50 
87 
87 
55 
2 
66 
46 
2 
34 
7 
64 
117 
213 
56 
3 
18 
116 
162 
128 
97 
106 
37 
69 
26 
23 
7 
40 
32 
15 
98 
94 
53 
26 
71 
119 
63 
39 
61 
104 
27 
32 
25 
37 
88 
103 
71 
16 
40 
0 
48 
64 
37 
21 
24 
32 
30 
2 
28 
114 
96 
47 
80 
72 
8 
7 
56 
48 
40 
35 
37 
3 
26 
60 
178 
112 
90 
10 
55 
87 
112 
40 
80 
87 
115 
37 
3 
43 
170 
216 
149 
93 
0 
28 
26 
81 
135 
153 
87 
24 
15 
24 
72 
14 
34 
56 
25 
2 
16 
0 
8 
47 
146 
102 
21 
31 
0 
102 
88 
17 
59 
114 
124 
58 
40 
79 
24 
117 
45 
5 
104 
129 
42 
10 
7 
47 
47 
22 
11 
58 
39 
126 
117 
85 
103 
65 
231 
376 
184 
24 
177 
154 
114 
47 
8 
66 
39 
15 
7 
8 
7 
47 
48 
33 
10 
53 
32 
32 
79 
119 
182 
149 
75 
26 
153 
215 
216 
120 
71 
65 
223 
208 
176 
96 
22 
55 
41 
68 
74 
68 
15 
41 
66 
23 
15 
32 
152 
149 
133 
5 
55 
80 
95 
70 
36 
2 
76 
146 
80 
25 
10 
72 
87 
14 
74 
176 
200 
63 
62 
27 
98 
65 
95 
57 
87 
84 
50 
39 
80 
49 
50 
22 
98 
90 
26 
69 
77 
77 
176 
134 
32 
49 
92 
90 
79 
96 
37 
5 
22 
53 
69 
45 
32 
8 
32 
16 
80 
0 
47 
40 
72 
72 
55 
46 
20 
10 
71 
28 
37 
56 
63 
30 
29 
72 
22 
71 
73 
58 
39 
40 
16 
32 
47 
47 
110 
64 
43 
98 
116 
45 
136 
102 
63 
193 
199 
151 
107 
58 
216 
209 
82 
2 
71 
103 
103 
57 
10 
71 
41 
2 
39 
23 
55 
47 
29 
53 
38 
93 
48 
7 
22 
10 
64 
81 
66 
13 
117 
109 
53 
56 
40 
0 
8 
33 
40 
51 
37 
32 
1 
47 
49 
66 
58 
26 
6 
34 
71 
47 
88 
0 
79 
114 
102 
64 
86 
32 
22 
56 
17 
87 
48 
1 
55 
224 
141 
8 
41 
99 
98 
84 
50 
48 
64 
56 
62 
59 
61 
30 
3 
5 
17 
74 
56 
16 
21 
58 
78 
61 
40 
46 
8 
41 
74 
72 
73 
26 
104 
40 
24 
16 
7 
32 
37 
29 
16 
24 
118 
149 
64 
27 
42 
71 
95 
56 
32 
23 
15 
22 
93 
123 
172 
153 
73 
134 
98 
233 
319 
96 
108 
114 
79 
32 
6 
50 
151 
136 
123 
13 
65 
89 
92 
74 
48 
26 
66 
31 
15 
103 
79 
79 
6 
2 
24 
17 
21 
71 
30 
15 
32 
17 
2 
32 
49 
50 
16 
15 
31 
26 
42 
62 
61 
64 
35 
29 
7 
9 
31 
7 
6 
13 
16 
16 
17 
18 
24 
30 
69 
24 
48 
41 
29 
8 
23 
39 
38 
45 
64 
91 
133 
115 
75 
12 
139 
211 
227 
218 
87 
63 
168 
229 
145 
85 
93 
8 
49 
50 
34 
74 
54 
61 
23 
64 
33 
42 
7 
71 
16 
23 
111 
111 
47 
8 
41 
2 
112 
55 
30 
15 
33 
0 
20 
5 
8 
7 
7 
10 
9 
45 
61 
7 
8 
2 
6 
45 
56 
19 
5 
8 
20 
26 
8 
23 
34 
14 
5 
18 
34 
15 
32 
111 
62 
44 
29 
19 
13 
0 
14 
8 
6 
2 
40 
73 
34 
18 
8 
32 
8 
32 
23 
30 
29 
0 
16 
22 
32 
39 
70 
77 
56 
6 
32 
22 
15 
1 
44 
53 
76 
167 
141 
37 
13 
18 
47 
55 
48 
37 
65 
70 
69 
13 
0 
0 
22 
69 
79 
6 
47 
49 
66 
95 
32 
63 
96 
24 
79 
79 
30 
29 
31 
1 
55 
33 
31 
25 
21 
40 
31 
30 
45 
80 
59 
13 
28 
34 
56 
41 
63 
56 
32 
15 
96 
120 
85 
21 
18 
5 
37 
32 
49 
7 
17 
79 
41 
93 
128 
135 
82 
30 
18 
87 
47 
72 
64 
48 
15 
86 
112 
102 
75 
53 
4 
10 
0 
22 
29 
63 
46 
0 
33 
79 
28 
2 
16 
23 
14 
45 
27 
2 
36 
74 
79 
32 
40 
64 
7 
72 
145 
174 
149 
96 
11 
23 
33 
39 
57 
74 
8 
16 
6 
5 
8 
15 
22 
42 
32 
127 
70 
37 
23 
48 
2 
30 
37 
44 
26 
23 
22 
69 
37 
23 
39 
54 
45 
56 
6 
15 
17 
15 
6 
48 
35 
15 
49 
71 
9 
80 
62 
40 
4 
37 
56 
1 
151 
168 
56 
48 
65 
66 
58 
54 
69 
88 
43 
5 
8 
6 
48 
54 
77 
78 
12 
42 
33 
91 
290 
95 
47 
47 
87 
47 
31 
47 
47 
15 
16 
21 
13 
30 
69 
69 
69 
64 
22 
63 
49 
2 
8 
23 
38 
45 
63 
6 
47 
97 
114 
55 
0 
97 
114 
114 
71 
23 
24 
57 
42 
15 
32 
22 
40 
55 
70 
45 
24 
7 
7 
2 
25 
34 
5 
48 
43 
53 
43 
29 
3 
10 
4 
5 
7 
16 
26 
1 
130 
55 
0 
63 
63 
39 
30 
53 
56 
47 
38 
15 
92 
26 
10 
8 
15 
23 
16 
32 
64 
48 
16 
7 
7 
15 
7 
8 
16 
48 
17 
13 
45 
56 
23 
5 
1 
37 
21 
10 
31 
31 
0 
95 
87 
71 
62 
5 
47 
79 
16 
16 
0 
15 
0 
0 
24 
64 
47 
22 
13 
24 
27 
21 
40 
39 
7 
1 
5 
24 
8 
14 
16 
12 
2 
0 
32 
9 
21 
24 
40 
47 
29 
37 
13 
2 
26 
34 
46 
53 
63 
38 
35 
21 
11 
10 
8 
1 
13 
40 
38 
37 
20 
82 
112 
6 
53 
63 
46 
8 
19 
53 
88 
70 
31 
65 
10 
8 
25 
7 
15 
62 
8 
3 
5 
8 
1 
10 
7 
16 
17 
13 
48 
23 
0 
29 
2 
42 
5 
34 
22 
29 
48 
51 
37 
32 
57 
23 
8 
7 
6 
10 
2 
56 
96 
55 
38 
24 
4 
29 
0 
17 
10 
0 
1 
2 
8 
15 
14 
16 
15 
22 
37 
43 
61 
75 
52 
2 
28 
95 
81 
26 
8 
24 
15 
16 
26 
38 
21 
63 
70 
56 
1 
8 
6 
7 
3 
5 
24 
7 
9 
18 
7 
8 
7 
0 
14 
32 
38 
48 
38 
11 
34 
20 
34 
23 
8 
42 
62 
53 
48 
55 
30 
7 
17 
10 
16 
9 
7 
4 
5 
0 
8 
9 
10 
15 
7 
16 
16 
8 
7 
7 
2 
5 
17 
2 
2 
0 
7 
22 
32 
38 
28 
34 
44 
39 
41 
39 
49 
50 
31 
31 
31 
42 
46 
37 
16 
14 
21 
16 
14 
5 
8 
25 
42 
23 
16 
7 
31 
50 
66 
78 
77 
72 
55 
38 
29 
32 
30 
16 
17 
31 
65 
55 
56 
65 
74 
34 
21 
33 
50 
50 
47 
31 
32 
7 
26 
18 
2 
5 
13 
53 
85 
101 
80 
54 
21 
19 
13 
3 
0 
9 
15 
49 
42 
31 
7 
15 
0 
0 
13 
21 
6 
5 
5 
5 
2 
2 
5 
2 
10 
7 
15 
8 
9 
55 
16 
14 
16 
38 
40 
30 
16 
14 
39 
49 
71 
88 
105 
82 
2 
21 
13 
16 
0 
8 
8 
0 
16 
13 
1 
18 
18 
26 
34 
30 
29 
13 
16 
23 
31 
42 
34 
30 
29 
2 
10 
15 
15 
8 
7 
6 
13 
13 
16 
15 
9 
18 
26 
10 
1 
5 
23 
47 
32 
16 
8 
16 
40 
0 
21 
13 
5 
10 
42 
39 
31 
24 
32 
24 
0 
0 
0 
15 
7 
8 
5 
13 
2 
2 
26 
34 
50 
25 
21 
5 
13 
21 
29 
16 
47 
0 
31 
23 
7 
13 
5 
13 
34 
103 
0 
0 
32 
0 
31 
55 
55 
31 
0 
10 
6 
2 
8 
16 
0 
24 
5 
26 
26 
38 
13 
5 
16 
48 
39 
22 
5 
7 
16 
9 
2 
34 
18 
21 
29 
13 
13 
37 
48 
24 
7 
24 
30 
45 
24 
0 
0 
7 
18 
30 
5 
13 
16 
23 
30 
24 
16 
24 
21 
21 
2 
6 
2 
0 
24 
23 
7 
10 
26 
26 
10 
10 
42 
62 
85 
72 
35 
10 
80 
73 
58 
55 
39 
16 
64 
72 
80 
39 
23 
14 
13 
24 
7 
22 
48 
16 
14 
13 
21 
24 
8 
33 
26 
15 
7 
0 
2 
1 
5 
2 
6 
10 
10 
23 
7 
7 
15 
1 
10 
50 
23 
23 
24 
56 
16 
7 
8 
80 
64 
23 
25 
58 
56 
41 
34 
31 
24 
17 
10 
18 
42 
38 
29 
16 
15 
8 
5 
5 
2 
13 
13 
2 
18 
34 
26 
18 
30 
13 
10 
31 
15 
7 
32 
48 
32 
8 
7 
8 
21 
13 
29 
21 
56 
56 
47 
30 
2 
8 
9 
18 
15 
24 
56 
64 
32 
23 
22 
2 
71 
73 
42 
23 
23 
15 
7 
17 
10 
15 
40 
33 
18 
10 
23 
31 
23 
7 
2 
14 
21 
29 
24 
24 
48 
24 
15 
8 
40 
21 
33 
18 
18 
34 
38 
69 
56 
63 
46 
7 
41 
50 
34 
23 
26 
6 
5 
2 
10 
31 
47 
34 
30 
5 
16 
24 
23 
22 
13 
21 
40 
31 
22 
13 
24 
35 
29 
23 
65 
34 
0 
17 
13 
8 
24 
0 
24 
32 
24 
29 
29 
37 
21 
5 
16 
16 
7 
1 
2 
2 
16 
23 
31 
30 
5 
40 
48 
47 
30 
31 
65 
82 
31 
23 
50 
46 
45 
24 
32 
39 
39 
42 
38 
37 
0 
17 
2 
3 
18 
23 
25 
0 
63 
38 
16 
31 
17 
42 
31 
23 
39 
0 
39 
39 
55 
55 
42 
22 
5 
0 
0 
1 
13 
24 
31 
15 
6 
2 
8 
15 
22 
5 
8 
1 
42 
8 
14 
13 
24 
32 
15 
2 
17 
5 
5 
5 
32 
56 
47 
38 
37 
16 
1 
10 
8 
6 
21 
32 
11 
13 
0 
16 
22 
13 
7 
30 
8 
12 
18 
0 
0 
23 
42 
38 
21 
8 
8 
25 
2 
0 
16 
31 
42 
30 
13 
8 
45 
9 
2 
5 
45 
29 
21 
24 
32 
47 
43 
29 
7 
65 
42 
8 
47 
54 
53 
40 
15 
9 
26 
23 
64 
13 
30 
37 
13 
64 
63 
6 
13 
15 
9 
10 
7 
8 
0 
6 
5 
2 
29 
40 
55 
67 
61 
35 
5 
28 
42 
56 
49 
10 
0 
8 
31 
42 
54 
61 
53 
47 
30 
8 
25 
39 
25 
18 
55 
15 
39 
58 
62 
61 
48 
15 
41 
47 
24 
9 
13 
21 
16 
15 
22 
13 
2 
15 
0 
15 
10 
14 
21 
40 
32 
31 
38 
32 
19 
21 
0 
1 
5 
16 
7 
6 
37 
15 
36 
5 
8 
36 
26 
24 
71 
30 
26 
31 
7 
23 
63 
47 
23 
18 
9 
18 
8 
16 
0 
15 
22 
29 
24 
15 
21 
1 
29 
29 
16 
24 
23 
15 
9 
13 
0 
0 
6 
5 
24 
14 
21 
7 
7 
58 
30 
29 
8 
8 
17 
42 
7 
32 
40 
34 
58 
62 
53 
53 
32 
7 
5 
17 
10 
2 
32 
15 
8 
17 
2 
5 
7 
23 
24 
8 
31 
39 
47 
15 
23 
23 
24 
13 
13 
29 
30 
45 
45 
45 
48 
47 
38 
21 
0 
0 
6 
2 
0 
0 
6 
13 
40 
22 
21 
16 
22 
21 
27 
45 
40 
22 
16 
41 
79 
73 
34 
23 
15 
15 
26 
58 
54 
69 
48 
23 
6 
8 
39 
14 
5 
0 
24 
41 
18 
16 
31 
46 
40 
11 
5 
16 
22 
5 
7 
1 
21 
24 
15 
1 
18 
8 
1 
53 
40 
33 
15 
7 
9 
5 
0 
24 
0 
0 
23 
31 
32 
32 
39 
31 
14 
5 
8 
23 
14 
13 
15 
8 
22 
18 
5 
8 
8 
0 
0 
18 
22 
21 
40 
47 
38 
32 
19 
5 
15 
20 
5 
0 
0 
15 
6 
21 
40 
19 
5 
16 
14 
13 
16 
6 
21 
32 
11 
26 
66 
15 
8 
8 
23 
39 
55 
86 
109 
64 
4 
18 
36 
58 
23 
8 
18 
22 
5 
7 
0 
7 
15 
54 
61 
64 
59 
61 
12 
58 
20 
2 
7 
12 
10 
0 
8 
1 
37 
48 
15 
1 
34 
47 
39 
58 
30 
18 
2 
24 
16 
16 
15 
23 
31 
38 
37 
40 
30 
8 
12 
2 
4 
2 
7 
9 
5 
16 
23 
30 
37 
32 
38 
24 
3 
21 
19 
0 
25 
31 
52 
26 
0 
15 
8 
23 
23 
23 
55 
66 
14 
45 
40 
11 
10 
39 
40 
21 
1 
29 
37 
37 
32 
23 
15 
22 
0 
8 
14 
24 
15 
6 
7 
8 
10 
6 
2 
5 
24 
40 
31 
58 
70 
48 
22 
0 
25 
23 
25 
15 
16 
1 
10 
31 
32 
16 
16 
55 
79 
80 
71 
22 
21 
24 
19 
29 
24 
22 
24 
38 
32 
38 
11 
5 
12 
7 
1 
39 
25 
23 
17 
2 
0 
0 
6 
13 
24 
23 
22 
21 
24 
31 
38 
0 
0 
9 
10 
10 
7 
15 
15 
13 
13 
13 
33 
18 
6 
26 
2 
18 
26 
26 
14 
2 
26 
39 
48 
17 
2 
23 
49 
50 
39 
32 
8 
8 
18 
15 
16 
24 
48 
39 
16 
34 
38 
29 
34 
55 
47 
23 
5 
1 
26 
34 
50 
47 
39 
26 
10 
2 
10 
23 
31 
31 
15 
5 
5 
17 
26 
2 
24 
56 
48 
47 
6 
26 
15 
0 
0 
0 
8 
0 
16 
8 
8 
32 
40 
0 
8 
15 
31 
7 
8 
2 
2 
10 
39 
31 
26 
26 
6 
29 
48 
31 
14 
26 
16 
9 
10 
8 
8 
5 
29 
13 
39 
55 
72 
72 
48 
23 
38 
29 
63 
73 
34 
2 
0 
16 
24 
23 
39 
39 
23 
2 
1 
10 
2 
24 
48 
39 
22 
13 
16 
8 
6 
85 
56 
35 
5 
39 
73 
71 
32 
13 
1 
29 
37 
37 
45 
53 
45 
29 
29 
5 
8 
0 
23 
23 
30 
37 
32 
22 
32 
6 
7 
9 
7 
9 
2 
15 
16 
33 
10 
13 
16 
23 
7 
40 
63 
63 
71 
23 
1 
5 
0 
0 
16 
24 
5 
22 
45 
37 
8 
7 
38 
53 
48 
38 
15 
20 
21 
0 
0 
6 
5 
0 
12 
10 
7 
7 
8 
1 
13 
29 
40 
47 
46 
53 
40 
27 
21 
15 
6 
0 
6 
0 
1 
7 
1 
0 
14 
13 
16 
6 
13 
8 
15 
1 
5 
16 
15 
30 
29 
11 
2 
0 
14 
40 
38 
29 
35 
29 
3 
10 
39 
9 
32 
51 
85 
75 
28 
18 
57 
140 
167 
96 
45 
5 
15 
56 
17 
66 
79 
65 
66 
71 
71 
71 
54 
32 
3 
2 
12 
15 
33 
39 
36 
34 
31 
0 
22 
53 
53 
56 
46 
37 
39 
22 
7 
9 
2 
0 
1 
7 
7 
9 
5 
32 
23 
46 
40 
38 
45 
11 
2 
20 
26 
16 
17 
2 
15 
22 
29 
8 
23 
30 
32 
35 
37 
11 
5 
1 
7 
25 
18 
24 
6 
29 
48 
39 
46 
40 
51 
61 
62 
36 
3 
26 
73 
140 
119 
80 
69 
2 
50 
58 
87 
87 
64 
72 
71 
43 
37 
0 
6 
8 
22 
64 
46 
4 
58 
84 
79 
89 
66 
31 
8 
34 
66 
58 
26 
42 
50 
50 
66 
62 
45 
8 
12 
26 
39 
41 
34 
7 
30 
61 
40 
22 
5 
7 
1 
29 
48 
47 
54 
45 
27 
13 
36 
47 
49 
51 
42 
23 
9 
10 
2 
29 
37 
33 
26 
42 
50 
34 
30 
45 
29 
32 
19 
13 
4 
2 
16 
62 
128 
126 
91 
35 
44 
108 
116 
124 
63 
49 
63 
6 
5 
0 
32 
40 
27 
5 
28 
34 
49 
52 
66 
73 
63 
53 
33 
18 
22 
21 
5 
24 
87 
70 
5 
36 
50 
68 
42 
7 
4 
5 
32 
71 
78 
69 
55 
54 
32 
1 
23 
33 
47 
60 
58 
34 
15 
8 
56 
80 
80 
72 
63 
38 
2 
32 
41 
18 
18 
15 
15 
39 
95 
86 
77 
27 
2 
9 
28 
34 
33 
39 
22 
53 
48 
19 
5 
24 
12 
13 
48 
51 
29 
19 
32 
49 
92 
66 
88 
88 
53 
24 
28 
74 
71 
65 
58 
40 
40 
37 
45 
29 
29 
64 
63 
30 
15 
52 
50 
55 
32 
9 
21 
37 
56 
47 
22 
18 
23 
8 
18 
30 
93 
125 
96 
46 
0 
9 
31 
41 
63 
65 
63 
15 
46 
32 
8 
33 
26 
14 
50 
90 
79 
143 
95 
38 
18 
60 
82 
87 
81 
66 
23 
7 
55 
55 
40 
64 
45 
29 
29 
21 
29 
29 
21 
8 
7 
70 
160 
78 
3 
58 
89 
92 
50 
0 
1 
37 
56 
23 
25 
42 
7 
7 
7 
7 
66 
102 
157 
136 
51 
16 
9 
36 
111 
153 
127 
97 
58 
10 
29 
49 
90 
122 
127 
111 
55 
22 
5 
0 
7 
14 
31 
65 
71 
49 
