42 
28 
18 
12 
2 
15 
0 
31 
18 
18 
14 
21 
37 
32 
27 
21 
8 
9 
10 
7 
8 
6 
29 
40 
8 
0 
14 
2 
16 
31 
46 
64 
54 
20 
13 
4 
15 
9 
23 
1 
18 
16 
6 
13 
16 
22 
37 
40 
54 
48 
38 
32 
65 
63 
25 
18 
8 
0 
31 
6 
26 
2 
48 
47 
38 
37 
32 
19 
13 
0 
9 
2 
8 
7 
10 
22 
13 
0 
1 
5 
23 
30 
32 
3 
5 
23 
14 
0 
0 
30 
21 
23 
30 
53 
51 
13 
17 
59 
58 
52 
34 
39 
8 
34 
38 
5 
13 
33 
58 
26 
18 
14 
13 
29 
40 
39 
30 
24 
3 
2 
0 
1 
2 
7 
6 
5 
16 
30 
21 
19 
21 
3 
0 
6 
8 
41 
26 
31 
18 
30 
37 
48 
55 
46 
29 
20 
42 
36 
34 
24 
6 
18 
39 
24 
40 
24 
16 
49 
63 
64 
45 
53 
45 
37 
24 
7 
6 
5 
8 
19 
21 
16 
7 
9 
18 
23 
24 
24 
25 
13 
45 
53 
48 
31 
26 
30 
13 
16 
15 
15 
1 
2 
0 
7 
19 
21 
0 
8 
1 
7 
16 
21 
41 
50 
6 
10 
16 
32 
49 
18 
47 
22 
10 
40 
57 
58 
55 
40 
40 
32 
15 
10 
13 
5 
1 
2 
26 
58 
54 
61 
56 
43 
37 
3 
2 
9 
55 
49 
39 
64 
29 
21 
10 
26 
55 
39 
55 
63 
55 
47 
22 
5 
10 
23 
48 
24 
8 
7 
15 
31 
23 
31 
46 
45 
32 
31 
70 
64 
38 
24 
6 
7 
9 
31 
41 
63 
60 
34 
31 
15 
16 
7 
23 
63 
39 
40 
56 
48 
21 
2 
22 
21 
2 
23 
15 
15 
31 
26 
30 
13 
0 
0 
2 
22 
21 
18 
0 
32 
24 
24 
31 
58 
70 
64 
51 
96 
102 
83 
75 
11 
33 
61 
78 
114 
73 
60 
15 
22 
32 
46 
24 
30 
24 
27 
29 
3 
5 
8 
9 
2 
7 
16 
9 
2 
8 
31 
46 
53 
31 
6 
15 
17 
47 
64 
13 
18 
18 
10 
5 
18 
34 
42 
38 
37 
48 
39 
14 
7 
32 
17 
10 
0 
8 
8 
10 
34 
90 
94 
29 
0 
17 
63 
65 
50 
0 
112 
160 
127 
62 
39 
145 
162 
111 
79 
24 
133 
133 
157 
112 
19 
58 
127 
128 
117 
72 
75 
45 
14 
28 
44 
51 
91 
106 
113 
104 
73 
58 
31 
7 
15 
23 
24 
16 
7 
7 
10 
14 
21 
29 
40 
47 
70 
72 
54 
16 
17 
47 
41 
26 
31 
32 
24 
16 
8 
8 
40 
61 
69 
53 
37 
29 
45 
48 
56 
63 
22 
39 
96 
89 
106 
95 
90 
70 
8 
49 
79 
185 
215 
168 
61 
53 
18 
23 
48 
65 
74 
0 
48 
47 
70 
40 
4 
18 
56 
65 
58 
34 
1 
34 
63 
72 
69 
29 
37 
93 
93 
80 
86 
12 
18 
57 
60 
82 
80 
9 
5 
8 
0 
7 
2 
10 
26 
42 
54 
77 
104 
99 
77 
43 
79 
57 
52 
26 
12 
2 
3 
13 
91 
93 
83 
68 
57 
41 
25 
38 
45 
30 
14 
13 
46 
66 
73 
25 
20 
10 
33 
28 
29 
86 
124 
117 
70 
3 
44 
75 
66 
25 
11 
5 
4 
2 
19 
45 
115 
60 
2 
25 
115 
91 
20 
3 
67 
51 
26 
65 
108 
114 
92 
42 
24 
56 
56 
47 
47 
42 
18 
42 
58 
50 
18 
14 
10 
5 
32 
46 
61 
59 
52 
41 
17 
14 
14 
28 
52 
12 
3 
19 
51 
27 
36 
76 
76 
59 
15 
22 
12 
18 
76 
90 
87 
6 
34 
151 
161 
98 
58 
62 
61 
72 
30 
12 
27 
58 
33 
20 
0 
25 
44 
34 
15 
46 
69 
64 
102 
64 
14 
36 
67 
13 
27 
32 
25 
23 
17 
15 
24 
1 
5 
5 
24 
56 
87 
78 
21 
52 
50 
16 
30 
24 
31 
46 
32 
36 
74 
79 
39 
7 
15 
40 
71 
71 
55 
30 
5 
16 
39 
30 
16 
7 
1 
5 
31 
38 
16 
11 
53 
150 
99 
3 
68 
108 
92 
87 
97 
95 
55 
8 
41 
47 
76 
98 
87 
72 
88 
96 
71 
126 
156 
52 
86 
219 
226 
137 
95 
71 
71 
27 
50 
159 
177 
146 
66 
18 
85 
109 
61 
16 
12 
10 
0 
17 
23 
68 
50 
50 
39 
47 
31 
9 
2 
2 
8 
7 
0 
16 
7 
23 
23 
31 
7 
32 
21 
13 
5 
18 
26 
26 
26 
10 
10 
10 
47 
79 
87 
47 
17 
10 
21 
63 
86 
76 
61 
22 
44 
124 
151 
145 
122 
82 
46 
15 
41 
95 
113 
120 
113 
103 
71 
32 
39 
1 
26 
71 
56 
40 
24 
16 
31 
47 
55 
32 
23 
47 
38 
53 
32 
1 
39 
57 
74 
71 
39 
7 
25 
39 
72 
69 
65 
42 
18 
38 
53 
80 
103 
86 
20 
10 
11 
56 
9 
57 
108 
79 
57 
63 
17 
18 
24 
31 
39 
5 
29 
21 
8 
28 
50 
68 
98 
79 
56 
13 
2 
34 
15 
0 
0 
62 
133 
139 
77 
25 
99 
138 
128 
129 
110 
69 
15 
76 
98 
119 
169 
194 
146 
62 
31 
40 
49 
82 
79 
80 
45 
37 
25 
22 
2 
10 
42 
55 
55 
48 
48 
32 
29 
33 
18 
18 
63 
47 
23 
55 
70 
37 
28 
10 
36 
7 
14 
8 
9 
31 
40 
25 
26 
34 
30 
5 
34 
47 
56 
56 
40 
40 
24 
0 
7 
0 
8 
24 
40 
5 
26 
21 
24 
24 
47 
70 
53 
59 
21 
6 
19 
61 
38 
11 
26 
41 
63 
113 
127 
112 
72 
0 
89 
82 
95 
88 
105 
82 
58 
15 
32 
40 
24 
32 
15 
23 
0 
0 
13 
25 
18 
32 
80 
119 
83 
29 
7 
32 
33 
34 
58 
31 
31 
15 
0 
32 
56 
56 
56 
39 
23 
23 
18 
2 
2 
26 
10 
1 
5 
21 
40 
47 
78 
93 
46 
3 
26 
33 
52 
5 
23 
30 
16 
28 
34 
47 
64 
53 
21 
10 
34 
34 
42 
42 
39 
23 
0 
22 
8 
16 
25 
34 
23 
71 
79 
78 
85 
51 
20 
2 
57 
140 
138 
127 
72 
0 
41 
82 
112 
113 
98 
23 
0 
16 
29 
2 
2 
10 
10 
42 
94 
117 
88 
19 
34 
92 
82 
68 
21 
79 
78 
3 
58 
64 
25 
13 
2 
22 
37 
29 
16 
65 
146 
136 
88 
15 
41 
66 
39 
40 
29 
29 
10 
18 
47 
64 
80 
61 
24 
0 
15 
7 
6 
2 
16 
30 
109 
115 
85 
35 
18 
81 
111 
97 
71 
40 
15 
58 
118 
53 
48 
11 
2 
0 
7 
8 
16 
7 
47 
47 
47 
22 
18 
50 
55 
24 
0 
18 
18 
10 
22 
17 
18 
98 
130 
158 
101 
20 
103 
137 
127 
81 
5 
40 
55 
86 
69 
40 
15 
6 
26 
47 
47 
23 
16 
24 
48 
32 
7 
0 
0 
8 
24 
16 
24 
40 
40 
48 
21 
64 
56 
23 
49 
47 
24 
14 
56 
59 
53 
43 
69 
91 
48 
49 
100 
106 
100 
66 
26 
0 
24 
56 
80 
80 
47 
18 
6 
61 
85 
80 
22 
5 
44 
66 
79 
57 
2 
88 
83 
61 
12 
26 
28 
42 
55 
40 
8 
7 
0 
8 
9 
50 
55 
32 
21 
21 
37 
53 
37 
21 
16 
8 
31 
86 
77 
68 
29 
28 
55 
73 
68 
18 
12 
45 
59 
29 
51 
53 
16 
14 
47 
64 
61 
33 
14 
13 
5 
42 
55 
55 
71 
79 
50 
6 
42 
39 
40 
32 
55 
111 
127 
86 
23 
57 
52 
42 
36 
18 
23 
41 
26 
7 
10 
9 
58 
48 
49 
50 
31 
16 
0 
16 
29 
53 
64 
71 
54 
32 
17 
42 
68 
42 
23 
24 
111 
102 
96 
54 
4 
34 
65 
100 
95 
81 
42 
2 
5 
25 
15 
24 
25 
47 
72 
89 
58 
22 
29 
53 
72 
102 
24 
41 
68 
50 
48 
17 
5 
7 
6 
45 
64 
19 
21 
16 
14 
40 
51 
93 
62 
11 
26 
60 
130 
160 
133 
77 
32 
52 
82 
127 
113 
98 
42 
32 
24 
16 
48 
45 
21 
10 
26 
26 
26 
2 
21 
77 
85 
48 
14 
13 
8 
0 
22 
21 
31 
48 
8 
23 
34 
46 
77 
72 
51 
37 
4 
13 
12 
23 
25 
2 
8 
17 
26 
31 
7 
0 
79 
95 
94 
77 
27 
7 
25 
15 
1 
15 
41 
50 
71 
71 
55 
23 
1 
26 
40 
65 
74 
74 
55 
47 
39 
31 
26 
2 
6 
2 
5 
8 
15 
15 
1 
15 
28 
10 
8 
0 
13 
33 
14 
18 
66 
95 
95 
47 
55 
70 
53 
35 
37 
30 
3 
20 
51 
91 
122 
112 
81 
1 
50 
66 
47 
31 
16 
8 
45 
21 
29 
21 
16 
24 
55 
46 
5 
15 
40 
16 
6 
13 
32 
88 
62 
69 
38 
28 
2 
49 
84 
106 
64 
73 
38 
5 
31 
92 
114 
119 
95 
31 
9 
34 
23 
16 
1 
18 
7 
16 
23 
23 
23 
55 
47 
38 
21 
8 
41 
34 
8 
22 
48 
35 
53 
24 
14 
0 
8 
9 
18 
7 
39 
54 
56 
70 
56 
25 
164 
170 
71 
8 
61 
89 
106 
95 
71 
31 
56 
133 
133 
64 
23 
80 
93 
73 
34 
10 
26 
42 
2 
21 
2 
7 
15 
15 
5 
29 
21 
9 
29 
61 
93 
72 
23 
16 
33 
26 
18 
2 
21 
21 
5 
5 
37 
53 
48 
79 
86 
69 
19 
16 
6 
23 
57 
63 
84 
58 
26 
7 
0 
15 
39 
23 
71 
71 
55 
32 
13 
2 
55 
95 
55 
29 
77 
57 
58 
38 
21 
5 
10 
23 
39 
72 
69 
69 
53 
29 
45 
13 
15 
31 
24 
5 
25 
2 
2 
8 
16 
23 
31 
23 
18 
39 
63 
39 
7 
7 
14 
21 
29 
15 
1 
23 
44 
10 
7 
7 
2 
5 
42 
46 
61 
93 
53 
56 
54 
37 
14 
83 
178 
185 
138 
95 
46 
15 
65 
84 
83 
74 
57 
52 
47 
49 
82 
79 
80 
55 
78 
40 
17 
44 
82 
92 
26 
7 
0 
63 
94 
61 
8 
1 
10 
16 
1 
5 
8 
7 
1 
13 
13 
29 
13 
5 
5 
13 
29 
32 
15 
6 
5 
0 
36 
42 
7 
31 
15 
64 
104 
88 
48 
8 
49 
42 
7 
8 
15 
42 
14 
34 
7 
0 
24 
8 
32 
40 
53 
5 
2 
29 
45 
64 
80 
62 
37 
14 
52 
61 
86 
83 
75 
51 
42 
41 
44 
37 
27 
12 
9 
13 
30 
19 
67 
43 
43 
26 
1 
8 
1 
16 
86 
80 
78 
48 
38 
19 
24 
22 
51 
44 
44 
33 
17 
9 
6 
27 
27 
3 
12 
19 
19 
6 
2 
22 
3 
28 
44 
76 
107 
91 
22 
21 
6 
11 
4 
33 
85 
86 
54 
3 
9 
5 
6 
3 
16 
54 
64 
78 
27 
29 
46 
67 
52 
3 
51 
36 
1 
10 
22 
30 
30 
6 
21 
46 
35 
52 
53 
38 
20 
68 
51 
53 
38 
30 
4 
28 
28 
43 
42 
48 
1 
24 
39 
70 
109 
96 
62 
51 
20 
57 
41 
19 
60 
76 
65 
41 
28 
19 
10 
11 
45 
19 
69 
67 
77 
70 
3 
52 
59 
27 
34 
57 
55 
25 
10 
0 
16 
23 
0 
0 
31 
58 
78 
93 
112 
94 
8 
41 
44 
26 
1 
8 
9 
23 
1 
8 
14 
16 
22 
124 
157 
94 
78 
26 
46 
139 
179 
106 
52 
10 
15 
30 
53 
72 
63 
54 
29 
11 
2 
0 
6 
15 
25 
26 
31 
15 
24 
7 
47 
79 
126 
93 
4 
18 
17 
35 
42 
8 
6 
7 
15 
6 
29 
5 
15 
16 
47 
54 
69 
56 
14 
19 
21 
1 
35 
5 
35 
53 
11 
23 
49 
47 
33 
50 
32 
10 
30 
29 
40 
47 
66 
70 
37 
16 
0 
1 
5 
23 
6 
10 
8 
9 
7 
9 
13 
39 
14 
16 
0 
30 
77 
104 
43 
10 
20 
10 
9 
15 
25 
23 
9 
15 
14 
8 
0 
10 
1 
37 
21 
61 
77 
80 
31 
1 
18 
44 
66 
64 
65 
42 
0 
24 
64 
85 
45 
33 
18 
2 
10 
18 
46 
85 
64 
38 
4 
10 
41 
28 
21 
63 
78 
51 
2 
60 
103 
116 
98 
50 
13 
61 
85 
77 
53 
45 
29 
32 
32 
32 
32 
24 
15 
54 
45 
32 
57 
63 
25 
7 
11 
77 
56 
30 
13 
7 
6 
2 
0 
31 
86 
85 
19 
18 
33 
31 
17 
44 
50 
71 
40 
5 
23 
24 
49 
34 
39 
80 
96 
136 
115 
53 
20 
59 
82 
89 
71 
48 
9 
18 
13 
41 
26 
42 
82 
106 
118 
53 
14 
11 
26 
25 
4 
37 
83 
45 
6 
52 
95 
129 
106 
47 
24 
72 
104 
96 
55 
23 
18 
22 
61 
45 
8 
16 
25 
50 
55 
56 
56 
29 
10 
50 
70 
77 
61 
56 
7 
8 
24 
32 
26 
66 
86 
85 
64 
19 
2 
12 
39 
57 
52 
2 
16 
14 
2 
40 
71 
50 
22 
18 
71 
47 
23 
95 
131 
109 
52 
37 
19 
23 
97 
143 
105 
58 
34 
38 
29 
8 
36 
58 
88 
97 
66 
90 
82 
46 
61 
40 
16 
49 
74 
63 
64 
48 
37 
0 
39 
71 
127 
151 
142 
96 
54 
35 
82 
124 
162 
127 
80 
8 
56 
121 
130 
90 
54 
37 
32 
0 
25 
34 
47 
15 
32 
48 
32 
64 
63 
59 
37 
15 
89 
87 
65 
50 
7 
0 
16 
7 
40 
49 
50 
55 
56 
41 
18 
18 
42 
54 
45 
32 
3 
2 
32 
57 
47 
32 
16 
10 
5 
2 
18 
55 
71 
103 
134 
117 
35 
27 
58 
84 
90 
32 
1 
34 
50 
34 
6 
18 
26 
15 
16 
25 
74 
39 
48 
40 
37 
21 
21 
2 
13 
61 
77 
80 
35 
37 
4 
82 
137 
151 
112 
45 
2 
31 
57 
50 
36 
58 
68 
42 
55 
65 
58 
42 
34 
38 
18 
39 
40 
25 
13 
29 
15 
31 
7 
95 
103 
46 
5 
23 
20 
5 
0 
25 
42 
15 
0 
0 
8 
0 
24 
53 
57 
122 
94 
37 
24 
14 
10 
9 
39 
97 
103 
56 
8 
31 
55 
48 
8 
6 
2 
26 
55 
31 
16 
24 
7 
16 
0 
15 
0 
7 
15 
39 
39 
15 
7 
2 
6 
13 
16 
8 
8 
18 
42 
46 
29 
37 
8 
7 
7 
31 
50 
86 
48 
4 
18 
17 
39 
49 
79 
80 
77 
69 
48 
28 
82 
97 
103 
65 
50 
64 
45 
69 
29 
13 
8 
17 
50 
39 
23 
26 
22 
5 
7 
47 
40 
32 
0 
39 
47 
42 
30 
37 
21 
16 
8 
15 
15 
7 
16 
32 
31 
31 
14 
26 
50 
55 
111 
102 
85 
48 
30 
15 
49 
55 
76 
58 
26 
2 
10 
14 
29 
5 
23 
40 
61 
89 
90 
106 
118 
45 
135 
105 
90 
66 
42 
34 
38 
5 
95 
104 
113 
178 
142 
69 
8 
33 
82 
104 
128 
85 
16 
40 
32 
41 
42 
50 
58 
39 
23 
10 
18 
18 
26 
42 
90 
78 
37 
36 
90 
79 
49 
26 
7 
30 
61 
64 
15 
13 
1 
2 
17 
42 
26 
2 
5 
2 
18 
2 
30 
101 
112 
22 
15 
1 
11 
18 
31 
65 
82 
39 
16 
64 
64 
31 
39 
7 
2 
6 
2 
31 
47 
39 
7 
33 
47 
48 
33 
18 
7 
16 
45 
85 
109 
101 
67 
13 
12 
51 
50 
28 
2 
0 
1 
2 
0 
14 
13 
16 
51 
61 
40 
22 
7 
33 
7 
23 
14 
2 
24 
16 
7 
33 
42 
26 
7 
47 
15 
55 
71 
119 
114 
62 
21 
39 
25 
114 
151 
128 
103 
6 
74 
112 
101 
89 
66 
30 
13 
5 
2 
5 
13 
37 
5 
8 
32 
39 
27 
37 
7 
25 
0 
3 
13 
7 
1 
18 
31 
24 
0 
39 
63 
63 
63 
63 
30 
24 
12 
50 
64 
25 
13 
32 
64 
47 
14 
42 
66 
87 
79 
39 
0 
25 
58 
79 
112 
184 
152 
47 
33 
71 
96 
105 
82 
54 
5 
26 
31 
95 
135 
183 
142 
76 
10 
49 
76 
82 
108 
90 
79 
55 
7 
9 
34 
55 
96 
109 
61 
77 
77 
80 
99 
69 
20 
66 
76 
90 
96 
65 
34 
7 
8 
24 
48 
56 
71 
63 
55 
66 
30 
5 
15 
24 
32 
61 
33 
5 
45 
69 
61 
16 
0 
1 
61 
64 
19 
18 
63 
88 
101 
56 
0 
33 
50 
71 
88 
77 
61 
45 
2 
8 
8 
23 
7 
2 
1 
29 
56 
31 
41 
58 
40 
25 
10 
8 
23 
47 
47 
15 
2 
0 
39 
55 
55 
79 
47 
30 
10 
24 
6 
7 
41 
7 
3 
13 
24 
43 
45 
40 
31 
1 
63 
48 
17 
21 
64 
111 
70 
0 
73 
111 
104 
64 
40 
23 
57 
103 
81 
2 
48 
14 
10 
40 
49 
26 
0 
31 
56 
32 
8 
7 
13 
29 
61 
37 
13 
7 
8 
8 
6 
5 
16 
23 
30 
29 
24 
24 
39 
23 
8 
21 
1 
29 
29 
23 
16 
30 
77 
51 
53 
7 
6 
0 
46 
61 
27 
21 
24 
17 
3 
34 
92 
138 
144 
109 
45 
15 
68 
98 
108 
114 
112 
73 
26 
8 
31 
47 
58 
50 
22 
5 
18 
47 
63 
31 
7 
31 
32 
64 
96 
88 
47 
9 
23 
20 
13 
40 
38 
3 
18 
28 
26 
32 
33 
34 
5 
37 
37 
13 
33 
46 
61 
53 
32 
20 
42 
24 
1 
2 
48 
40 
0 
47 
42 
1 
5 
0 
32 
49 
50 
31 
15 
8 
15 
48 
56 
37 
33 
18 
8 
16 
16 
25 
10 
10 
7 
7 
15 
39 
55 
58 
38 
21 
8 
16 
24 
2 
1 
2 
8 
16 
39 
38 
29 
24 
15 
22 
8 
0 
9 
5 
5 
0 
0 
0 
7 
18 
22 
45 
48 
35 
29 
3 
10 
31 
17 
26 
0 
31 
31 
42 
38 
29 
16 
47 
102 
120 
54 
12 
59 
66 
41 
12 
39 
81 
66 
40 
16 
16 
24 
16 
16 
25 
26 
47 
96 
113 
74 
34 
8 
32 
32 
0 
5 
17 
26 
22 
2 
10 
15 
0 
34 
38 
37 
32 
0 
10 
14 
45 
53 
48 
23 
46 
45 
43 
21 
1 
43 
74 
88 
41 
26 
40 
56 
56 
16 
7 
15 
23 
34 
30 
21 
16 
6 
13 
8 
1 
10 
7 
15 
10 
26 
22 
18 
34 
10 
29 
48 
56 
23 
14 
32 
54 
61 
3 
18 
44 
42 
15 
15 
31 
30 
5 
7 
64 
107 
93 
19 
2 
41 
59 
26 
0 
22 
32 
3 
26 
47 
104 
88 
56 
15 
49 
119 
168 
157 
133 
104 
67 
18 
92 
90 
140 
90 
104 
179 
149 
78 
9 
113 
209 
212 
162 
87 
62 
8 
25 
41 
69 
86 
102 
123 
171 
210 
200 
160 
62 
3 
28 
124 
188 
172 
127 
97 
71 
39 
6 
2 
12 
35 
50 
65 
81 
92 
90 
81 
63 
56 
77 
77 
93 
75 
53 
28 
27 
66 
89 
44 
12 
2 
65 
68 
55 
0 
34 
26 
23 
31 
33 
42 
0 
14 
13 
32 
25 
42 
55 
55 
71 
158 
221 
110 
4 
60 
140 
180 
146 
136 
125 
109 
69 
20 
114 
148 
106 
40 
6 
15 
25 
55 
49 
47 
40 
65 
66 
26 
62 
101 
107 
92 
17 
83 
147 
147 
154 
149 
109 
45 
15 
57 
156 
194 
184 
89 
9 
58 
34 
8 
0 
1 
26 
0 
0 
17 
37 
85 
64 
31 
79 
15 
30 
5 
79 
113 
98 
42 
2 
24 
24 
23 
71 
54 
24 
25 
36 
68 
82 
108 
106 
63 
87 
114 
94 
48 
1 
43 
42 
36 
34 
24 
78 
88 
62 
4 
3 
5 
1 
44 
91 
90 
68 
13 
56 
79 
31 
29 
29 
5 
2 
31 
31 
8 
24 
0 
26 
14 
5 
10 
8 
40 
23 
17 
31 
56 
61 
133 
165 
96 
17 
124 
114 
76 
50 
23 
15 
32 
73 
42 
47 
39 
32 
25 
42 
55 
83 
93 
67 
132 
125 
26 
98 
169 
124 
63 
81 
74 
23 
16 
58 
122 
122 
70 
37 
56 
87 
54 
47 
41 
24 
17 
31 
33 
50 
63 
40 
98 
334 
364 
204 
23 
111 
214 
252 
300 
311 
232 
83 
1 
70 
94 
107 
131 
140 
100 
68 
66 
96 
85 
53 
16 
14 
29 
7 
54 
40 
6 
39 
73 
58 
15 
8 
7 
14 
21 
47 
134 
220 
109 
22 
49 
41 
68 
91 
90 
116 
106 
15 
56 
87 
39 
5 
26 
18 
10 
13 
16 
32 
73 
82 
55 
7 
31 
8 
19 
21 
15 
1 
2 
8 
38 
101 
88 
0 
41 
26 
48 
57 
5 
15 
8 
0 
0 
15 
47 
34 
30 
37 
48 
31 
26 
78 
88 
43 
157 
67 
67 
10 
30 
65 
33 
60 
139 
154 
80 
53 
5 
58 
111 
112 
93 
117 
141 
80 
8 
120 
193 
2 
61 
21 
23 
48 
15 
18 
0 
0 
7 
15 
21 
29 
37 
21 
21 
0 
39 
48 
71 
72 
32 
8 
2 
13 
29 
17 
13 
13 
55 
111 
95 
54 
0 
52 
42 
23 
36 
34 
2 
24 
255 
179 
85 
19 
106 
152 
153 
74 
16 
88 
35 
109 
131 
97 
18 
145 
200 
145 
46 
34 
55 
32 
1 
13 
12 
66 
159 
193 
154 
54 
74 
111 
88 
16 
16 
7 
47 
64 
40 
24 
119 
119 
1 
42 
95 
103 
47 
6 
42 
89 
92 
90 
209 
175 
168 
152 
16 
121 
188 
186 
103 
52 
13 
0 
22 
13 
17 
26 
39 
47 
40 
33 
34 
95 
56 
40 
175 
182 
91 
3 
107 
75 
83 
98 
76 
90 
64 
10 
1 
66 
74 
38 
10 
63 
100 
66 
8 
19 
90 
57 
28 
2 
11 
13 
16 
32 
1 
29 
8 
48 
85 
93 
144 
110 
115 
100 
68 
74 
177 
135 
69 
57 
42 
13 
53 
109 
109 
64 
24 
32 
64 
80 
21 
142 
85 
15 
80 
125 
41 
61 
32 
32 
14 
29 
55 
144 
141 
133 
104 
131 
69 
22 
52 
139 
139 
178 
81 
63 
96 
117 
77 
23 
105 
76 
11 
9 
1 
19 
51 
100 
81 
81 
76 
74 
143 
208 
230 
195 
106 
11 
125 
243 
396 
424 
293 
128 
59 
3 
148 
244 
243 
274 
257 
215 
112 
16 
12 
58 
119 
113 
122 
96 
40 
56 
31 
25 
114 
130 
119 
46 
34 
39 
32 
13 
2 
79 
199 
175 
78 
23 
137 
226 
223 
159 
1 
119 
153 
178 
114 
22 
77 
48 
72 
65 
58 
18 
13 
17 
18 
15 
23 
39 
42 
30 
29 
152 
179 
105 
65 
68 
13 
112 
144 
135 
150 
155 
140 
76 
31 
13 
30 
13 
14 
37 
0 
15 
46 
5 
29 
77 
48 
0 
40 
48 
40 
31 
13 
61 
117 
193 
126 
26 
119 
128 
144 
133 
72 
23 
62 
0 
17 
27 
122 
137 
140 
82 
32 
37 
37 
41 
82 
118 
61 
11 
50 
72 
1 
143 
129 
82 
42 
58 
66 
14 
36 
10 
57 
77 
142 
126 
102 
74 
33 
20 
2 
23 
43 
61 
46 
4 
58 
76 
50 
23 
63 
31 
9 
74 
96 
113 
106 
95 
71 
26 
9 
42 
63 
56 
32 
22 
21 
7 
17 
31 
2 
14 
61 
77 
53 
48 
24 
54 
29 
56 
67 
45 
19 
10 
81 
87 
72 
73 
154 
174 
68 
90 
121 
124 
138 
96 
81 
82 
102 
117 
83 
37 
33 
12 
4 
22 
29 
14 
105 
121 
124 
58 
8 
56 
27 
18 
3 
12 
3 
5 
17 
47 
72 
14 
42 
79 
65 
87 
64 
65 
34 
22 
2 
37 
93 
56 
8 
0 
14 
8 
22 
28 
63 
33 
19 
27 
42 
27 
45 
23 
1 
18 
23 
69 
49 
53 
45 
69 
141 
149 
112 
86 
48 
25 
151 
160 
125 
61 
18 
38 
21 
5 
56 
38 
56 
67 
37 
48 
39 
0 
61 
152 
48 
20 
2 
16 
0 
1 
7 
25 
47 
93 
101 
69 
64 
46 
64 
54 
40 
46 
32 
17 
71 
73 
79 
124 
42 
32 
31 
62 
61 
0 
55 
111 
23 
58 
30 
18 
37 
59 
13 
44 
26 
23 
25 
2 
7 
1 
2 
31 
13 
69 
32 
8 
7 
7 
23 
16 
5 
26 
74 
71 
48 
48 
119 
166 
200 
134 
51 
3 
67 
251 
226 
217 
98 
32 
104 
151 
190 
144 
102 
51 
60 
12 
11 
235 
330 
304 
211 
46 
122 
113 
161 
164 
162 
127 
71 
6 
21 
8 
8 
14 
5 
7 
33 
74 
79 
71 
39 
143 
158 
165 
46 
76 
60 
19 
62 
130 
104 
42 
86 
25 
50 
103 
120 
55 
46 
29 
20 
10 
1 
51 
27 
100 
71 
17 
8 
35 
53 
72 
64 
0 
33 
26 
48 
54 
21 
4 
26 
100 
50 
40 
6 
5 
16 
0 
79 
8 
24 
24 
81 
98 
98 
98 
94 
77 
11 
0 
22 
43 
69 
102 
110 
94 
29 
139 
172 
217 
257 
80 
17 
77 
93 
101 
5 
78 
69 
27 
13 
1 
60 
138 
180 
114 
82 
98 
14 
24 
9 
58 
52 
10 
0 
0 
41 
5 
64 
99 
88 
70 
28 
156 
183 
160 
18 
98 
98 
130 
74 
21 
21 
48 
119 
54 
2 
47 
104 
133 
88 
88 
118 
51 
21 
25 
63 
65 
66 
40 
10 
46 
37 
21 
24 
27 
61 
75 
77 
46 
9 
52 
74 
56 
25 
48 
71 
78 
16 
81 
202 
240 
40 
79 
127 
112 
128 
112 
151 
158 
96 
1 
124 
58 
12 
2 
95 
49 
7 
7 
62 
16 
20 
45 
15 
41 
66 
114 
46 
26 
104 
133 
149 
120 
94 
40 
1 
4 
59 
18 
73 
175 
128 
29 
40 
49 
103 
121 
98 
55 
39 
26 
14 
10 
18 
5 
24 
30 
61 
70 
35 
7 
14 
72 
87 
70 
64 
9 
75 
122 
161 
108 
19 
26 
31 
87 
70 
61 
13 
13 
10 
6 
2 
29 
32 
39 
53 
117 
32 
22 
120 
127 
54 
7 
9 
79 
89 
50 
47 
19 
45 
16 
3 
21 
40 
51 
133 
40 
6 
35 
101 
150 
75 
83 
163 
171 
306 
191 
7 
168 
213 
141 
53 
18 
78 
69 
103 
38 
31 
97 
82 
78 
93 
37 
48 
46 
53 
12 
71 
14 
93 
91 
45 
47 
33 
50 
24 
17 
2 
16 
17 
10 
23 
47 
24 
7 
47 
120 
55 
27 
13 
29 
47 
22 
39 
113 
26 
16 
88 
96 
48 
39 
46 
32 
9 
55 
64 
85 
29 
34 
26 
22 
53 
37 
0 
15 
54 
64 
75 
61 
23 
22 
29 
7 
48 
69 
57 
42 
18 
18 
0 
32 
56 
63 
30 
10 
40 
51 
2 
15 
16 
5 
2 
47 
39 
18 
22 
29 
40 
47 
46 
37 
7 
97 
74 
58 
30 
13 
24 
78 
117 
83 
28 
58 
76 
106 
148 
138 
71 
24 
24 
8 
15 
56 
32 
23 
47 
47 
63 
80 
80 
0 
24 
38 
37 
24 
12 
130 
167 
200 
95 
1 
63 
49 
71 
57 
87 
81 
66 
31 
32 
37 
13 
9 
50 
26 
18 
5 
38 
10 
18 
78 
61 
109 
144 
55 
81 
159 
176 
125 
93 
48 
16 
31 
39 
63 
63 
38 
34 
55 
104 
111 
78 
32 
33 
162 
95 
55 
15 
6 
18 
20 
10 
47 
89 
122 
87 
64 
32 
8 
47 
0 
39 
16 
64 
128 
128 
99 
77 
3 
71 
161 
223 
209 
122 
71 
15 
25 
31 
48 
57 
66 
47 
8 
48 
8 
7 
26 
26 
22 
5 
39 
40 
24 
33 
138 
160 
40 
25 
58 
31 
0 
24 
32 
48 
40 
17 
39 
47 
39 
55 
14 
29 
48 
30 
7 
145 
196 
199 
129 
0 
79 
71 
34 
10 
10 
24 
63 
30 
32 
55 
31 
1 
13 
29 
32 
31 
96 
72 
75 
77 
11 
42 
108 
74 
79 
32 
24 
32 
31 
30 
18 
50 
94 
93 
64 
39 
70 
53 
4 
71 
89 
23 
23 
14 
66 
66 
54 
8 
23 
38 
29 
39 
84 
106 
146 
183 
182 
109 
19 
42 
49 
47 
41 
108 
138 
95 
24 
53 
23 
55 
31 
39 
31 
70 
77 
88 
71 
47 
46 
77 
8 
28 
106 
151 
160 
71 
81 
82 
95 
72 
91 
2 
4 
10 
36 
26 
39 
7 
7 
95 
127 
167 
94 
45 
4 
26 
12 
21 
28 
50 
92 
130 
95 
56 
23 
17 
18 
15 
112 
160 
168 
86 
31 
33 
7 
57 
58 
24 
47 
70 
10 
71 
103 
55 
8 
77 
89 
42 
26 
26 
66 
30 
5 
2 
42 
0 
0 
10 
22 
2 
8 
59 
109 
99 
53 
12 
36 
18 
100 
183 
149 
37 
61 
66 
152 
169 
194 
122 
66 
1 
15 
28 
34 
76 
42 
0 
126 
108 
66 
153 
175 
168 
112 
64 
4 
18 
92 
247 
233 
226 
146 
102 
18 
100 
90 
71 
33 
34 
31 
31 
62 
7 
68 
42 
15 
23 
6 
32 
96 
103 
86 
53 
16 
1 
2 
31 
64 
93 
61 
45 
24 
16 
48 
80 
79 
110 
139 
101 
14 
4 
98 
172 
66 
42 
50 
6 
58 
63 
15 
37 
57 
58 
34 
10 
30 
37 
35 
61 
63 
46 
11 
2 
36 
98 
156 
170 
87 
16 
79 
208 
136 
117 
128 
96 
39 
1 
42 
72 
113 
63 
6 
45 
51 
29 
0 
57 
111 
88 
2 
150 
85 
64 
7 
103 
72 
7 
96 
149 
197 
128 
54 
44 
58 
72 
73 
31 
16 
17 
58 
88 
64 
7 
111 
135 
86 
2 
111 
120 
40 
111 
240 
213 
125 
69 
0 
57 
63 
92 
106 
111 
73 
2 
56 
103 
86 
24 
33 
50 
55 
80 
31 
96 
121 
66 
29 
112 
15 
55 
55 
90 
78 
37 
8 
15 
14 
23 
28 
34 
7 
6 
26 
31 
15 
0 
8 
37 
32 
15 
22 
40 
83 
29 
13 
7 
24 
39 
63 
46 
13 
15 
17 
8 
46 
84 
45 
44 
124 
138 
96 
13 
45 
37 
31 
39 
104 
137 
90 
22 
45 
48 
15 
22 
48 
63 
78 
13 
44 
66 
96 
73 
103 
88 
6 
53 
93 
117 
72 
31 
15 
29 
29 
18 
58 
46 
13 
24 
39 
14 
15 
0 
41 
23 
7 
30 
61 
31 
6 
111 
136 
151 
111 
95 
78 
45 
24 
3 
2 
119 
89 
66 
31 
20 
13 
48 
35 
29 
24 
15 
31 
9 
34 
80 
73 
50 
34 
22 
21 
0 
22 
10 
15 
10 
69 
109 
13 
7 
8 
58 
46 
53 
15 
96 
181 
213 
93 
23 
88 
85 
69 
48 
24 
48 
65 
58 
15 
47 
59 
37 
0 
17 
16 
72 
2 
26 
10 
26 
122 
146 
78 
21 
55 
102 
20 
90 
76 
55 
25 
92 
90 
120 
41 
61 
57 
50 
82 
66 
58 
30 
13 
32 
39 
46 
40 
78 
36 
5 
52 
98 
167 
176 
152 
43 
114 
204 
146 
170 
167 
63 
9 
58 
55 
49 
42 
16 
14 
15 
35 
29 
0 
32 
55 
9 
159 
191 
80 
7 
121 
202 
199 
144 
23 
63 
7 
33 
34 
39 
33 
10 
36 
130 
111 
87 
16 
97 
98 
119 
168 
143 
31 
33 
23 
56 
73 
82 
34 
15 
16 
111 
63 
0 
31 
71 
38 
77 
72 
3 
106 
167 
103 
50 
6 
82 
94 
117 
128 
118 
8 
81 
135 
120 
24 
79 
192 
248 
72 
32 
25 
50 
71 
80 
49 
13 
43 
101 
110 
52 
21 
17 
55 
92 
98 
18 
5 
16 
112 
88 
59 
29 
104 
43 
130 
40 
123 
5 
156 
130 
55 
71 
78 
77 
88 
6 
18 
95 
16 
10 
22 
109 
24 
104 
16 
18 
10 
56 
55 
9 
90 
62 
69 
40 
70 
80 
83 
29 
44 
82 
63 
25 
18 
15 
24 
7 
8 
7 
18 
62 
157 
155 
141 
78 
22 
44 
92 
60 
51 
26 
12 
55 
65 
47 
9 
45 
77 
56 
15 
1 
21 
16 
23 
39 
54 
37 
56 
11 
90 
167 
280 
312 
19 
179 
250 
228 
138 
71 
15 
47 
63 
14 
5 
15 
71 
40 
15 
48 
37 
61 
5 
42 
34 
102 
109 
61 
40 
63 
47 
6 
34 
15 
6 
74 
168 
128 
24 
24 
40 
77 
61 
77 
117 
61 
48 
64 
111 
22 
42 
31 
18 
30 
42 
95 
88 
48 
0 
31 
0 
0 
7 
2 
30 
77 
109 
104 
39 
38 
26 
87 
72 
8 
71 
103 
46 
5 
18 
71 
126 
109 
83 
37 
39 
103 
71 
30 
128 
175 
110 
104 
126 
59 
82 
209 
175 
31 
29 
97 
202 
18 
41 
13 
10 
39 
8 
6 
26 
68 
34 
8 
39 
47 
58 
18 
93 
173 
101 
11 
34 
105 
170 
215 
207 
102 
21 
84 
98 
64 
72 
13 
6 
61 
72 
62 
24 
81 
119 
173 
141 
114 
263 
256 
128 
12 
18 
39 
1 
5 
80 
38 
165 
115 
21 
113 
284 
330 
198 
53 
188 
266 
288 
221 
133 
40 
48 
73 
127 
72 
22 
64 
38 
63 
99 
141 
171 
28 
315 
186 
103 
20 
18 
11 
42 
87 
88 
97 
74 
50 
46 
21 
66 
87 
0 
15 
0 
8 
47 
63 
24 
88 
32 
16 
1 
114 
151 
255 
126 
45 
44 
103 
65 
71 
41 
0 
54 
40 
9 
35 
66 
72 
69 
69 
18 
87 
160 
141 
49 
58 
98 
62 
5 
31 
73 
114 
79 
32 
8 
0 
24 
24 
74 
58 
98 
130 
106 
30 
26 
2 
23 
72 
57 
143 
223 
87 
89 
199 
224 
216 
104 
67 
69 
12 
58 
244 
167 
7 
78 
93 
112 
119 
102 
52 
45 
89 
164 
95 
44 
66 
0 
32 
8 
61 
125 
37 
34 
87 
79 
30 
10 
84 
106 
71 
72 
23 
3 
18 
4 
29 
4 
42 
23 
16 
88 
88 
48 
0 
30 
0 
9 
8 
25 
40 
102 
48 
36 
42 
30 
52 
21 
28 
42 
14 
32 
4 
74 
143 
2 
49 
26 
23 
79 
72 
23 
54 
82 
119 
48 
32 
56 
24 
161 
226 
190 
141 
35 
90 
172 
114 
32 
17 
101 
112 
107 
10 
88 
49 
21 
40 
17 
66 
80 
88 
5 
47 
31 
95 
80 
64 
47 
93 
2 
58 
78 
29 
23 
55 
32 
15 
50 
66 
70 
21 
8 
0 
1 
21 
8 
12 
10 
32 
19 
53 
43 
13 
11 
63 
97 
90 
15 
55 
63 
65 
122 
103 
71 
0 
30 
85 
83 
10 
51 
45 
12 
21 
31 
33 
119 
112 
40 
71 
119 
102 
5 
112 
145 
18 
13 
29 
117 
149 
117 
16 
23 
96 
45 
41 
42 
2 
15 
38 
157 
219 
245 
75 
91 
58 
177 
167 
48 
7 
82 
62 
37 
16 
4 
13 
23 
41 
26 
8 
47 
86 
80 
11 
5 
64 
3 
18 
31 
72 
10 
62 
29 
56 
78 
37 
36 
66 
31 
70 
69 
0 
65 
66 
34 
24 
24 
7 
16 
75 
45 
8 
73 
79 
0 
32 
72 
117 
93 
32 
7 
73 
138 
55 
15 
95 
119 
214 
149 
44 
90 
44 
114 
152 
45 
9 
13 
45 
29 
58 
26 
21 
29 
53 
77 
80 
95 
38 
42 
55 
23 
5 
13 
45 
37 
0 
63 
24 
71 
119 
118 
29 
7 
30 
12 
18 
32 
33 
47 
8 
46 
21 
23 
70 
68 
29 
30 
36 
83 
58 
8 
46 
69 
41 
10 
34 
25 
42 
2 
32 
56 
75 
101 
12 
50 
65 
103 
88 
29 
26 
34 
14 
29 
53 
56 
111 
134 
69 
52 
106 
71 
24 
49 
82 
41 
90 
55 
55 
40 
56 
48 
31 
14 
5 
31 
25 
7 
16 
14 
32 
15 
46 
37 
24 
9 
21 
32 
23 
6 
23 
20 
10 
31 
14 
69 
64 
62 
64 
54 
44 
18 
76 
10 
24 
35 
85 
28 
47 
14 
12 
55 
41 
10 
15 
47 
102 
77 
63 
112 
69 
5 
90 
94 
85 
48 
4 
34 
4 
34 
7 
6 
5 
0 
38 
85 
72 
22 
18 
36 
42 
15 
6 
18 
67 
29 
16 
43 
13 
32 
38 
18 
80 
9 
5 
40 
7 
6 
10 
31 
0 
38 
61 
48 
19 
53 
64 
59 
53 
3 
58 
124 
58 
23 
7 
23 
38 
5 
4 
21 
23 
30 
8 
7 
47 
78 
77 
51 
13 
4 
162 
168 
9 
2 
0 
48 
63 
103 
151 
102 
21 
7 
56 
81 
114 
26 
0 
0 
17 
18 
40 
83 
93 
56 
70 
24 
32 
1 
29 
13 
0 
0 
0 
28 
21 
48 
28 
45 
48 
19 
42 
56 
17 
5 
40 
71 
54 
45 
31 
25 
15 
1 
8 
4 
21 
0 
4 
2 
32 
72 
62 
2 
11 
10 
12 
26 
31 
80 
0 
55 
47 
31 
17 
29 
56 
79 
70 
24 
73 
79 
81 
50 
26 
10 
109 
197 
141 
80 
19 
34 
55 
49 
42 
15 
0 
6 
34 
63 
8 
38 
53 
85 
112 
43 
2 
16 
6 
45 
7 
0 
22 
61 
32 
1 
23 
52 
58 
40 
14 
13 
71 
118 
88 
30 
8 
20 
13 
8 
9 
0 
28 
42 
39 
24 
57 
10 
13 
21 
48 
72 
56 
31 
46 
13 
16 
7 
1 
2 
5 
24 
31 
8 
22 
13 
16 
33 
34 
23 
0 
32 
40 
80 
8 
47 
7 
40 
48 
24 
3 
2 
3 
101 
100 
77 
51 
98 
152 
125 
53 
13 
42 
143 
183 
151 
126 
19 
58 
49 
31 
33 
31 
33 
7 
6 
7 
9 
34 
40 
7 
79 
95 
87 
94 
61 
24 
17 
34 
52 
26 
7 
4 
2 
18 
0 
16 
56 
8 
39 
63 
22 
13 
47 
54 
40 
0 
22 
37 
29 
7 
23 
0 
23 
14 
13 
8 
12 
61 
55 
6 
39 
9 
0 
16 
1 
13 
7 
17 
37 
80 
104 
118 
29 
49 
127 
17 
5 
16 
1 
10 
8 
15 
23 
26 
14 
2 
7 
0 
62 
77 
43 
5 
20 
39 
60 
10 
16 
72 
87 
1 
10 
98 
15 
56 
48 
24 
75 
42 
23 
16 
9 
2 
8 
23 
38 
29 
47 
18 
6 
18 
34 
18 
17 
14 
61 
77 
64 
12 
66 
103 
7 
40 
104 
85 
69 
24 
0 
16 
2 
17 
34 
8 
1 
2 
15 
14 
21 
45 
16 
16 
31 
31 
48 
32 
18 
18 
30 
37 
45 
24 
14 
16 
15 
25 
42 
31 
0 
34 
42 
22 
42 
2 
32 
32 
32 
7 
31 
98 
46 
5 
10 
7 
16 
16 
32 
65 
58 
71 
8 
80 
87 
119 
106 
62 
13 
15 
25 
26 
8 
0 
17 
42 
63 
40 
0 
31 
55 
71 
74 
70 
53 
8 
15 
16 
21 
9 
18 
10 
5 
37 
72 
31 
6 
32 
11 
2 
8 
17 
18 
16 
56 
64 
8 
31 
55 
55 
47 
87 
71 
23 
6 
42 
63 
56 
16 
6 
45 
69 
56 
7 
7 
15 
7 
21 
37 
29 
5 
54 
61 
72 
70 
40 
22 
55 
104 
37 
10 
47 
79 
48 
32 
63 
0 
57 
34 
0 
7 
14 
10 
18 
16 
24 
39 
55 
22 
21 
40 
55 
70 
45 
27 
2 
24 
25 
79 
64 
25 
13 
29 
29 
40 
8 
15 
47 
31 
14 
13 
24 
16 
33 
10 
24 
48 
71 
74 
22 
5 
7 
40 
33 
26 
23 
15 
30 
29 
37 
128 
47 
30 
29 
16 
29 
33 
34 
15 
0 
7 
14 
8 
0 
22 
29 
88 
15 
1 
5 
7 
8 
7 
30 
21 
10 
0 
16 
17 
29 
48 
47 
46 
0 
40 
25 
5 
40 
47 
18 
41 
10 
31 
16 
0 
63 
106 
54 
21 
24 
14 
53 
43 
18 
48 
41 
71 
39 
23 
31 
31 
18 
14 
13 
21 
32 
40 
31 
23 
18 
1 
18 
63 
23 
15 
22 
37 
37 
40 
48 
15 
49 
90 
71 
47 
16 
81 
154 
151 
103 
62 
5 
23 
60 
66 
31 
1 
0 
22 
37 
19 
5 
0 
16 
25 
10 
8 
32 
32 
15 
16 
48 
47 
14 
29 
8 
27 
29 
48 
38 
8 
15 
17 
50 
47 
0 
7 
7 
18 
14 
5 
32 
47 
46 
21 
23 
53 
49 
18 
9 
34 
58 
26 
22 
45 
5 
8 
23 
46 
29 
0 
0 
22 
29 
16 
16 
9 
18 
26 
66 
13 
117 
104 
67 
5 
3 
2 
28 
66 
63 
32 
15 
55 
79 
31 
55 
31 
0 
25 
26 
0 
17 
29 
55 
86 
61 
32 
24 
77 
57 
2 
2 
7 
48 
47 
30 
53 
67 
45 
32 
22 
15 
4 
2 
0 
0 
1 
42 
23 
40 
48 
21 
34 
42 
70 
101 
80 
11 
18 
23 
5 
22 
29 
7 
16 
33 
37 
48 
16 
1 
23 
31 
38 
45 
40 
0 
17 
5 
56 
31 
7 
1 
18 
15 
1 
37 
48 
11 
18 
7 
14 
0 
27 
21 
7 
15 
34 
22 
29 
16 
8 
6 
16 
14 
23 
25 
8 
27 
61 
48 
40 
49 
26 
42 
7 
0 
48 
72 
88 
63 
46 
8 
36 
18 
23 
14 
53 
32 
22 
5 
8 
15 
41 
18 
16 
15 
14 
29 
48 
23 
6 
8 
24 
17 
2 
21 
48 
16 
7 
7 
54 
53 
30 
16 
9 
7 
11 
18 
7 
1 
2 
21 
24 
39 
38 
21 
16 
16 
9 
10 
0 
14 
21 
15 
6 
29 
40 
7 
24 
33 
21 
56 
7 
29 
41 
58 
13 
61 
64 
59 
61 
32 
25 
29 
64 
71 
47 
1 
18 
39 
32 
21 
14 
45 
24 
15 
62 
61 
32 
57 
50 
23 
56 
24 
31 
79 
79 
86 
93 
11 
5 
36 
82 
112 
65 
26 
88 
120 
112 
96 
79 
22 
47 
25 
39 
36 
2 
24 
1 
8 
3 
5 
23 
16 
41 
13 
61 
77 
69 
48 
4 
29 
11 
10 
12 
5 
11 
5 
0 
1 
0 
0 
8 
5 
25 
34 
0 
16 
15 
62 
101 
72 
23 
1 
2 
7 
1 
37 
24 
25 
58 
64 
89 
18 
29 
109 
141 
80 
38 
32 
46 
32 
1 
13 
4 
26 
20 
2 
39 
88 
25 
10 
5 
24 
31 
54 
80 
39 
14 
2 
15 
16 
6 
2 
21 
24 
15 
23 
22 
21 
35 
53 
56 
30 
36 
34 
0 
38 
61 
7 
33 
71 
48 
30 
37 
64 
35 
5 
31 
33 
18 
0 
15 
58 
86 
13 
31 
40 
7 
26 
42 
62 
45 
40 
9 
18 
27 
24 
14 
8 
9 
0 
12 
2 
32 
15 
10 
9 
31 
0 
46 
61 
47 
46 
24 
22 
7 
60 
34 
5 
24 
0 
8 
7 
9 
5 
32 
23 
30 
37 
8 
12 
2 
15 
0 
0 
22 
21 
32 
31 
14 
24 
31 
46 
32 
19 
45 
6 
2 
16 
17 
10 
0 
0 
17 
18 
18 
0 
24 
23 
38 
48 
19 
37 
24 
1 
10 
15 
7 
14 
29 
29 
16 
0 
9 
21 
23 
38 
0 
1 
16 
4 
42 
63 
63 
24 
40 
88 
80 
96 
64 
32 
12 
26 
23 
9 
5 
20 
34 
8 
38 
61 
32 
15 
1 
0 
15 
14 
29 
15 
22 
24 
25 
10 
7 
32 
21 
29 
21 
14 
29 
61 
40 
64 
55 
30 
5 
8 
9 
7 
16 
6 
10 
10 
15 
32 
64 
40 
15 
24 
21 
30 
69 
48 
15 
14 
18 
0 
14 
8 
33 
18 
23 
0 
23 
31 
7 
8 
31 
71 
31 
38 
37 
16 
20 
26 
8 
16 
64 
69 
37 
26 
90 
142 
141 
112 
19 
50 
12 
18 
17 
0 
9 
7 
17 
31 
24 
0 
26 
17 
5 
29 
37 
45 
48 
56 
38 
5 
23 
17 
2 
24 
15 
33 
42 
34 
8 
24 
23 
23 
42 
46 
13 
7 
24 
16 
7 
63 
55 
10 
30 
5 
23 
39 
0 
24 
72 
47 
14 
0 
20 
2 
32 
54 
37 
24 
0 
6 
10 
18 
0 
23 
30 
29 
31 
30 
8 
25 
34 
23 
31 
15 
16 
32 
48 
48 
39 
38 
21 
15 
30 
26 
32 
17 
21 
48 
88 
79 
30 
13 
8 
17 
2 
40 
105 
58 
24 
79 
86 
85 
56 
22 
15 
1 
34 
24 
9 
2 
8 
7 
32 
24 
2 
50 
62 
85 
56 
12 
50 
39 
24 
16 
47 
63 
0 
9 
13 
21 
37 
48 
40 
27 
21 
19 
2 
32 
25 
23 
15 
24 
8 
23 
7 
39 
50 
46 
93 
69 
23 
8 
22 
18 
8 
6 
13 
0 
6 
13 
16 
0 
14 
13 
24 
11 
21 
32 
19 
21 
0 
17 
50 
31 
8 
31 
7 
7 
23 
55 
38 
21 
24 
15 
22 
21 
15 
30 
26 
23 
15 
6 
13 
8 
0 
8 
17 
26 
39 
7 
40 
135 
143 
102 
21 
36 
42 
47 
24 
21 
9 
2 
2 
24 
16 
11 
45 
24 
30 
48 
0 
25 
13 
24 
31 
15 
9 
13 
5 
16 
7 
17 
50 
31 
7 
34 
46 
93 
61 
8 
23 
23 
0 
0 
24 
6 
45 
64 
67 
45 
3 
34 
28 
21 
0 
1 
18 
13 
16 
16 
15 
30 
21 
40 
27 
37 
23 
30 
16 
17 
31 
32 
9 
2 
2 
15 
31 
7 
56 
72 
72 
63 
22 
45 
32 
6 
15 
36 
2 
0 
1 
13 
48 
25 
34 
15 
8 
22 
45 
40 
27 
45 
40 
7 
9 
26 
31 
15 
27 
21 
8 
0 
17 
37 
48 
22 
16 
19 
29 
23 
6 
0 
16 
25 
26 
18 
5 
32 
40 
39 
30 
53 
7 
17 
63 
25 
29 
24 
48 
71 
39 
6 
18 
58 
55 
47 
7 
23 
23 
55 
79 
38 
21 
5 
23 
40 
24 
32 
7 
31 
15 
7 
15 
66 
86 
53 
39 
30 
0 
56 
6 
2 
39 
31 
16 
8 
64 
80 
56 
15 
25 
34 
31 
16 
23 
46 
24 
8 
6 
13 
2 
10 
8 
48 
48 
39 
14 
2 
16 
17 
5 
8 
47 
38 
29 
0 
0 
0 
8 
2 
2 
14 
13 
32 
23 
22 
8 
11 
5 
15 
15 
14 
2 
5 
39 
7 
7 
0 
40 
32 
40 
71 
91 
61 
32 
1 
47 
76 
42 
23 
0 
6 
29 
37 
15 
16 
87 
86 
61 
24 
1 
23 
17 
10 
24 
6 
5 
24 
30 
2 
15 
8 
7 
1 
5 
16 
23 
23 
30 
2 
23 
8 
15 
31 
7 
7 
2 
13 
9 
5 
29 
29 
24 
32 
31 
38 
37 
0 
7 
14 
2 
34 
23 
7 
7 
23 
31 
39 
30 
29 
48 
15 
1 
5 
0 
8 
24 
7 
23 
2 
6 
21 
24 
31 
46 
53 
27 
37 
32 
62 
21 
52 
50 
79 
96 
69 
18 
18 
42 
42 
15 
18 
26 
58 
54 
53 
40 
0 
1 
2 
8 
0 
8 
25 
10 
10 
0 
24 
48 
55 
46 
21 
7 
1 
0 
16 
9 
2 
16 
24 
0 
8 
18 
30 
45 
40 
31 
38 
32 
1 
10 
72 
73 
18 
2 
21 
37 
61 
37 
37 
32 
23 
14 
21 
8 
8 
9 
10 
8 
23 
46 
21 
8 
15 
6 
2 
8 
23 
30 
13 
16 
3 
2 
0 
14 
37 
24 
0 
1 
18 
31 
31 
0 
15 
23 
42 
46 
32 
23 
1 
26 
15 
0 
24 
24 
15 
5 
9 
21 
56 
63 
51 
61 
8 
17 
34 
32 
21 
9 
10 
13 
8 
32 
16 
7 
15 
0 
15 
31 
7 
0 
18 
22 
13 
45 
24 
