23 
39 
39 
31 
46 
45 
43 
12 
13 
6 
7 
1 
15 
25 
42 
55 
88 
104 
96 
88 
78 
48 
35 
29 
16 
7 
14 
5 
23 
47 
47 
47 
39 
31 
38 
45 
39 
30 
16 
22 
4 
10 
60 
42 
36 
26 
20 
2 
12 
10 
4 
29 
30 
43 
43 
36 
3 
51 
74 
89 
90 
80 
57 
26 
23 
28 
2 
10 
7 
0 
0 
17 
10 
23 
32 
49 
50 
50 
15 
8 
15 
31 
14 
16 
15 
30 
32 
22 
0 
20 
42 
71 
96 
72 
55 
47 
34 
6 
5 
13 
5 
5 
0 
23 
16 
0 
7 
39 
47 
39 
18 
5 
13 
24 
31 
38 
29 
16 
38 
40 
35 
13 
3 
0 
9 
28 
52 
47 
49 
47 
9 
31 
40 
33 
34 
31 
16 
0 
9 
10 
0 
6 
19 
2 
4 
5 
7 
1 
0 
3 
5 
20 
21 
6 
3 
2 
33 
63 
65 
74 
87 
88 
80 
55 
30 
21 
13 
0 
32 
64 
83 
93 
78 
67 
27 
4 
19 
34 
49 
55 
41 
42 
56 
56 
45 
45 
29 
29 
17 
18 
26 
15 
32 
29 
9 
10 
10 
10 
16 
24 
39 
46 
48 
62 
51 
36 
13 
25 
52 
39 
33 
35 
42 
28 
15 
33 
18 
24 
1 
8 
30 
8 
1 
12 
3 
2 
6 
4 
19 
18 
9 
31 
41 
31 
6 
16 
22 
3 
4 
10 
20 
35 
34 
25 
27 
26 
52 
26 
12 
5 
35 
61 
62 
42 
6 
34 
57 
79 
89 
71 
80 
120 
119 
102 
80 
38 
21 
20 
42 
47 
79 
123 
132 
100 
83 
38 
25 
72 
89 
66 
58 
71 
63 
63 
47 
26 
18 
2 
29 
21 
0 
17 
34 
23 
32 
13 
13 
5 
13 
13 
1 
13 
24 
31 
54 
48 
38 
3 
13 
3 
4 
1 
9 
17 
9 
13 
1 
17 
12 
20 
23 
49 
87 
97 
103 
88 
72 
41 
21 
75 
83 
67 
27 
0 
9 
15 
8 
40 
77 
101 
104 
96 
104 
87 
62 
16 
3 
13 
0 
24 
45 
65 
62 
77 
53 
32 
9 
10 
39 
41 
34 
34 
31 
31 
31 
15 
5 
10 
2 
21 
5 
2 
15 
23 
20 
10 
0 
22 
56 
46 
27 
28 
29 
6 
4 
5 
20 
42 
55 
80 
96 
112 
112 
80 
56 
23 
7 
18 
1 
18 
42 
63 
70 
85 
75 
68 
13 
57 
104 
125 
109 
87 
86 
24 
29 
61 
55 
38 
32 
19 
21 
8 
8 
41 
71 
80 
48 
37 
37 
37 
53 
64 
86 
51 
21 
1 
23 
41 
34 
26 
2 
29 
29 
8 
0 
15 
7 
7 
7 
5 
9 
18 
30 
45 
40 
11 
2 
52 
58 
55 
32 
33 
26 
2 
5 
8 
16 
11 
45 
59 
29 
1 
47 
57 
74 
87 
72 
80 
80 
71 
62 
32 
7 
25 
66 
79 
78 
45 
35 
53 
51 
35 
27 
3 
36 
23 
17 
44 
58 
56 
33 
15 
28 
42 
79 
111 
150 
155 
140 
108 
68 
49 
29 
25 
84 
90 
96 
105 
98 
78 
53 
13 
23 
39 
66 
62 
88 
102 
88 
70 
32 
14 
7 
57 
74 
90 
66 
86 
76 
77 
62 
46 
26 
1 
30 
42 
57 
79 
80 
56 
25 
26 
55 
72 
88 
96 
75 
77 
56 
70 
56 
46 
24 
6 
15 
33 
39 
48 
49 
66 
70 
93 
83 
60 
37 
30 
12 
10 
9 
12 
27 
42 
65 
87 
79 
87 
94 
96 
67 
85 
88 
62 
45 
7 
9 
34 
39 
48 
64 
56 
64 
63 
38 
29 
8 
7 
17 
7 
22 
11 
3 
1 
9 
13 
1 
1 
20 
23 
1 
15 
28 
34 
68 
50 
33 
43 
50 
44 
18 
32 
45 
37 
45 
45 
56 
27 
29 
24 
15 
6 
2 
5 
17 
2 
13 
40 
40 
23 
34 
30 
21 
5 
0 
0 
1 
2 
24 
41 
47 
41 
10 
4 
2 
4 
13 
8 
17 
42 
47 
55 
42 
38 
53 
61 
72 
64 
39 
6 
18 
42 
50 
54 
45 
64 
67 
61 
54 
20 
5 
17 
36 
42 
41 
44 
26 
9 
23 
73 
82 
87 
62 
53 
48 
38 
37 
40 
31 
38 
21 
16 
14 
13 
0 
24 
29 
37 
53 
53 
53 
48 
51 
45 
19 
13 
9 
31 
65 
74 
55 
40 
48 
40 
37 
29 
13 
7 
15 
15 
1 
5 
0 
9 
26 
24 
17 
2 
23 
40 
40 
24 
15 
0 
16 
24 
15 
22 
13 
4 
2 
3 
8 
14 
7 
17 
23 
25 
26 
47 
47 
48 
40 
56 
56 
47 
31 
16 
62 
68 
77 
70 
54 
35 
4 
34 
63 
80 
88 
103 
94 
101 
96 
79 
62 
29 
8 
40 
69 
101 
96 
75 
61 
40 
3 
2 
15 
32 
65 
90 
98 
71 
50 
42 
26 
13 
40 
32 
39 
38 
24 
22 
29 
54 
28 
13 
14 
19 
20 
12 
4 
36 
20 
20 
11 
18 
1 
3 
10 
4 
5 
0 
14 
32 
86 
99 
108 
95 
97 
111 
112 
88 
69 
21 
9 
21 
40 
54 
35 
29 
38 
51 
35 
35 
27 
3 
3 
3 
14 
10 
1 
1 
20 
12 
36 
52 
43 
22 
30 
34 
25 
36 
31 
25 
39 
28 
5 
16 
22 
4 
3 
2 
1 
20 
35 
26 
20 
31 
33 
31 
1 
11 
37 
30 
3 
2 
6 
19 
26 
41 
44 
34 
17 
35 
34 
12 
5 
11 
24 
14 
0 
17 
31 
72 
81 
74 
63 
48 
40 
17 
13 
16 
38 
37 
31 
30 
40 
46 
59 
28 
25 
17 
6 
30 
50 
57 
60 
51 
26 
36 
15 
9 
15 
25 
23 
25 
34 
31 
33 
42 
56 
45 
25 
18 
0 
11 
29 
32 
30 
37 
35 
24 
6 
12 
34 
52 
50 
49 
55 
44 
34 
39 
16 
1 
13 
40 
78 
68 
45 
14 
20 
47 
65 
79 
85 
89 
74 
70 
77 
61 
32 
1 
10 
23 
48 
64 
78 
84 
65 
29 
1 
20 
23 
49 
74 
71 
48 
40 
40 
29 
9 
21 
37 
27 
45 
43 
36 
20 
4 
19 
34 
41 
39 
80 
85 
69 
64 
56 
31 
18 
10 
8 
7 
6 
7 
12 
2 
8 
27 
37 
48 
46 
24 
30 
36 
29 
22 
19 
12 
44 
76 
79 
81 
71 
56 
25 
18 
7 
8 
17 
2 
0 
8 
13 
25 
26 
23 
24 
24 
9 
0 
15 
32 
21 
13 
5 
14 
37 
24 
3 
2 
3 
10 
12 
18 
28 
34 
23 
24 
16 
9 
13 
0 
23 
22 
36 
53 
38 
6 
33 
76 
82 
80 
89 
74 
54 
37 
13 
9 
2 
13 
16 
16 
27 
37 
11 
5 
20 
42 
48 
33 
26 
15 
23 
8 
8 
6 
29 
43 
45 
38 
11 
0 
25 
20 
11 
11 
5 
1 
20 
23 
17 
58 
47 
56 
49 
23 
12 
26 
25 
36 
33 
21 
22 
3 
4 
13 
11 
7 
9 
20 
10 
20 
42 
68 
39 
33 
4 
3 
3 
11 
5 
14 
3 
5 
8 
9 
23 
44 
42 
20 
3 
10 
17 
36 
15 
9 
7 
1 
18 
28 
18 
15 
14 
12 
37 
38 
54 
14 
1 
12 
44 
36 
35 
26 
20 
7 
1 
20 
10 
6 
12 
21 
6 
9 
20 
36 
76 
66 
84 
74 
47 
24 
16 
5 
25 
18 
2 
10 
15 
7 
8 
1 
15 
1 
24 
22 
16 
30 
40 
38 
36 
29 
14 
12 
19 
18 
12 
47 
81 
95 
81 
82 
79 
71 
31 
2 
1 
5 
2 
18 
46 
61 
59 
60 
53 
30 
9 
36 
47 
33 
23 
25 
31 
40 
41 
18 
7 
12 
2 
15 
40 
33 
50 
56 
24 
6 
29 
8 
4 
5 
8 
0 
22 
21 
27 
36 
37 
14 
25 
41 
51 
34 
28 
34 
32 
33 
31 
40 
17 
2 
0 
1 
10 
63 
96 
88 
48 
16 
1 
29 
48 
51 
45 
31 
30 
32 
19 
10 
31 
41 
50 
48 
33 
39 
41 
42 
31 
24 
25 
26 
18 
6 
18 
10 
14 
5 
0 
16 
1 
8 
6 
5 
3 
5 
0 
1 
16 
6 
8 
3 
2 
12 
18 
52 
50 
68 
66 
31 
25 
2 
19 
52 
69 
46 
19 
8 
1 
32 
57 
66 
71 
80 
85 
85 
69 
45 
24 
15 
39 
54 
56 
54 
44 
37 
19 
8 
9 
34 
64 
89 
98 
79 
63 
47 
30 
2 
7 
24 
24 
32 
48 
59 
53 
19 
0 
41 
55 
81 
82 
58 
15 
0 
23 
32 
8 
15 
31 
70 
53 
38 
12 
18 
33 
52 
34 
24 
6 
47 
72 
64 
55 
55 
22 
13 
5 
5 
9 
18 
34 
18 
0 
15 
7 
2 
22 
21 
16 
35 
45 
59 
53 
46 
19 
3 
10 
25 
41 
75 
106 
103 
80 
64 
53 
37 
21 
5 
10 
22 
2 
0 
0 
30 
16 
1 
0 
1 
10 
23 
40 
48 
31 
23 
30 
29 
24 
32 
24 
16 
24 
40 
24 
0 
16 
0 
34 
54 
61 
43 
37 
59 
53 
38 
28 
50 
80 
97 
90 
90 
90 
70 
37 
5 
2 
7 
15 
23 
31 
31 
6 
13 
24 
38 
12 
5 
3 
23 
33 
31 
33 
10 
0 
6 
18 
0 
22 
20 
5 
17 
71 
112 
117 
112 
67 
61 
40 
30 
8 
16 
9 
26 
39 
47 
39 
14 
5 
7 
9 
2 
15 
16 
21 
37 
32 
32 
15 
5 
13 
29 
16 
0 
8 
9 
31 
32 
33 
26 
10 
0 
7 
30 
45 
31 
30 
32 
22 
11 
10 
25 
36 
34 
41 
28 
18 
60 
50 
47 
55 
66 
70 
53 
24 
0 
23 
55 
31 
18 
9 
2 
13 
5 
0 
23 
31 
47 
46 
53 
72 
46 
20 
2 
44 
66 
103 
112 
104 
71 
54 
21 
32 
8 
13 
37 
37 
29 
48 
27 
21 
3 
18 
25 
23 
8 
6 
0 
0 
9 
18 
8 
3 
5 
8 
6 
39 
72 
81 
90 
90 
78 
53 
32 
7 
16 
21 
45 
64 
55 
46 
53 
32 
22 
19 
42 
55 
73 
74 
50 
7 
7 
8 
6 
21 
24 
14 
13 
11 
5 
39 
72 
77 
61 
33 
2 
10 
15 
24 
16 
0 
0 
2 
22 
21 
32 
1 
26 
28 
5 
4 
2 
16 
17 
26 
31 
32 
32 
21 
24 
16 
8 
8 
6 
2 
4 
10 
23 
25 
10 
0 
0 
5 
6 
16 
27 
29 
27 
29 
14 
12 
47 
57 
71 
93 
77 
61 
53 
53 
24 
0 
16 
32 
40 
31 
46 
13 
12 
26 
47 
48 
49 
26 
5 
16 
7 
3 
13 
32 
46 
60 
37 
6 
35 
50 
64 
65 
74 
79 
63 
63 
55 
46 
21 
10 
55 
63 
54 
61 
51 
16 
6 
28 
42 
40 
41 
58 
47 
40 
40 
24 
16 
10 
46 
61 
35 
24 
14 
4 
0 
22 
19 
17 
13 
14 
22 
18 
6 
3 
11 
20 
28 
28 
52 
59 
34 
25 
20 
11 
10 
20 
27 
34 
14 
19 
36 
44 
59 
50 
33 
31 
19 
29 
27 
44 
41 
61 
58 
33 
25 
4 
3 
12 
20 
35 
42 
1 
16 
22 
35 
25 
41 
49 
49 
41 
36 
58 
49 
27 
13 
62 
43 
35 
26 
12 
7 
6 
3 
10 
4 
19 
2 
3 
16 
14 
19 
4 
21 
38 
75 
83 
99 
106 
73 
44 
10 
9 
3 
20 
29 
38 
46 
54 
42 
17 
1 
30 
58 
73 
73 
76 
59 
42 
25 
11 
5 
12 
5 
22 
19 
28 
13 
1 
1 
14 
6 
9 
13 
6 
14 
11 
27 
34 
33 
28 
39 
33 
39 
41 
35 
2 
22 
22 
26 
41 
52 
43 
22 
13 
42 
57 
76 
63 
84 
74 
55 
57 
42 
31 
9 
0 
6 
12 
5 
3 
24 
1 
2 
8 
6 
24 
22 
19 
27 
35 
43 
6 
37 
58 
49 
55 
81 
90 
79 
71 
56 
24 
1 
2 
8 
11 
21 
11 
29 
11 
24 
14 
12 
21 
30 
35 
12 
21 
14 
3 
12 
28 
51 
82 
112 
113 
90 
71 
71 
48 
24 
7 
30 
45 
56 
62 
56 
46 
27 
11 
20 
11 
30 
26 
25 
12 
2 
9 
23 
33 
39 
48 
45 
57 
26 
15 
28 
34 
17 
19 
10 
28 
26 
23 
16 
8 
16 
13 
5 
5 
1 
5 
0 
16 
9 
7 
4 
13 
27 
40 
30 
11 
21 
14 
11 
5 
1 
36 
50 
68 
82 
87 
104 
85 
53 
29 
25 
5 
21 
24 
24 
7 
7 
1 
2 
2 
7 
0 
8 
32 
24 
16 
32 
40 
48 
47 
39 
31 
15 
18 
2 
5 
2 
10 
18 
7 
16 
31 
27 
21 
16 
0 
0 
6 
2 
2 
7 
31 
32 
33 
34 
71 
80 
56 
15 
7 
7 
8 
24 
24 
24 
23 
38 
40 
35 
29 
30 
12 
13 
22 
59 
20 
4 
2 
9 
12 
4 
19 
75 
62 
50 
41 
36 
51 
50 
68 
50 
40 
6 
40 
46 
24 
30 
3 
10 
11 
10 
28 
15 
9 
12 
51 
50 
25 
23 
25 
34 
40 
33 
34 
10 
16 
51 
53 
35 
37 
6 
1 
25 
12 
36 
18 
9 
19 
44 
20 
20 
20 
27 
11 
9 
25 
73 
124 
130 
112 
117 
101 
77 
61 
13 
0 
7 
47 
86 
109 
110 
83 
59 
19 
19 
50 
65 
71 
80 
65 
50 
39 
31 
24 
9 
13 
16 
11 
21 
11 
8 
17 
12 
4 
13 
12 
15 
17 
23 
4 
5 
4 
5 
14 
4 
3 
22 
26 
41 
41 
51 
74 
79 
80 
64 
39 
16 
48 
54 
45 
54 
20 
29 
30 
3 
34 
57 
63 
56 
73 
66 
62 
53 
37 
24 
7 
15 
30 
13 
19 
21 
3 
5 
1 
2 
20 
18 
7 
8 
1 
10 
7 
4 
10 
23 
28 
10 
16 
25 
23 
28 
26 
23 
24 
21 
25 
2 
10 
8 
15 
22 
8 
1 
0 
9 
15 
17 
23 
20 
5 
16 
9 
0 
8 
25 
26 
31 
12 
5 
28 
18 
28 
34 
55 
40 
25 
18 
15 
8 
16 
0 
16 
8 
8 
24 
40 
47 
39 
15 
0 
6 
13 
16 
8 
16 
8 
16 
16 
8 
15 
7 
9 
26 
23 
25 
26 
39 
32 
1 
13 
16 
0 
8 
6 
13 
21 
32 
14 
0 
17 
23 
33 
31 
33 
34 
47 
47 
24 
8 
30 
40 
43 
37 
4 
26 
32 
33 
42 
48 
53 
33 
34 
18 
7 
0 
0 
17 
26 
26 
18 
22 
37 
48 
56 
47 
54 
48 
23 
6 
7 
8 
1 
0 
7 
1 
18 
47 
47 
55 
62 
69 
67 
52 
41 
25 
4 
3 
11 
19 
28 
35 
43 
74 
81 
84 
66 
55 
49 
42 
31 
23 
32 
21 
21 
13 
29 
21 
0 
15 
23 
26 
1 
10 
23 
24 
21 
1 
16 
3 
21 
16 
22 
16 
16 
9 
34 
50 
50 
34 
47 
47 
56 
33 
5 
7 
23 
22 
45 
60 
53 
43 
37 
22 
12 
2 
17 
63 
89 
103 
96 
64 
61 
37 
17 
5 
21 
16 
15 
26 
14 
2 
23 
24 
25 
31 
40 
25 
18 
16 
3 
13 
24 
22 
29 
35 
21 
7 
1 
7 
1 
19 
42 
57 
60 
58 
71 
64 
48 
47 
46 
37 
5 
23 
54 
61 
59 
36 
13 
20 
42 
56 
72 
61 
48 
24 
16 
23 
15 
15 
39 
38 
37 
31 
6 
23 
44 
58 
47 
24 
9 
10 
2 
0 
8 
16 
1 
2 
0 
32 
41 
58 
63 
39 
16 
1 
10 
10 
5 
13 
29 
21 
24 
35 
45 
24 
6 
7 
25 
47 
41 
39 
40 
33 
26 
15 
8 
17 
5 
32 
19 
5 
7 
16 
33 
42 
63 
63 
48 
40 
13 
13 
6 
13 
29 
29 
21 
16 
19 
29 
27 
18 
56 
57 
66 
55 
55 
31 
23 
15 
8 
7 
15 
38 
29 
24 
1 
18 
31 
1 
0 
9 
7 
1 
7 
17 
18 
15 
31 
15 
7 
24 
32 
45 
41 
34 
23 
23 
8 
7 
10 
17 
10 
40 
67 
101 
94 
62 
22 
1 
28 
59 
82 
111 
128 
120 
107 
93 
48 
5 
33 
46 
37 
29 
24 
8 
8 
32 
48 
40 
56 
55 
55 
30 
8 
23 
32 
37 
45 
61 
72 
67 
37 
11 
0 
33 
59 
66 
47 
33 
18 
23 
24 
1 
5 
24 
11 
13 
3 
5 
20 
39 
49 
39 
28 
18 
15 
40 
29 
29 
1 
13 
16 
23 
22 
8 
1 
26 
40 
49 
18 
15 
36 
26 
15 
15 
8 
13 
5 
5 
2 
33 
50 
34 
26 
7 
8 
25 
26 
26 
5 
13 
16 
24 
32 
15 
2 
17 
10 
10 
7 
9 
34 
47 
48 
56 
40 
37 
5 
14 
45 
64 
59 
61 
46 
19 
18 
41 
63 
76 
42 
47 
33 
10 
8 
6 
13 
0 
12 
2 
7 
17 
18 
12 
10 
20 
18 
1 
3 
5 
3 
18 
39 
32 
45 
29 
29 
29 
29 
61 
61 
61 
64 
47 
15 
6 
10 
10 
30 
53 
61 
48 
55 
70 
56 
30 
12 
35 
42 
44 
31 
41 
50 
32 
33 
42 
31 
40 
32 
13 
9 
2 
15 
8 
12 
2 
7 
16 
6 
5 
15 
31 
40 
16 
23 
0 
7 
0 
0 
0 
1 
18 
31 
16 
1 
5 
15 
22 
8 
14 
24 
30 
12 
5 
6 
7 
41 
71 
72 
25 
15 
28 
50 
63 
48 
32 
24 
16 
8 
8 
8 
0 
7 
8 
8 
9 
2 
31 
40 
32 
40 
16 
7 
0 
8 
24 
32 
48 
35 
45 
30 
15 
33 
23 
17 
34 
32 
41 
26 
23 
0 
15 
6 
16 
11 
5 
12 
26 
28 
34 
31 
49 
34 
15 
8 
21 
9 
2 
0 
0 
8 
17 
18 
31 
36 
18 
15 
44 
42 
23 
0 
7 
24 
47 
62 
69 
27 
2 
24 
25 
31 
20 
26 
25 
47 
41 
39 
56 
53 
21 
5 
2 
0 
22 
29 
35 
13 
1 
19 
34 
55 
61 
77 
77 
53 
32 
23 
22 
8 
7 
32 
24 
16 
15 
22 
5 
3 
13 
27 
45 
38 
11 
8 
1 
32 
41 
39 
48 
65 
66 
55 
47 
40 
8 
22 
48 
62 
27 
21 
6 
0 
32 
45 
53 
64 
64 
64 
64 
53 
41 
26 
18 
18 
37 
21 
13 
13 
24 
16 
15 
14 
18 
26 
31 
32 
21 
21 
29 
13 
5 
5 
29 
29 
24 
23 
26 
22 
29 
32 
32 
31 
39 
39 
34 
14 
10 
10 
7 
40 
69 
61 
61 
40 
31 
22 
0 
28 
42 
55 
88 
77 
69 
53 
37 
13 
18 
10 
18 
46 
37 
56 
23 
17 
42 
58 
63 
71 
74 
54 
45 
16 
15 
22 
5 
8 
1 
18 
15 
16 
13 
13 
16 
11 
5 
0 
5 
25 
34 
26 
9 
22 
21 
21 
32 
3 
18 
15 
33 
55 
72 
61 
45 
17 
37 
64 
59 
21 
7 
9 
26 
7 
8 
33 
82 
119 
119 
134 
120 
102 
51 
29 
6 
19 
42 
96 
129 
130 
118 
109 
86 
51 
3 
36 
51 
50 
56 
73 
98 
94 
93 
61 
40 
0 
40 
32 
79 
79 
70 
45 
0 
39 
56 
56 
56 
47 
39 
7 
13 
9 
5 
16 
20 
26 
56 
89 
90 
70 
37 
13 
31 
32 
26 
9 
13 
0 
31 
15 
33 
34 
7 
14 
18 
15 
48 
2 
34 
37 
80 
63 
46 
21 
23 
14 
2 
78 
125 
126 
106 
73 
9 
26 
113 
142 
133 
133 
155 
141 
99 
29 
23 
72 
69 
41 
18 
2 
26 
66 
38 
13 
2 
24 
7 
16 
16 
8 
7 
8 
45 
41 
50 
58 
74 
79 
70 
85 
80 
75 
37 
11 
23 
97 
79 
112 
176 
112 
38 
23 
25 
11 
28 
33 
13 
33 
12 
3 
42 
80 
109 
85 
101 
104 
83 
45 
8 
31 
31 
22 
36 
29 
19 
32 
38 
8 
7 
31 
26 
37 
59 
13 
25 
79 
93 
77 
45 
48 
47 
42 
42 
18 
7 
24 
16 
30 
61 
56 
14 
5 
32 
86 
99 
75 
70 
86 
25 
84 
74 
71 
64 
85 
133 
133 
133 
128 
54 
2 
18 
13 
37 
120 
110 
43 
3 
42 
161 
194 
102 
37 
23 
12 
21 
40 
30 
10 
28 
5 
16 
41 
31 
12 
50 
103 
72 
32 
24 
18 
46 
45 
16 
17 
34 
39 
72 
29 
53 
61 
85 
80 
19 
58 
63 
171 
133 
130 
192 
173 
79 
5 
128 
210 
232 
208 
171 
164 
140 
140 
155 
155 
59 
156 
50 
64 
65 
78 
189 
187 
244 
116 
76 
43 
3 
28 
47 
65 
20 
27 
10 
35 
121 
305 
320 
229 
147 
44 
35 
179 
170 
64 
80 
69 
45 
59 
37 
30 
27 
6 
6 
9 
41 
65 
97 
105 
88 
65 
38 
2 
8 
38 
44 
45 
59 
69 
48 
15 
75 
93 
126 
131 
99 
44 
20 
2 
22 
60 
95 
89 
168 
177 
182 
125 
72 
137 
178 
62 
31 
59 
0 
57 
11 
2 
43 
84 
113 
44 
52 
113 
113 
100 
98 
95 
63 
58 
66 
22 
10 
24 
56 
158 
151 
145 
106 
36 
73 
120 
133 
144 
142 
140 
164 
181 
158 
59 
2 
76 
114 
127 
120 
48 
63 
159 
111 
33 
2 
5 
10 
87 
71 
215 
247 
126 
40 
41 
130 
183 
248 
191 
170 
142 
53 
0 
46 
68 
13 
113 
183 
69 
85 
155 
172 
292 
111 
102 
122 
145 
119 
48 
105 
106 
23 
1 
18 
63 
87 
46 
61 
123 
92 
60 
12 
58 
24 
30 
29 
24 
25 
26 
32 
49 
58 
58 
70 
13 
39 
89 
58 
23 
72 
159 
94 
23 
81 
38 
173 
76 
210 
87 
49 
43 
132 
87 
41 
36 
133 
90 
161 
79 
103 
134 
133 
116 
113 
113 
124 
90 
167 
230 
250 
280 
292 
297 
288 
341 
275 
237 
190 
131 
59 
24 
41 
103 
133 
181 
180 
257 
321 
255 
387 
353 
177 
135 
103 
71 
71 
46 
21 
9 
37 
115 
225 
161 
139 
130 
121 
84 
34 
17 
20 
36 
60 
57 
41 
33 
36 
35 
10 
190 
131 
100 
77 
30 
23 
41 
55 
80 
81 
58 
34 
34 
14 
53 
40 
67 
101 
91 
188 
195 
82 
25 
108 
60 
140 
122 
143 
207 
207 
78 
2 
78 
212 
204 
58 
12 
59 
2 
50 
65 
92 
242 
191 
16 
3 
69 
35 
29 
11 
58 
100 
114 
26 
0 
28 
29 
111 
198 
171 
44 
58 
145 
116 
31 
14 
1 
26 
33 
145 
228 
90 
21 
69 
88 
47 
25 
5 
95 
126 
126 
82 
105 
63 
96 
21 
29 
33 
5 
142 
219 
98 
80 
30 
101 
75 
20 
101 
62 
30 
73 
152 
109 
93 
115 
244 
129 
2 
152 
221 
228 
169 
100 
138 
105 
44 
108 
115 
42 
7 
49 
19 
29 
43 
125 
118 
70 
46 
70 
94 
38 
5 
6 
20 
68 
196 
161 
68 
5 
79 
247 
222 
4 
92 
52 
1 
1 
11 
58 
95 
63 
150 
203 
228 
236 
186 
228 
162 
15 
278 
299 
383 
224 
4 
18 
59 
67 
67 
28 
43 
26 
39 
47 
78 
99 
172 
220 
236 
147 
13 
86 
26 
92 
266 
86 
116 
268 
220 
138 
43 
113 
145 
114 
107 
157 
246 
290 
249 
175 
89 
36 
11 
6 
33 
137 
196 
234 
143 
56 
135 
4 
82 
55 
40 
154 
423 
139 
2 
140 
82 
244 
194 
151 
144 
89 
34 
46 
109 
68 
42 
24 
13 
200 
134 
258 
172 
61 
26 
56 
229 
338 
289 
362 
210 
2 
12 
105 
273 
311 
179 
29 
81 
156 
71 
25 
104 
56 
95 
0 
104 
88 
60 
202 
138 
33 
8 
94 
62 
18 
62 
107 
131 
106 
73 
3 
26 
48 
77 
109 
136 
150 
179 
124 
19 
50 
57 
55 
280 
285 
1 
35 
107 
35 
52 
127 
192 
133 
21 
40 
7 
40 
192 
23 
205 
229 
232 
36 
202 
55 
103 
223 
155 
115 
82 
9 
127 
81 
111 
235 
165 
91 
44 
21 
46 
100 
84 
18 
238 
181 
19 
61 
94 
84 
49 
10 
81 
116 
151 
137 
166 
165 
72 
36 
58 
74 
215 
166 
4 
3 
19 
58 
113 
135 
96 
72 
71 
223 
86 
43 
38 
1 
17 
17 
58 
151 
243 
249 
156 
0 
142 
12 
132 
101 
121 
63 
64 
8 
99 
157 
139 
188 
76 
10 
16 
9 
50 
82 
119 
199 
246 
203 
140 
93 
17 
164 
298 
167 
111 
46 
189 
59 
19 
66 
148 
210 
219 
213 
107 
13 
60 
282 
207 
94 
75 
11 
12 
27 
12 
75 
90 
88 
61 
45 
69 
72 
38 
101 
64 
26 
30 
2 
55 
40 
128 
253 
15 
97 
72 
49 
68 
35 
44 
35 
51 
108 
75 
60 
151 
213 
208 
150 
115 
140 
116 
148 
156 
107 
10 
234 
433 
167 
54 
40 
38 
43 
68 
13 
11 
12 
17 
2 
57 
22 
16 
17 
175 
192 
55 
74 
150 
61 
102 
189 
11 
36 
61 
75 
21 
35 
74 
60 
26 
79 
136 
176 
219 
157 
102 
11 
23 
30 
15 
145 
274 
182 
69 
39 
54 
7 
57 
74 
71 
87 
104 
120 
40 
7 
30 
29 
39 
54 
72 
62 
0 
17 
15 
36 
45 
47 
57 
27 
45 
1 
44 
0 
41 
15 
24 
117 
109 
35 
90 
139 
245 
91 
45 
58 
82 
38 
26 
30 
29 
3 
66 
28 
90 
0 
96 
40 
38 
37 
40 
15 
64 
32 
16 
40 
16 
23 
0 
24 
23 
34 
14 
29 
19 
5 
11 
20 
69 
78 
11 
19 
18 
33 
81 
111 
113 
130 
118 
160 
86 
3 
19 
34 
88 
153 
10 
33 
26 
27 
204 
121 
94 
110 
98 
79 
64 
71 
70 
56 
58 
13 
45 
80 
102 
72 
28 
42 
58 
23 
32 
34 
45 
29 
7 
80 
49 
2 
8 
2 
33 
66 
50 
42 
26 
45 
5 
58 
18 
38 
77 
45 
13 
7 
63 
144 
184 
166 
12 
4 
62 
138 
52 
29 
76 
10 
60 
63 
41 
47 
33 
21 
75 
112 
22 
11 
13 
23 
57 
71 
64 
17 
31 
25 
44 
68 
51 
59 
31 
81 
74 
138 
182 
165 
136 
70 
29 
87 
80 
43 
205 
166 
54 
22 
44 
42 
150 
212 
172 
107 
102 
35 
88 
62 
5 
71 
168 
264 
184 
35 
5 
31 
80 
81 
50 
50 
15 
39 
23 
15 
24 
55 
111 
40 
111 
147 
77 
23 
97 
95 
14 
45 
8 
25 
83 
29 
55 
25 
63 
40 
65 
66 
62 
13 
9 
2 
0 
0 
15 
47 
55 
78 
144 
115 
24 
49 
119 
73 
34 
63 
47 
22 
21 
8 
11 
29 
40 
109 
117 
112 
134 
51 
41 
45 
94 
67 
72 
33 
159 
136 
109 
109 
168 
163 
37 
89 
202 
254 
197 
112 
14 
34 
42 
42 
50 
70 
53 
77 
55 
2 
57 
82 
98 
86 
61 
16 
7 
7 
31 
26 
42 
102 
29 
71 
95 
102 
93 
80 
71 
38 
34 
95 
31 
16 
23 
7 
9 
42 
5 
40 
1 
13 
7 
88 
109 
56 
6 
79 
105 
44 
58 
63 
23 
7 
34 
14 
18 
1 
85 
104 
78 
38 
11 
12 
8 
41 
90 
126 
109 
87 
94 
37 
16 
7 
94 
84 
133 
78 
19 
5 
64 
184 
171 
165 
99 
51 
72 
46 
15 
112 
165 
88 
54 
40 
46 
24 
9 
50 
95 
79 
62 
101 
107 
37 
40 
16 
16 
23 
14 
29 
37 
56 
142 
173 
23 
153 
170 
34 
18 
61 
0 
4 
18 
0 
5 
21 
77 
149 
136 
127 
10 
56 
51 
8 
1 
111 
174 
32 
15 
29 
22 
101 
139 
74 
100 
99 
58 
84 
74 
71 
56 
17 
2 
16 
39 
29 
69 
85 
64 
23 
40 
64 
30 
20 
5 
36 
42 
39 
46 
21 
26 
79 
66 
46 
2 
34 
62 
42 
178 
174 
72 
24 
15 
71 
94 
61 
22 
124 
101 
9 
28 
26 
63 
96 
104 
87 
70 
64 
158 
136 
110 
83 
68 
33 
2 
73 
148 
114 
88 
57 
10 
72 
87 
78 
56 
54 
31 
105 
39 
54 
63 
30 
60 
101 
39 
9 
0 
15 
38 
40 
20 
10 
80 
88 
31 
24 
88 
96 
113 
167 
268 
2 
208 
267 
277 
211 
93 
4 
18 
72 
121 
90 
18 
7 
31 
15 
32 
48 
0 
22 
16 
7 
64 
123 
77 
59 
31 
88 
111 
150 
124 
61 
38 
15 
17 
34 
23 
15 
9 
2 
7 
72 
104 
32 
56 
72 
33 
40 
46 
24 
22 
48 
39 
17 
34 
50 
7 
96 
95 
31 
16 
8 
6 
10 
10 
18 
5 
32 
70 
101 
1 
27 
42 
4 
93 
87 
25 
87 
25 
61 
55 
22 
50 
94 
88 
22 
39 
33 
21 
43 
77 
67 
23 
65 
106 
70 
77 
40 
22 
37 
19 
21 
56 
103 
30 
61 
64 
78 
32 
59 
5 
60 
82 
151 
128 
136 
79 
6 
58 
71 
64 
29 
9 
93 
160 
142 
12 
159 
197 
173 
123 
92 
77 
110 
96 
10 
45 
93 
71 
94 
80 
27 
53 
16 
0 
7 
8 
6 
29 
7 
29 
109 
125 
101 
40 
27 
21 
67 
85 
75 
40 
14 
10 
106 
118 
109 
124 
149 
43 
23 
97 
154 
170 
190 
128 
150 
19 
87 
225 
279 
263 
110 
20 
107 
179 
154 
97 
12 
61 
35 
5 
52 
26 
19 
45 
46 
42 
73 
116 
114 
87 
80 
29 
62 
132 
188 
194 
151 
104 
121 
82 
50 
39 
11 
60 
129 
137 
121 
100 
63 
25 
10 
4 
29 
46 
38 
35 
59 
36 
4 
3 
27 
66 
73 
36 
10 
7 
24 
21 
21 
37 
37 
215 
175 
166 
141 
99 
89 
89 
49 
12 
0 
17 
18 
7 
8 
16 
32 
64 
75 
117 
158 
162 
137 
55 
17 
50 
3 
9 
14 
22 
18 
14 
17 
3 
163 
322 
169 
26 
80 
103 
46 
26 
42 
66 
13 
69 
77 
13 
0 
32 
96 
88 
47 
14 
18 
39 
24 
33 
71 
48 
31 
58 
26 
7 
15 
6 
26 
31 
86 
72 
62 
35 
11 
44 
97 
61 
1 
23 
65 
74 
42 
18 
66 
2 
2 
24 
94 
60 
61 
23 
2 
29 
45 
24 
59 
85 
83 
76 
36 
66 
32 
64 
128 
131 
148 
179 
178 
124 
66 
9 
170 
120 
80 
64 
40 
7 
23 
15 
8 
24 
32 
16 
8 
30 
37 
64 
31 
9 
46 
101 
88 
59 
21 
16 
17 
10 
2 
14 
26 
18 
26 
9 
26 
24 
40 
16 
40 
45 
13 
22 
53 
48 
40 
48 
53 
85 
80 
22 
60 
37 
8 
6 
29 
21 
13 
13 
23 
71 
71 
31 
15 
48 
53 
57 
26 
0 
7 
16 
112 
160 
112 
95 
41 
112 
161 
175 
151 
104 
56 
15 
71 
63 
39 
21 
53 
77 
80 
43 
69 
8 
105 
95 
32 
47 
71 
23 
16 
7 
32 
88 
103 
6 
32 
46 
48 
22 
111 
152 
133 
80 
40 
7 
31 
15 
40 
79 
62 
28 
29 
43 
7 
93 
141 
125 
79 
78 
83 
53 
19 
18 
71 
112 
88 
88 
79 
38 
39 
73 
74 
47 
48 
7 
88 
85 
5 
6 
7 
7 
14 
37 
51 
61 
62 
7 
65 
87 
63 
32 
53 
85 
93 
72 
55 
30 
18 
95 
63 
127 
174 
56 
97 
191 
160 
65 
13 
39 
65 
37 
135 
87 
0 
103 
118 
45 
55 
16 
125 
117 
32 
23 
32 
96 
104 
55 
87 
22 
90 
63 
31 
80 
64 
0 
33 
40 
6 
19 
26 
40 
16 
8 
59 
69 
56 
8 
112 
99 
53 
35 
53 
94 
52 
42 
48 
89 
95 
119 
95 
95 
82 
26 
5 
24 
16 
39 
62 
21 
4 
24 
38 
16 
25 
34 
47 
32 
9 
2 
23 
48 
72 
67 
93 
86 
12 
2 
3 
45 
63 
38 
8 
16 
49 
42 
38 
13 
13 
29 
69 
45 
5 
23 
12 
18 
20 
7 
1 
26 
32 
0 
50 
18 
49 
90 
50 
2 
15 
31 
40 
56 
0 
64 
31 
80 
125 
112 
27 
18 
108 
98 
71 
22 
66 
95 
44 
5 
72 
19 
50 
64 
49 
26 
7 
0 
23 
0 
39 
6 
13 
16 
30 
0 
33 
15 
4 
2 
28 
42 
47 
63 
94 
56 
54 
53 
53 
24 
39 
55 
79 
54 
88 
27 
82 
95 
72 
32 
16 
15 
34 
22 
5 
10 
15 
3 
61 
8 
36 
34 
74 
90 
58 
26 
18 
0 
24 
39 
54 
37 
7 
1 
21 
3 
66 
88 
81 
74 
10 
14 
37 
10 
55 
47 
15 
15 
8 
46 
21 
44 
42 
36 
66 
52 
50 
31 
78 
29 
32 
133 
189 
155 
109 
62 
7 
81 
119 
232 
232 
67 
50 
9 
68 
58 
41 
87 
105 
63 
32 
13 
2 
30 
45 
16 
4 
10 
11 
21 
8 
17 
34 
79 
87 
79 
88 
40 
24 
77 
133 
77 
23 
64 
81 
34 
64 
65 
42 
15 
15 
39 
80 
55 
87 
134 
36 
58 
49 
60 
28 
28 
19 
74 
144 
127 
94 
56 
7 
9 
37 
16 
80 
232 
238 
100 
35 
103 
121 
119 
136 
112 
24 
16 
56 
0 
39 
51 
29 
24 
11 
10 
31 
28 
26 
23 
33 
85 
72 
12 
50 
63 
48 
32 
16 
21 
17 
29 
21 
0 
25 
31 
12 
42 
55 
32 
1 
45 
24 
27 
5 
23 
40 
41 
34 
23 
8 
14 
18 
31 
15 
7 
6 
5 
8 
14 
36 
29 
30 
70 
94 
62 
68 
167 
192 
159 
138 
102 
69 
69 
24 
48 
73 
58 
34 
50 
22 
5 
7 
1 
5 
15 
7 
32 
56 
40 
47 
23 
47 
50 
22 
10 
24 
19 
21 
12 
34 
64 
49 
34 
15 
24 
32 
41 
18 
13 
5 
16 
15 
14 
26 
55 
8 
38 
5 
0 
9 
42 
55 
48 
93 
33 
21 
29 
16 
64 
104 
67 
18 
60 
55 
41 
39 
49 
26 
8 
9 
7 
24 
41 
34 
15 
39 
7 
56 
47 
47 
1 
42 
40 
46 
26 
79 
56 
9 
29 
19 
2 
3 
5 
19 
13 
3 
3 
42 
80 
85 
77 
69 
61 
32 
23 
26 
29 
25 
30 
21 
0 
15 
22 
2 
23 
20 
2 
8 
17 
15 
47 
88 
56 
8 
8 
23 
15 
30 
40 
43 
21 
28 
26 
16 
17 
66 
55 
32 
6 
21 
7 
17 
31 
22 
48 
41 
50 
55 
64 
64 
88 
79 
50 
10 
13 
61 
117 
152 
91 
77 
19 
34 
100 
98 
119 
159 
104 
49 
5 
13 
16 
23 
31 
71 
127 
182 
69 
92 
130 
121 
47 
41 
47 
52 
42 
15 
11 
37 
27 
2 
32 
41 
18 
23 
31 
62 
16 
6 
0 
25 
90 
72 
40 
40 
48 
31 
22 
5 
14 
37 
40 
30 
12 
2 
20 
42 
31 
7 
38 
2 
7 
8 
8 
22 
47 
72 
72 
49 
39 
16 
7 
62 
109 
72 
33 
95 
96 
65 
34 
7 
48 
2 
62 
48 
27 
5 
52 
2 
12 
5 
40 
46 
35 
34 
52 
5 
36 
90 
80 
33 
7 
12 
18 
79 
104 
88 
7 
97 
98 
22 
18 
15 
8 
1 
8 
20 
10 
7 
6 
20 
2 
14 
28 
29 
14 
71 
96 
72 
80 
56 
24 
16 
16 
16 
15 
34 
13 
61 
49 
5 
45 
80 
67 
29 
68 
90 
23 
0 
1 
2 
0 
19 
21 
36 
58 
79 
55 
82 
110 
69 
16 
15 
63 
130 
102 
53 
80 
1 
74 
87 
56 
49 
74 
111 
64 
42 
26 
14 
109 
80 
31 
38 
15 
73 
47 
41 
47 
65 
50 
47 
24 
30 
85 
32 
47 
56 
40 
8 
18 
6 
2 
0 
11 
2 
48 
81 
50 
23 
15 
15 
7 
8 
8 
55 
31 
24 
24 
32 
24 
7 
31 
119 
66 
38 
2 
95 
64 
48 
29 
33 
10 
5 
13 
24 
7 
31 
24 
32 
49 
58 
18 
7 
16 
7 
0 
16 
15 
0 
56 
64 
24 
24 
30 
5 
48 
81 
66 
55 
24 
10 
22 
13 
40 
22 
13 
0 
25 
34 
16 
33 
34 
34 
31 
48 
48 
45 
37 
29 
50 
50 
70 
69 
32 
9 
18 
9 
47 
73 
63 
44 
5 
15 
7 
30 
32 
30 
16 
17 
18 
15 
20 
18 
48 
49 
39 
28 
5 
4 
2 
8 
1 
2 
7 
1 
5 
16 
17 
23 
36 
18 
31 
8 
6 
2 
39 
55 
56 
53 
61 
37 
10 
58 
42 
62 
37 
8 
1 
7 
41 
66 
55 
16 
18 
14 
26 
31 
7 
8 
25 
5 
24 
1 
10 
4 
5 
55 
25 
18 
7 
8 
9 
2 
8 
27 
37 
16 
1 
12 
10 
52 
51 
50 
64 
49 
34 
31 
15 
7 
39 
38 
21 
0 
20 
5 
4 
26 
36 
18 
56 
57 
55 
32 
41 
50 
26 
16 
16 
87 
150 
53 
19 
21 
36 
71 
57 
71 
65 
55 
24 
40 
41 
18 
13 
24 
27 
10 
0 
1 
0 
1 
5 
8 
17 
34 
40 
33 
26 
26 
39 
47 
47 
31 
15 
7 
0 
2 
13 
62 
61 
69 
64 
54 
37 
35 
37 
19 
3 
10 
28 
34 
48 
41 
58 
55 
39 
23 
14 
5 
24 
0 
9 
7 
12 
18 
31 
57 
10 
23 
15 
16 
24 
24 
29 
25 
58 
50 
31 
16 
14 
16 
19 
13 
11 
13 
4 
10 
8 
25 
42 
50 
58 
22 
53 
53 
72 
32 
15 
32 
29 
45 
29 
21 
13 
5 
2 
2 
7 
8 
38 
32 
38 
23 
17 
44 
42 
40 
57 
79 
71 
39 
39 
7 
0 
18 
45 
25 
18 
2 
5 
13 
13 
21 
53 
56 
64 
63 
54 
69 
24 
22 
29 
11 
5 
28 
42 
12 
13 
20 
2 
8 
6 
5 
18 
5 
2 
2 
8 
16 
8 
8 
0 
23 
26 
33 
26 
18 
18 
18 
14 
13 
39 
56 
56 
69 
53 
41 
18 
13 
5 
16 
8 
56 
23 
15 
22 
34 
31 
31 
45 
105 
74 
42 
38 
21 
2 
7 
8 
32 
48 
32 
8 
16 
40 
53 
61 
53 
45 
32 
8 
0 
0 
7 
0 
16 
16 
16 
0 
8 
8 
13 
37 
21 
13 
2 
13 
21 
17 
10 
2 
2 
2 
13 
16 
0 
16 
24 
40 
37 
21 
29 
37 
24 
0 
40 
16 
24 
0 
15 
0 
7 
0 
7 
9 
10 
18 
0 
0 
8 
24 
21 
29 
25 
2 
13 
21 
8 
0 
9 
5 
31 
48 
37 
25 
26 
42 
2 
5 
2 
5 
18 
8 
32 
8 
7 
33 
34 
34 
31 
8 
16 
21 
33 
13 
61 
32 
16 
17 
58 
55 
40 
53 
2 
50 
54 
21 
26 
15 
32 
48 
72 
61 
21 
5 
18 
10 
18 
22 
13 
0 
1 
23 
33 
18 
7 
0 
23 
47 
23 
7 
0 
0 
14 
13 
7 
16 
17 
42 
31 
48 
25 
10 
0 
16 
7 
14 
2 
15 
24 
24 
2 
57 
74 
38 
29 
29 
29 
16 
7 
8 
5 
14 
21 
0 
15 
16 
0 
0 
0 
0 
24 
40 
72 
67 
61 
40 
11 
5 
15 
16 
2 
1 
66 
82 
50 
6 
34 
47 
56 
37 
37 
29 
21 
13 
5 
5 
5 
10 
18 
26 
14 
10 
31 
39 
63 
39 
39 
23 
0 
0 
7 
10 
5 
5 
29 
5 
8 
8 
3 
13 
7 
24 
33 
34 
31 
32 
48 
40 
24 
23 
38 
40 
15 
1 
10 
8 
7 
23 
30 
21 
16 
15 
0 
9 
18 
18 
15 
23 
31 
31 
6 
18 
34 
39 
39 
32 
32 
24 
31 
31 
23 
10 
1 
18 
26 
50 
38 
13 
8 
4 
42 
96 
89 
66 
31 
10 
2 
9 
26 
26 
18 
7 
18 
10 
6 
10 
31 
40 
21 
17 
10 
15 
7 
0 
14 
13 
0 
6 
21 
11 
21 
23 
33 
66 
71 
63 
72 
56 
31 
15 
18 
10 
21 
45 
37 
29 
8 
0 
0 
9 
10 
31 
31 
16 
5 
9 
18 
7 
7 
30 
29 
0 
9 
7 
7 
32 
73 
66 
66 
47 
31 
24 
8 
6 
45 
48 
11 
21 
40 
30 
0 
28 
34 
47 
41 
42 
39 
32 
25 
34 
15 
7 
8 
8 
8 
8 
8 
8 
9 
5 
8 
8 
25 
18 
18 
23 
24 
17 
2 
13 
32 
23 
30 
24 
4 
10 
31 
40 
49 
50 
47 
32 
16 
13 
9 
10 
2 
13 
16 
8 
8 
17 
0 
3 
5 
15 
36 
26 
15 
0 
9 
26 
8 
14 
29 
16 
20 
18 
39 
33 
50 
39 
32 
32 
9 
5 
5 
8 
15 
1 
34 
47 
16 
0 
6 
2 
15 
24 
49 
34 
26 
34 
18 
2 
8 
8 
8 
31 
38 
29 
7 
17 
31 
48 
45 
41 
26 
15 
4 
5 
0 
8 
24 
13 
14 
5 
0 
7 
12 
10 
23 
32 
17 
18 
23 
24 
21 
17 
2 
2 
8 
8 
23 
30 
24 
3 
7 
9 
15 
36 
50 
39 
31 
32 
32 
13 
6 
21 
24 
27 
37 
11 
34 
68 
42 
39 
56 
32 
24 
5 
9 
2 
16 
6 
2 
7 
24 
17 
10 
0 
16 
24 
25 
18 
0 
24 
24 
13 
1 
13 
10 
0 
7 
6 
13 
0 
25 
42 
40 
33 
18 
15 
17 
2 
24 
23 
6 
13 
15 
6 
34 
39 
40 
41 
50 
55 
48 
40 
16 
15 
15 
1 
2 
10 
8 
8 
8 
5 
1 
2 
23 
48 
49 
34 
18 
2 
7 
0 
0 
18 
14 
21 
16 
11 
5 
7 
32 
49 
42 
39 
40 
25 
2 
21 
16 
9 
18 
7 
0 
8 
29 
29 
33 
34 
34 
23 
23 
16 
1 
5 
13 
0 
15 
24 
2 
6 
2 
2 
7 
7 
24 
48 
32 
24 
8 
8 
8 
7 
2 
10 
10 
13 
1 
2 
2 
0 
23 
24 
17 
15 
16 
17 
5 
0 
8 
6 
5 
0 
0 
1 
0 
20 
10 
15 
9 
10 
4 
2 
3 
2 
28 
34 
31 
23 
24 
24 
21 
17 
18 
7 
16 
33 
34 
23 
0 
1 
2 
7 
1 
13 
8 
0 
1 
2 
7 
9 
18 
24 
25 
23 
32 
25 
18 
8 
14 
5 
0 
4 
13 
24 
3 
34 
48 
57 
58 
47 
47 
32 
32 
16 
16 
7 
16 
7 
15 
31 
22 
5 
15 
16 
25 
31 
16 
16 
1 
26 
31 
15 
0 
7 
18 
6 
5 
0 
8 
9 
2 
23 
25 
18 
24 
25 
18 
7 
8 
9 
2 
8 
23 
14 
2 
16 
9 
15 
36 
42 
39 
24 
25 
10 
7 
23 
24 
24 
0 
7 
0 
1 
13 
8 
1 
15 
9 
34 
23 
32 
33 
10 
2 
8 
0 
0 
9 
5 
5 
7 
1 
0 
17 
23 
17 
18 
8 
1 
10 
15 
32 
33 
10 
16 
15 
1 
23 
48 
56 
41 
34 
34 
23 
7 
15 
0 
7 
7 
14 
37 
32 
19 
13 
8 
9 
31 
33 
31 
40 
25 
23 
16 
12 
13 
16 
3 
13 
8 
6 
4 
18 
28 
42 
32 
33 
50 
39 
40 
32 
32 
24 
16 
7 
26 
14 
5 
0 
1 
18 
23 
40 
41 
18 
10 
10 
0 
16 
15 
14 
21 
16 
1 
10 
23 
41 
50 
47 
48 
21 
17 
10 
2 
0 
0 
0 
6 
37 
31 
22 
3 
10 
36 
42 
31 
49 
34 
31 
31 
32 
32 
40 
16 
8 
7 
15 
14 
13 
8 
6 
13 
19 
13 
28 
18 
28 
10 
6 
0 
1 
20 
2 
28 
26 
32 
33 
31 
24 
25 
2 
10 
15 
16 
1 
2 
0 
4 
42 
47 
56 
49 
42 
39 
31 
15 
7 
10 
10 
2 
9 
18 
14 
5 
13 
13 
10 
42 
46 
45 
64 
55 
46 
37 
40 
31 
1 
15 
23 
48 
32 
37 
24 
16 
16 
7 
15 
24 
37 
25 
34 
18 
15 
7 
15 
10 
1 
5 
2 
5 
24 
32 
40 
29 
29 
13 
8 
24 
8 
7 
31 
26 
1 
5 
2 
5 
0 
15 
16 
8 
9 
42 
47 
31 
31 
8 
8 
15 
7 
0 
0 
0 
7 
7 
8 
0 
16 
40 
37 
21 
5 
13 
8 
2 
18 
14 
13 
13 
16 
19 
13 
0 
17 
34 
55 
72 
48 
45 
45 
40 
16 
8 
7 
24 
39 
23 
22 
24 
8 
17 
34 
47 
39 
23 
15 
24 
8 
0 
0 
1 
5 
13 
0 
0 
8 
17 
18 
31 
16 
16 
1 
13 
16 
22 
21 
3 
18 
31 
40 
41 
42 
58 
58 
58 
34 
26 
10 
2 
13 
13 
24 
8 
15 
10 
30 
48 
27 
13 
4 
10 
28 
50 
52 
42 
31 
24 
9 
18 
26 
15 
23 
23 
23 
31 
16 
32 
8 
1 
2 
10 
7 
8 
0 
5 
9 
5 
5 
8 
7 
0 
14 
8 
20 
26 
40 
33 
34 
8 
9 
2 
0 
0 
1 
10 
15 
16 
13 
9 
10 
7 
15 
16 
9 
2 
8 
14 
8 
6 
5 
4 
2 
12 
10 
28 
26 
48 
41 
39 
40 
25 
18 
23 
16 
14 
13 
32 
11 
5 
8 
14 
0 
28 
34 
44 
26 
15 
9 
23 
1 
2 
4 
2 
7 
14 
32 
54 
35 
3 
23 
41 
96 
85 
93 
101 
96 
39 
78 
56 
23 
1 
50 
55 
47 
46 
45 
40 
38 
4 
2 
3 
13 
16 
41 
47 
40 
21 
1 
2 
7 
8 
6 
7 
28 
18 
20 
18 
15 
25 
18 
15 
4 
10 
7 
0 
6 
5 
0 
9 
7 
25 
15 
17 
23 
28 
18 
15 
16 
9 
2 
7 
6 
13 
7 
6 
0 
1 
11 
26 
32 
33 
23 
52 
42 
15 
8 
1 
13 
32 
38 
20 
37 
30 
3 
20 
31 
41 
55 
69 
85 
93 
69 
64 
40 
7 
0 
32 
39 
46 
29 
3 
2 
4 
10 
3 
21 
43 
24 
6 
0 
33 
47 
48 
64 
69 
69 
53 
61 
69 
45 
21 
14 
53 
45 
40 
46 
37 
15 
14 
0 
16 
9 
15 
52 
50 
47 
48 
41 
26 
0 
7 
30 
40 
46 
48 
46 
27 
2 
33 
71 
88 
89 
90 
90 
58 
14 
5 
13 
13 
2 
2 
22 
37 
32 
31 
38 
16 
1 
15 
28 
2 
27 
36 
41 
41 
33 
9 
2 
25 
28 
34 
68 
74 
103 
128 
128 
119 
118 
112 
78 
51 
21 
6 
12 
50 
80 
81 
82 
58 
38 
13 
7 
16 
11 
37 
40 
38 
32 
1 
18 
24 
9 
26 
39 
40 
25 
7 
20 
18 
4 
2 
20 
18 
24 
25 
42 
31 
39 
47 
15 
0 
0 
0 
4 
10 
15 
16 
25 
18 
7 
0 
7 
0 
23 
54 
64 
62 
27 
2 
25 
52 
50 
72 
73 
50 
16 
1 
2 
0 
1 
2 
31 
38 
28 
5 
3 
23 
57 
71 
88 
85 
88 
87 
94 
56 
19 
2 
23 
24 
37 
37 
37 
21 
8 
8 
14 
29 
15 
1 
7 
24 
21 
17 
18 
7 
0 
7 
1 
34 
47 
40 
29 
33 
18 
0 
19 
29 
19 
21 
11 
13 
3 
5 
24 
33 
42 
31 
64 
81 
90 
86 
61 
37 
16 
23 
55 
78 
64 
78 
40 
3 
10 
55 
80 
88 
80 
71 
55 
39 
26 
2 
25 
30 
29 
37 
48 
32 
14 
21 
36 
37 
14 
12 
31 
49 
55 
32 
25 
26 
23 
17 
26 
31 
39 
24 
16 
21 
21 
25 
18 
8 
46 
51 
45 
30 
11 
0 
16 
57 
74 
66 
54 
77 
93 
64 
32 
0 
7 
30 
45 
64 
62 
53 
19 
5 
8 
