23 
32 
29 
25 
10 
5 
7 
8 
17 
26 
23 
32 
48 
53 
29 
25 
10 
2 
8 
23 
46 
37 
31 
22 
0 
9 
15 
25 
26 
28 
18 
31 
49 
42 
31 
31 
15 
16 
15 
23 
23 
31 
39 
47 
23 
7 
7 
23 
7 
8 
40 
71 
46 
37 
24 
22 
5 
4 
10 
68 
58 
55 
64 
73 
58 
70 
69 
32 
30 
16 
8 
9 
8 
7 
2 
9 
2 
5 
8 
10 
2 
17 
10 
21 
37 
56 
7 
8 
1 
2 
2 
31 
32 
37 
53 
53 
61 
80 
80 
51 
29 
32 
22 
16 
1 
7 
6 
0 
25 
18 
23 
23 
7 
8 
8 
8 
0 
0 
7 
23 
7 
2 
18 
22 
37 
27 
37 
14 
20 
42 
49 
42 
55 
56 
56 
56 
48 
47 
26 
22 
21 
24 
15 
15 
10 
1 
29 
29 
21 
26 
23 
26 
18 
1 
13 
5 
13 
5 
13 
8 
32 
33 
26 
0 
30 
35 
13 
17 
34 
39 
55 
63 
62 
53 
63 
62 
53 
39 
30 
21 
2 
23 
31 
23 
23 
23 
15 
7 
23 
23 
23 
7 
17 
10 
23 
40 
49 
50 
50 
18 
13 
5 
0 
7 
15 
23 
10 
5 
6 
10 
15 
41 
50 
55 
48 
56 
24 
31 
10 
1 
10 
10 
10 
30 
45 
40 
11 
2 
28 
26 
31 
41 
50 
34 
34 
42 
38 
37 
16 
7 
7 
8 
8 
7 
22 
29 
11 
2 
8 
1 
7 
15 
24 
32 
40 
40 
40 
39 
34 
26 
22 
9 
10 
2 
8 
7 
2 
1 
13 
37 
45 
53 
51 
45 
30 
4 
15 
33 
71 
81 
106 
114 
118 
101 
75 
53 
19 
5 
20 
34 
31 
40 
32 
24 
40 
24 
15 
6 
5 
0 
12 
5 
0 
16 
15 
6 
8 
12 
18 
15 
25 
42 
56 
49 
39 
32 
17 
2 
16 
19 
37 
16 
14 
8 
4 
10 
16 
33 
39 
80 
85 
77 
61 
40 
7 
15 
14 
29 
13 
24 
23 
10 
1 
15 
40 
53 
69 
69 
53 
45 
8 
0 
7 
23 
46 
69 
64 
70 
44 
45 
11 
47 
105 
122 
106 
94 
85 
64 
31 
30 
21 
7 
32 
56 
72 
67 
45 
24 
1 
20 
18 
4 
10 
7 
6 
5 
24 
45 
49 
34 
23 
23 
32 
33 
34 
34 
31 
32 
16 
0 
10 
14 
13 
24 
46 
64 
70 
51 
28 
21 
1 
60 
82 
92 
90 
106 
110 
93 
75 
61 
32 
9 
46 
85 
88 
75 
53 
19 
5 
20 
26 
32 
25 
23 
8 
9 
18 
7 
0 
6 
2 
47 
79 
95 
82 
62 
69 
72 
55 
30 
13 
16 
41 
58 
58 
63 
39 
42 
38 
21 
24 
1 
23 
33 
39 
40 
41 
18 
8 
19 
53 
35 
37 
22 
3 
5 
17 
28 
42 
57 
71 
81 
42 
31 
40 
48 
45 
29 
5 
1 
29 
32 
7 
9 
23 
47 
80 
95 
83 
85 
35 
37 
4 
18 
63 
88 
103 
110 
83 
68 
37 
20 
55 
96 
101 
109 
104 
87 
54 
37 
8 
16 
41 
42 
34 
14 
5 
10 
7 
7 
8 
16 
13 
1 
5 
24 
15 
22 
21 
23 
22 
2 
20 
18 
20 
18 
28 
15 
17 
26 
16 
25 
7 
15 
16 
29 
53 
61 
61 
64 
64 
71 
58 
46 
21 
0 
8 
32 
77 
112 
142 
123 
83 
27 
4 
10 
20 
39 
49 
87 
97 
130 
119 
95 
62 
29 
16 
15 
14 
10 
50 
70 
53 
27 
13 
23 
56 
61 
56 
32 
0 
8 
15 
15 
0 
6 
13 
13 
8 
7 
1 
42 
63 
64 
72 
40 
32 
7 
31 
42 
46 
40 
51 
45 
11 
5 
17 
31 
33 
39 
25 
31 
41 
39 
32 
25 
42 
23 
23 
15 
15 
15 
7 
15 
23 
24 
32 
17 
5 
32 
47 
30 
37 
47 
38 
28 
13 
20 
10 
12 
10 
25 
47 
57 
79 
81 
82 
47 
39 
31 
30 
45 
24 
5 
29 
53 
37 
15 
17 
18 
42 
50 
42 
18 
2 
13 
29 
29 
24 
39 
38 
21 
7 
1 
26 
28 
42 
40 
33 
26 
32 
45 
41 
18 
26 
26 
34 
14 
13 
2 
16 
24 
40 
40 
40 
8 
8 
24 
24 
40 
40 
15 
7 
1 
2 
2 
7 
24 
40 
25 
26 
8 
14 
32 
38 
27 
21 
3 
18 
39 
32 
37 
45 
33 
42 
58 
79 
79 
55 
23 
8 
16 
16 
15 
15 
15 
23 
23 
22 
32 
3 
26 
47 
57 
42 
47 
63 
39 
26 
6 
30 
37 
40 
47 
62 
40 
6 
23 
52 
50 
71 
80 
80 
61 
40 
24 
15 
0 
29 
45 
56 
43 
45 
27 
16 
14 
20 
34 
60 
58 
63 
71 
55 
31 
15 
0 
8 
8 
7 
6 
5 
0 
12 
10 
23 
25 
18 
15 
8 
7 
22 
21 
16 
22 
16 
14 
15 
17 
31 
33 
55 
56 
57 
50 
23 
0 
30 
37 
43 
37 
35 
2 
20 
2 
9 
39 
96 
117 
101 
85 
64 
55 
14 
26 
31 
31 
7 
23 
23 
30 
37 
11 
10 
12 
2 
3 
13 
11 
2 
12 
5 
12 
26 
31 
32 
41 
42 
42 
31 
28 
26 
15 
1 
8 
14 
32 
3 
10 
0 
12 
10 
39 
56 
56 
45 
33 
58 
66 
50 
30 
21 
10 
18 
34 
46 
45 
29 
24 
22 
13 
43 
37 
3 
35 
34 
41 
47 
33 
15 
17 
10 
31 
55 
55 
63 
63 
46 
37 
48 
48 
39 
34 
22 
18 
47 
63 
47 
39 
18 
22 
21 
32 
46 
68 
41 
17 
18 
25 
36 
42 
44 
34 
48 
41 
26 
8 
17 
0 
3 
2 
0 
1 
36 
58 
80 
85 
101 
77 
55 
38 
13 
8 
13 
53 
45 
53 
48 
38 
24 
6 
15 
49 
58 
66 
54 
53 
39 
54 
40 
7 
13 
45 
53 
72 
70 
40 
6 
20 
34 
44 
18 
23 
48 
45 
33 
26 
2 
8 
19 
21 
16 
6 
15 
25 
42 
32 
9 
0 
0 
30 
40 
27 
32 
38 
22 
11 
58 
87 
109 
117 
141 
112 
70 
37 
0 
55 
54 
61 
64 
55 
47 
30 
0 
12 
18 
52 
82 
87 
63 
55 
23 
7 
2 
21 
29 
48 
31 
22 
16 
16 
1 
34 
55 
72 
61 
33 
42 
34 
18 
2 
21 
21 
13 
40 
55 
46 
32 
14 
15 
25 
42 
48 
33 
42 
55 
55 
47 
26 
5 
40 
75 
77 
46 
19 
8 
9 
12 
18 
33 
36 
26 
36 
50 
55 
72 
56 
72 
62 
61 
63 
70 
29 
16 
8 
8 
24 
24 
21 
25 
26 
18 
31 
39 
59 
93 
91 
36 
4 
18 
33 
55 
73 
71 
71 
72 
56 
56 
48 
32 
16 
0 
8 
0 
0 
7 
14 
5 
0 
14 
32 
38 
28 
21 
22 
7 
25 
50 
47 
23 
23 
32 
33 
42 
47 
53 
53 
45 
37 
24 
7 
8 
2 
13 
29 
37 
48 
27 
5 
7 
44 
34 
39 
15 
7 
22 
8 
4 
2 
0 
22 
32 
30 
12 
10 
20 
34 
52 
47 
17 
7 
9 
36 
50 
71 
72 
71 
59 
61 
48 
14 
10 
10 
18 
22 
21 
16 
16 
15 
7 
0 
14 
5 
8 
7 
9 
18 
23 
23 
28 
26 
31 
40 
33 
34 
23 
8 
0 
8 
0 
0 
5 
29 
13 
1 
5 
16 
38 
19 
5 
1 
7 
25 
34 
23 
15 
31 
23 
24 
32 
29 
33 
58 
50 
34 
26 
13 
64 
70 
83 
76 
76 
20 
18 
44 
66 
98 
118 
141 
115 
109 
88 
70 
40 
4 
10 
42 
55 
48 
49 
34 
34 
23 
15 
10 
14 
2 
31 
24 
6 
5 
15 
22 
24 
46 
36 
37 
30 
4 
31 
49 
87 
80 
85 
89 
82 
74 
62 
61 
37 
8 
8 
17 
26 
39 
55 
62 
45 
24 
6 
15 
45 
49 
42 
42 
26 
10 
8 
7 
22 
45 
59 
45 
19 
0 
25 
40 
65 
66 
39 
16 
17 
0 
8 
1 
5 
15 
22 
8 
6 
15 
9 
15 
9 
20 
10 
1 
23 
17 
31 
44 
18 
23 
16 
1 
10 
15 
32 
33 
26 
23 
17 
2 
0 
14 
40 
30 
44 
53 
46 
51 
11 
4 
18 
41 
68 
71 
41 
36 
11 
9 
9 
1 
10 
17 
12 
15 
17 
15 
17 
31 
25 
36 
18 
1 
4 
0 
17 
36 
26 
28 
34 
31 
24 
6 
5 
3 
5 
6 
4 
7 
9 
36 
42 
56 
65 
50 
23 
23 
0 
6 
13 
0 
0 
22 
24 
22 
3 
4 
10 
28 
34 
36 
26 
15 
20 
2 
8 
14 
12 
13 
1 
3 
11 
4 
11 
3 
27 
34 
9 
15 
17 
7 
9 
4 
13 
22 
1 
25 
60 
71 
92 
106 
90 
50 
34 
10 
13 
32 
32 
46 
48 
27 
2 
16 
25 
42 
64 
64 
61 
53 
37 
25 
10 
13 
45 
56 
62 
64 
70 
43 
13 
9 
36 
39 
49 
39 
49 
55 
41 
23 
8 
25 
26 
7 
0 
0 
1 
18 
15 
17 
10 
20 
18 
8 
6 
28 
29 
19 
21 
11 
5 
6 
7 
17 
23 
17 
44 
58 
68 
42 
28 
10 
19 
16 
1 
10 
8 
1 
7 
24 
49 
82 
110 
109 
96 
54 
37 
15 
17 
34 
50 
62 
69 
80 
94 
75 
52 
21 
9 
44 
47 
57 
71 
80 
65 
42 
50 
39 
15 
8 
15 
0 
9 
2 
26 
31 
40 
41 
18 
10 
0 
0 
8 
16 
32 
31 
46 
40 
46 
43 
44 
12 
11 
42 
81 
80 
105 
98 
86 
61 
45 
32 
0 
39 
62 
61 
43 
2 
17 
34 
39 
72 
48 
13 
9 
18 
34 
34 
30 
21 
18 
26 
10 
18 
6 
34 
39 
48 
32 
16 
0 
16 
15 
7 
24 
39 
39 
62 
45 
11 
2 
36 
50 
56 
49 
47 
40 
33 
26 
7 
8 
0 
2 
10 
26 
6 
18 
50 
55 
55 
40 
32 
5 
6 
40 
43 
53 
43 
40 
30 
24 
6 
15 
25 
31 
49 
63 
65 
71 
64 
56 
37 
45 
29 
16 
0 
16 
16 
24 
16 
31 
22 
21 
14 
11 
10 
28 
18 
23 
32 
29 
45 
41 
18 
10 
10 
10 
5 
21 
36 
37 
46 
22 
11 
4 
7 
17 
50 
63 
79 
55 
74 
70 
53 
29 
24 
24 
16 
0 
14 
21 
24 
23 
22 
5 
2 
0 
8 
7 
1 
5 
11 
2 
20 
7 
9 
7 
9 
7 
28 
26 
26 
7 
6 
21 
27 
5 
17 
23 
25 
47 
81 
82 
50 
23 
16 
15 
14 
5 
8 
7 
40 
55 
55 
46 
53 
72 
64 
39 
2 
29 
56 
63 
55 
38 
21 
8 
15 
46 
40 
30 
4 
2 
1 
12 
12 
11 
10 
33 
39 
41 
66 
71 
63 
32 
32 
40 
48 
37 
37 
29 
37 
29 
13 
5 
0 
0 
0 
8 
5 
1 
26 
34 
26 
30 
24 
3 
5 
4 
10 
20 
26 
23 
4 
13 
3 
21 
19 
20 
13 
1 
20 
51 
42 
36 
31 
25 
47 
57 
58 
47 
47 
47 
30 
13 
5 
15 
1 
13 
7 
16 
17 
18 
7 
8 
16 
24 
13 
2 
18 
14 
21 
32 
30 
24 
22 
4 
3 
18 
44 
58 
48 
33 
10 
0 
6 
16 
30 
19 
2 
28 
34 
64 
73 
74 
63 
79 
63 
42 
22 
2 
2 
14 
45 
64 
67 
69 
59 
52 
21 
14 
33 
76 
98 
71 
72 
72 
64 
32 
8 
19 
45 
59 
44 
45 
30 
11 
3 
10 
17 
44 
82 
103 
96 
80 
63 
78 
72 
54 
32 
15 
9 
10 
18 
26 
10 
22 
21 
21 
40 
47 
70 
77 
86 
91 
91 
46 
9 
49 
81 
124 
130 
135 
136 
128 
95 
62 
5 
62 
117 
107 
93 
46 
8 
17 
39 
87 
103 
102 
101 
72 
54 
29 
31 
79 
110 
104 
110 
94 
67 
11 
23 
57 
95 
128 
136 
128 
107 
77 
32 
3 
2 
7 
32 
37 
37 
37 
32 
23 
22 
8 
0 
6 
7 
1 
2 
7 
14 
16 
3 
21 
8 
33 
26 
28 
10 
17 
28 
19 
26 
33 
31 
33 
31 
40 
29 
5 
6 
2 
0 
0 
33 
50 
74 
86 
77 
55 
38 
16 
8 
32 
61 
72 
67 
77 
83 
36 
13 
4 
23 
49 
63 
57 
47 
44 
34 
31 
32 
40 
48 
40 
23 
14 
37 
24 
8 
0 
0 
1 
13 
24 
22 
29 
32 
22 
16 
24 
33 
26 
26 
34 
34 
39 
47 
24 
25 
10 
18 
0 
15 
22 
29 
32 
27 
29 
32 
14 
11 
10 
20 
31 
49 
71 
65 
58 
47 
47 
47 
31 
7 
5 
13 
13 
24 
23 
30 
16 
17 
10 
32 
29 
33 
42 
42 
38 
53 
53 
40 
15 
6 
10 
0 
0 
8 
9 
2 
2 
8 
15 
42 
62 
61 
40 
30 
3 
2 
23 
17 
23 
17 
20 
58 
73 
63 
64 
53 
45 
29 
13 
13 
32 
32 
39 
22 
13 
10 
2 
5 
9 
2 
8 
23 
26 
30 
29 
29 
16 
3 
21 
11 
21 
19 
3 
18 
49 
55 
89 
98 
79 
39 
23 
0 
8 
15 
22 
21 
8 
0 
1 
34 
23 
48 
56 
45 
33 
26 
10 
26 
14 
5 
16 
15 
22 
13 
13 
10 
8 
29 
21 
13 
5 
2 
18 
30 
45 
56 
47 
46 
36 
29 
3 
2 
36 
42 
44 
50 
60 
50 
52 
34 
15 
14 
16 
22 
20 
13 
12 
26 
32 
65 
86 
93 
96 
75 
69 
59 
45 
19 
2 
20 
18 
40 
45 
53 
53 
48 
23 
1 
18 
23 
32 
32 
16 
7 
23 
8 
24 
16 
0 
19 
37 
30 
12 
19 
18 
12 
7 
25 
26 
15 
15 
32 
17 
2 
2 
0 
24 
17 
26 
24 
49 
50 
31 
7 
6 
21 
7 
40 
53 
45 
32 
39 
38 
13 
0 
15 
17 
18 
0 
7 
22 
13 
0 
7 
15 
6 
29 
29 
32 
23 
22 
29 
29 
32 
24 
0 
15 
0 
16 
15 
15 
7 
15 
26 
30 
45 
16 
8 
25 
39 
48 
65 
50 
26 
7 
7 
7 
0 
0 
22 
37 
48 
35 
48 
30 
4 
34 
73 
95 
85 
57 
42 
42 
10 
0 
24 
15 
14 
29 
24 
7 
9 
31 
40 
33 
10 
8 
17 
7 
7 
6 
2 
7 
6 
5 
15 
48 
56 
80 
96 
80 
75 
85 
72 
30 
10 
15 
32 
61 
69 
77 
53 
48 
23 
14 
18 
48 
53 
41 
26 
23 
23 
16 
16 
8 
7 
7 
15 
10 
14 
5 
0 
17 
15 
20 
42 
56 
61 
53 
45 
45 
40 
23 
7 
21 
29 
29 
21 
24 
32 
7 
1 
26 
24 
1 
5 
7 
22 
40 
38 
20 
21 
11 
11 
50 
76 
74 
63 
44 
42 
63 
80 
47 
31 
18 
6 
21 
15 
2 
21 
13 
2 
26 
18 
30 
37 
72 
67 
61 
59 
36 
21 
12 
34 
60 
58 
50 
39 
42 
46 
45 
24 
6 
2 
23 
33 
42 
42 
23 
7 
7 
8 
9 
2 
0 
3 
5 
12 
18 
23 
25 
18 
23 
16 
9 
8 
8 
2 
6 
10 
8 
17 
39 
52 
50 
55 
48 
40 
5 
22 
69 
83 
69 
46 
19 
2 
32 
41 
50 
71 
96 
128 
131 
117 
75 
29 
11 
2 
24 
17 
34 
39 
48 
56 
56 
39 
30 
2 
28 
34 
31 
40 
40 
24 
0 
0 
24 
16 
8 
0 
7 
0 
13 
25 
34 
23 
8 
6 
2 
16 
23 
22 
21 
24 
14 
7 
25 
26 
40 
57 
74 
90 
94 
77 
64 
15 
8 
40 
72 
83 
101 
83 
72 
54 
27 
23 
89 
135 
155 
173 
139 
117 
78 
19 
15 
44 
42 
66 
79 
98 
102 
56 
14 
15 
25 
31 
48 
49 
34 
26 
18 
2 
16 
23 
30 
24 
6 
15 
32 
49 
74 
86 
85 
53 
24 
23 
23 
18 
1 
26 
15 
32 
32 
32 
23 
15 
1 
0 
4 
5 
14 
7 
28 
26 
15 
8 
30 
37 
30 
19 
15 
65 
95 
112 
128 
115 
133 
91 
40 
9 
31 
72 
104 
104 
103 
86 
64 
38 
11 
10 
41 
71 
105 
106 
110 
85 
63 
54 
13 
7 
8 
13 
37 
37 
37 
37 
8 
8 
21 
17 
5 
23 
24 
5 
6 
37 
40 
27 
29 
30 
12 
2 
20 
39 
57 
63 
60 
66 
47 
31 
24 
32 
16 
5 
2 
1 
2 
18 
10 
2 
15 
39 
55 
62 
61 
13 
7 
23 
31 
15 
26 
30 
29 
24 
15 
14 
2 
8 
9 
31 
41 
66 
55 
47 
34 
30 
21 
5 
10 
10 
30 
29 
27 
13 
0 
9 
31 
40 
25 
2 
8 
24 
33 
34 
7 
0 
0 
0 
1 
13 
8 
9 
28 
18 
7 
1 
10 
15 
8 
1 
18 
7 
0 
25 
34 
58 
74 
82 
74 
46 
21 
13 
13 
7 
23 
23 
31 
26 
46 
53 
80 
54 
27 
36 
25 
5 
17 
28 
27 
26 
52 
74 
88 
96 
77 
53 
37 
29 
21 
17 
18 
18 
39 
23 
7 
7 
0 
7 
15 
6 
2 
15 
15 
15 
31 
30 
16 
14 
19 
21 
38 
3 
7 
17 
31 
41 
47 
63 
56 
56 
40 
48 
48 
41 
10 
2 
16 
8 
29 
21 
5 
8 
0 
15 
31 
30 
21 
24 
19 
21 
22 
7 
17 
20 
34 
28 
18 
28 
18 
16 
9 
10 
24 
17 
26 
32 
41 
58 
63 
71 
55 
34 
2 
29 
53 
72 
47 
46 
32 
11 
5 
24 
49 
47 
48 
33 
50 
39 
24 
1 
10 
24 
32 
16 
8 
7 
7 
16 
39 
55 
54 
61 
48 
0 
21 
29 
29 
29 
37 
40 
31 
15 
6 
13 
8 
9 
18 
9 
3 
4 
2 
17 
32 
49 
50 
55 
55 
62 
45 
16 
15 
0 
8 
6 
29 
11 
2 
7 
9 
26 
26 
23 
0 
0 
14 
21 
32 
14 
15 
52 
34 
74 
90 
70 
53 
29 
29 
40 
24 
7 
8 
17 
34 
31 
23 
15 
0 
37 
53 
41 
5 
29 
21 
24 
23 
22 
13 
27 
37 
27 
5 
17 
55 
57 
63 
56 
45 
33 
26 
26 
2 
0 
0 
22 
29 
24 
11 
5 
15 
57 
82 
94 
109 
96 
70 
48 
14 
5 
3 
2 
7 
25 
42 
47 
47 
15 
7 
0 
1 
29 
48 
27 
21 
4 
2 
4 
2 
0 
1 
26 
39 
72 
88 
65 
34 
23 
1 
2 
0 
0 
26 
10 
13 
29 
37 
21 
29 
41 
42 
42 
22 
37 
29 
8 
0 
0 
7 
0 
16 
8 
16 
16 
24 
24 
31 
38 
32 
38 
38 
35 
43 
27 
1 
33 
76 
66 
79 
88 
88 
85 
69 
80 
80 
47 
15 
10 
22 
13 
8 
16 
29 
69 
101 
124 
145 
113 
41 
10 
41 
71 
81 
103 
112 
144 
152 
120 
67 
29 
15 
32 
49 
34 
23 
23 
31 
43 
101 
142 
130 
116 
66 
0 
46 
66 
81 
111 
163 
213 
243 
227 
202 
177 
131 
90 
60 
4 
52 
92 
131 
170 
184 
181 
165 
152 
134 
108 
92 
75 
34 
12 
33 
81 
129 
156 
130 
119 
112 
72 
37 
17 
10 
42 
66 
42 
10 
5 
13 
32 
46 
40 
62 
60 
53 
46 
19 
8 
33 
82 
88 
96 
127 
158 
156 
121 
109 
102 
102 
54 
4 
44 
66 
97 
119 
120 
101 
120 
96 
67 
61 
27 
18 
68 
74 
23 
6 
3 
12 
4 
13 
3 
15 
41 
47 
49 
66 
63 
56 
80 
69 
37 
17 
5 
16 
43 
69 
78 
36 
29 
19 
2 
28 
58 
87 
104 
88 
77 
88 
79 
62 
45 
23 
56 
55 
78 
117 
123 
100 
76 
33 
10 
73 
119 
152 
165 
180 
197 
174 
130 
65 
1 
66 
113 
135 
135 
139 
109 
51 
5 
28 
34 
63 
95 
79 
70 
40 
15 
6 
2 
18 
26 
38 
37 
16 
20 
26 
23 
56 
45 
25 
18 
10 
18 
64 
96 
23 
9 
13 
8 
22 
20 
5 
25 
36 
3 
28 
27 
11 
28 
58 
95 
80 
80 
95 
118 
132 
133 
126 
94 
27 
15 
49 
26 
47 
80 
111 
118 
109 
99 
93 
27 
18 
56 
73 
66 
66 
66 
74 
66 
34 
23 
15 
15 
7 
31 
23 
7 
0 
5 
17 
18 
31 
7 
32 
40 
16 
8 
15 
23 
38 
52 
37 
19 
53 
54 
59 
27 
28 
99 
122 
136 
117 
96 
79 
70 
43 
53 
86 
84 
45 
1 
39 
65 
102 
109 
83 
80 
22 
2 
23 
7 
7 
7 
33 
18 
15 
4 
2 
0 
6 
7 
1 
15 
49 
71 
72 
61 
61 
61 
72 
55 
38 
2 
58 
102 
101 
56 
11 
50 
79 
71 
32 
0 
39 
78 
60 
53 
59 
43 
30 
38 
30 
33 
68 
59 
74 
108 
106 
119 
128 
103 
94 
43 
21 
1 
15 
9 
31 
32 
6 
37 
64 
54 
53 
35 
13 
7 
24 
25 
42 
32 
41 
18 
23 
47 
63 
54 
21 
15 
17 
26 
60 
42 
20 
13 
43 
60 
93 
78 
38 
3 
28 
71 
73 
71 
84 
106 
87 
49 
34 
3 
61 
75 
44 
52 
45 
20 
50 
79 
112 
133 
144 
142 
148 
121 
89 
41 
3 
34 
49 
60 
26 
16 
41 
63 
96 
128 
166 
76 
4 
4 
3 
27 
58 
64 
53 
61 
77 
69 
61 
37 
32 
8 
8 
15 
0 
80 
112 
127 
62 
71 
80 
61 
53 
21 
29 
120 
139 
53 
1 
1 
28 
81 
108 
111 
97 
94 
45 
58 
94 
60 
69 
30 
57 
98 
0 
26 
42 
82 
98 
118 
104 
139 
92 
5 
33 
31 
9 
2 
7 
32 
53 
77 
69 
29 
2 
10 
15 
24 
21 
9 
34 
46 
21 
40 
30 
10 
23 
31 
31 
14 
10 
63 
79 
64 
0 
30 
21 
32 
23 
64 
16 
59 
45 
16 
39 
176 
24 
7 
81 
114 
130 
142 
133 
35 
18 
96 
88 
157 
136 
54 
28 
21 
19 
26 
76 
114 
104 
65 
66 
3 
85 
51 
52 
53 
3 
34 
55 
47 
16 
9 
7 
33 
47 
73 
66 
62 
88 
118 
100 
97 
81 
69 
1 
47 
81 
98 
103 
71 
62 
61 
47 
10 
17 
58 
50 
50 
50 
38 
5 
18 
26 
62 
61 
55 
104 
69 
101 
69 
40 
40 
45 
237 
131 
28 
51 
67 
11 
4 
20 
35 
42 
60 
106 
159 
135 
78 
77 
72 
94 
80 
35 
18 
32 
17 
82 
127 
143 
110 
75 
43 
51 
27 
43 
82 
44 
26 
96 
117 
97 
78 
77 
53 
47 
30 
16 
6 
5 
47 
83 
141 
139 
12 
4 
2 
41 
20 
0 
25 
20 
2 
7 
64 
136 
109 
80 
32 
80 
87 
46 
5 
32 
1 
56 
9 
223 
151 
25 
87 
33 
4 
21 
59 
2 
56 
45 
53 
61 
64 
47 
23 
34 
66 
18 
141 
72 
23 
17 
26 
28 
2 
59 
100 
60 
84 
92 
68 
0 
73 
151 
200 
203 
221 
195 
164 
100 
53 
14 
3 
34 
68 
82 
104 
145 
58 
39 
56 
144 
47 
33 
18 
23 
14 
36 
90 
89 
47 
4 
13 
2 
15 
31 
55 
48 
33 
26 
15 
22 
18 
0 
72 
16 
31 
8 
54 
68 
21 
30 
51 
4 
28 
91 
130 
96 
80 
96 
94 
107 
124 
156 
123 
78 
6 
25 
71 
109 
141 
101 
53 
8 
8 
30 
45 
24 
15 
50 
146 
78 
34 
55 
33 
16 
30 
36 
43 
74 
105 
130 
135 
150 
148 
93 
62 
27 
7 
41 
87 
73 
42 
50 
142 
157 
16 
65 
55 
49 
2 
24 
15 
30 
21 
0 
33 
58 
47 
39 
48 
64 
69 
53 
45 
13 
13 
101 
53 
47 
80 
181 
224 
91 
12 
27 
19 
3 
19 
27 
51 
91 
114 
127 
48 
56 
64 
71 
63 
62 
29 
0 
8 
0 
2 
1 
10 
50 
62 
77 
88 
62 
4 
2 
39 
69 
77 
88 
91 
101 
102 
83 
72 
30 
8 
16 
21 
33 
34 
47 
71 
31 
18 
70 
93 
35 
13 
4 
5 
22 
19 
34 
20 
10 
72 
73 
50 
24 
48 
41 
23 
11 
45 
43 
29 
3 
42 
81 
111 
105 
34 
10 
55 
8 
7 
0 
16 
40 
48 
27 
37 
0 
1 
31 
0 
73 
111 
40 
31 
14 
29 
7 
0 
33 
10 
8 
47 
14 
2 
126 
42 
33 
47 
33 
5 
54 
114 
152 
184 
171 
124 
76 
93 
86 
32 
0 
22 
10 
80 
72 
64 
48 
63 
47 
1 
5 
5 
15 
48 
45 
1 
5 
96 
94 
52 
2 
89 
47 
77 
101 
101 
109 
72 
0 
57 
18 
16 
72 
104 
62 
15 
97 
87 
65 
74 
0 
15 
7 
50 
126 
53 
16 
23 
9 
111 
104 
113 
98 
47 
16 
15 
13 
10 
54 
69 
48 
38 
13 
11 
10 
4 
10 
9 
35 
58 
28 
18 
28 
2 
7 
17 
7 
12 
2 
0 
1 
20 
13 
22 
27 
62 
42 
9 
43 
66 
128 
216 
246 
190 
130 
81 
21 
9 
31 
53 
81 
86 
61 
45 
29 
0 
32 
72 
72 
64 
47 
6 
95 
80 
21 
37 
37 
13 
8 
24 
10 
22 
50 
56 
57 
26 
32 
7 
25 
47 
4 
21 
0 
41 
2 
24 
1 
26 
31 
24 
37 
29 
9 
5 
13 
8 
12 
2 
7 
16 
6 
7 
36 
13 
0 
40 
49 
50 
46 
37 
13 
5 
14 
69 
83 
68 
44 
20 
12 
11 
2 
52 
98 
116 
114 
74 
71 
66 
6 
13 
23 
87 
7 
48 
88 
91 
85 
72 
70 
45 
8 
63 
64 
64 
111 
199 
174 
52 
34 
49 
44 
67 
90 
128 
81 
2 
5 
34 
34 
18 
2 
18 
18 
29 
48 
35 
5 
4 
10 
28 
26 
47 
81 
34 
40 
31 
1 
26 
0 
47 
26 
9 
34 
40 
57 
74 
63 
64 
25 
13 
40 
22 
29 
35 
45 
35 
37 
0 
9 
15 
33 
95 
120 
96 
72 
63 
67 
53 
16 
5 
17 
50 
62 
61 
64 
62 
44 
21 
22 
11 
4 
18 
41 
39 
41 
39 
40 
41 
18 
7 
40 
69 
69 
88 
63 
0 
1 
53 
53 
64 
31 
56 
45 
34 
65 
66 
18 
42 
70 
56 
51 
29 
108 
122 
87 
87 
87 
58 
10 
13 
40 
39 
30 
29 
39 
22 
5 
7 
12 
18 
31 
25 
2 
16 
37 
45 
53 
69 
25 
13 
16 
27 
37 
19 
13 
3 
2 
20 
50 
47 
24 
24 
9 
2 
7 
8 
1 
16 
27 
5 
32 
49 
58 
55 
79 
71 
55 
50 
22 
42 
38 
5 
0 
0 
55 
38 
13 
0 
15 
32 
21 
57 
66 
58 
42 
22 
13 
2 
26 
42 
38 
32 
3 
10 
4 
18 
24 
38 
10 
15 
22 
0 
24 
57 
42 
34 
31 
24 
8 
17 
42 
47 
32 
32 
1 
5 
16 
8 
13 
6 
29 
24 
7 
1 
2 
0 
20 
18 
23 
24 
40 
41 
7 
11 
2 
4 
5 
12 
5 
0 
0 
24 
25 
34 
47 
39 
80 
64 
39 
15 
0 
31 
18 
5 
5 
1 
10 
14 
21 
32 
35 
53 
6 
16 
22 
39 
88 
88 
104 
72 
40 
0 
23 
47 
31 
10 
37 
37 
41 
34 
15 
7 
16 
7 
34 
30 
2 
10 
8 
15 
46 
13 
23 
40 
40 
37 
17 
34 
47 
33 
2 
3 
29 
47 
54 
24 
8 
33 
74 
42 
42 
87 
82 
42 
26 
2 
5 
13 
32 
40 
55 
54 
5 
8 
5 
17 
58 
78 
93 
85 
48 
32 
8 
39 
54 
45 
56 
63 
54 
29 
4 
10 
60 
82 
79 
63 
55 
23 
15 
55 
55 
62 
48 
22 
18 
31 
40 
32 
24 
31 
54 
48 
43 
21 
16 
33 
71 
65 
26 
0 
22 
13 
0 
8 
17 
42 
58 
55 
47 
23 
32 
48 
40 
5 
18 
46 
45 
40 
54 
32 
54 
40 
17 
71 
65 
23 
56 
72 
85 
104 
47 
7 
26 
6 
6 
53 
37 
48 
54 
45 
3 
2 
8 
17 
15 
20 
2 
15 
25 
18 
39 
55 
71 
71 
42 
37 
45 
19 
13 
22 
7 
65 
50 
7 
7 
6 
7 
15 
22 
24 
3 
5 
7 
36 
42 
39 
44 
34 
0 
0 
48 
72 
72 
32 
8 
1 
5 
45 
71 
86 
40 
1 
23 
36 
82 
71 
64 
40 
56 
40 
31 
14 
13 
5 
15 
31 
47 
34 
17 
18 
42 
47 
25 
21 
23 
14 
24 
38 
37 
19 
2 
24 
49 
42 
47 
24 
17 
2 
12 
18 
11 
2 
20 
18 
58 
58 
86 
109 
64 
18 
21 
29 
48 
55 
46 
32 
3 
5 
7 
17 
15 
9 
2 
23 
48 
64 
56 
23 
31 
39 
47 
48 
24 
7 
10 
9 
18 
26 
2 
32 
24 
31 
22 
21 
45 
96 
0 
33 
71 
40 
22 
7 
65 
63 
40 
9 
38 
101 
136 
83 
29 
0 
10 
38 
53 
72 
22 
29 
48 
48 
0 
33 
42 
0 
3 
5 
19 
10 
40 
41 
47 
72 
80 
48 
56 
32 
39 
46 
21 
8 
0 
1 
42 
55 
34 
1 
26 
15 
16 
21 
22 
5 
26 
66 
46 
0 
23 
63 
38 
13 
2 
23 
14 
21 
16 
10 
13 
29 
37 
32 
32 
24 
15 
38 
35 
16 
22 
0 
1 
8 
1 
39 
88 
93 
109 
112 
83 
61 
4 
34 
42 
34 
14 
13 
29 
80 
15 
1 
7 
30 
72 
1 
90 
119 
103 
54 
40 
15 
2 
13 
48 
31 
17 
34 
47 
56 
64 
40 
8 
15 
31 
55 
72 
32 
15 
7 
8 
14 
5 
52 
74 
71 
24 
8 
8 
0 
17 
21 
40 
54 
24 
14 
13 
14 
3 
13 
6 
41 
36 
43 
18 
48 
65 
58 
50 
15 
63 
1 
42 
15 
28 
18 
0 
6 
11 
18 
40 
41 
47 
15 
0 
16 
8 
7 
19 
93 
32 
44 
18 
12 
18 
33 
51 
34 
1 
19 
48 
46 
27 
0 
6 
3 
35 
4 
60 
51 
2 
50 
97 
144 
149 
101 
53 
21 
1 
29 
10 
39 
1 
37 
59 
40 
1 
39 
33 
10 
12 
37 
51 
12 
3 
58 
144 
141 
56 
3 
21 
48 
31 
45 
32 
40 
1 
48 
127 
31 
93 
149 
168 
87 
6 
42 
55 
31 
15 
7 
10 
25 
2 
48 
15 
25 
42 
23 
8 
15 
21 
37 
17 
0 
22 
32 
22 
0 
9 
2 
7 
32 
25 
18 
18 
42 
50 
50 
38 
1 
5 
16 
7 
6 
15 
40 
48 
16 
24 
32 
16 
15 
8 
7 
8 
55 
54 
40 
22 
7 
33 
23 
12 
18 
31 
24 
1 
26 
32 
31 
1 
23 
32 
49 
42 
55 
72 
45 
6 
40 
47 
38 
28 
21 
20 
50 
88 
80 
47 
6 
2 
0 
7 
24 
104 
128 
56 
8 
0 
17 
18 
66 
58 
34 
30 
13 
10 
0 
27 
2 
23 
56 
14 
21 
47 
64 
17 
10 
31 
8 
22 
37 
24 
12 
18 
28 
34 
23 
41 
66 
74 
42 
18 
22 
13 
18 
22 
2 
21 
32 
23 
1 
2 
0 
25 
42 
42 
23 
34 
78 
136 
110 
45 
0 
25 
58 
15 
23 
14 
2 
15 
38 
37 
0 
16 
16 
29 
72 
40 
0 
16 
0 
0 
16 
40 
48 
48 
80 
79 
62 
32 
14 
13 
15 
29 
17 
18 
34 
34 
26 
5 
53 
101 
85 
8 
16 
32 
45 
21 
17 
77 
69 
72 
39 
22 
13 
16 
0 
81 
66 
31 
0 
22 
37 
64 
70 
61 
59 
61 
46 
35 
37 
17 
10 
31 
56 
56 
16 
0 
0 
7 
7 
8 
0 
6 
37 
48 
23 
1 
29 
64 
23 
16 
2 
37 
53 
24 
40 
93 
88 
94 
83 
51 
3 
5 
44 
66 
23 
8 
40 
8 
10 
22 
53 
16 
24 
40 
18 
6 
10 
5 
53 
61 
56 
24 
15 
0 
17 
34 
26 
8 
8 
8 
23 
16 
26 
46 
13 
42 
47 
23 
32 
56 
53 
21 
37 
45 
29 
24 
24 
15 
18 
1 
26 
46 
45 
13 
0 
0 
23 
14 
26 
39 
56 
48 
56 
63 
62 
21 
16 
0 
25 
22 
45 
53 
56 
6 
18 
31 
24 
41 
58 
26 
50 
30 
21 
13 
5 
24 
31 
0 
53 
56 
24 
16 
1 
18 
24 
41 
34 
50 
31 
7 
5 
13 
5 
10 
10 
2 
23 
47 
26 
18 
1 
2 
2 
13 
37 
21 
42 
15 
10 
6 
29 
32 
14 
39 
48 
61 
53 
53 
37 
29 
13 
5 
6 
21 
24 
24 
15 
2 
33 
34 
31 
23 
40 
25 
13 
5 
18 
42 
38 
21 
18 
22 
5 
8 
0 
9 
2 
0 
8 
16 
18 
22 
50 
63 
63 
8 
23 
0 
13 
9 
26 
15 
25 
21 
0 
1 
18 
71 
72 
32 
31 
6 
2 
26 
26 
1 
10 
2 
5 
10 
24 
47 
17 
23 
22 
2 
15 
20 
50 
39 
25 
18 
15 
0 
48 
29 
29 
33 
26 
30 
53 
53 
32 
32 
23 
55 
62 
61 
39 
38 
32 
22 
0 
41 
50 
55 
72 
69 
53 
29 
18 
47 
23 
8 
17 
34 
23 
28 
42 
87 
64 
40 
48 
71 
30 
29 
8 
32 
72 
125 
104 
88 
8 
65 
87 
16 
6 
58 
98 
0 
56 
56 
22 
26 
15 
32 
89 
138 
58 
2 
48 
43 
21 
47 
78 
7 
8 
41 
50 
26 
15 
40 
21 
1 
24 
11 
13 
6 
15 
64 
73 
58 
58 
42 
5 
21 
37 
2 
7 
0 
0 
0 
8 
16 
17 
34 
7 
11 
50 
31 
16 
41 
34 
34 
18 
1 
18 
10 
2 
14 
2 
26 
18 
15 
39 
15 
24 
0 
16 
47 
63 
6 
66 
39 
0 
6 
10 
31 
55 
47 
24 
24 
32 
32 
13 
9 
5 
13 
40 
23 
6 
29 
16 
4 
26 
31 
32 
53 
61 
61 
53 
29 
32 
40 
23 
17 
26 
34 
22 
2 
10 
2 
10 
8 
0 
13 
33 
26 
18 
18 
10 
16 
8 
39 
30 
13 
24 
14 
7 
9 
2 
12 
66 
64 
49 
47 
40 
41 
34 
18 
16 
32 
31 
15 
22 
24 
12 
10 
23 
17 
23 
6 
2 
32 
57 
66 
66 
66 
30 
21 
18 
14 
45 
85 
104 
8 
61 
17 
42 
79 
97 
74 
26 
0 
39 
102 
61 
72 
70 
3 
58 
41 
47 
49 
63 
57 
26 
2 
15 
8 
14 
5 
3 
37 
12 
18 
31 
48 
57 
34 
0 
0 
17 
10 
2 
0 
24 
6 
13 
0 
16 
53 
61 
61 
37 
37 
5 
5 
9 
13 
29 
56 
11 
21 
32 
30 
0 
28 
26 
23 
40 
25 
23 
20 
50 
55 
32 
14 
5 
24 
32 
39 
14 
26 
32 
9 
5 
8 
33 
63 
65 
34 
7 
15 
24 
1 
29 
0 
0 
7 
14 
10 
31 
49 
10 
8 
9 
26 
32 
17 
26 
15 
15 
31 
23 
7 
2 
5 
2 
23 
31 
8 
29 
41 
21 
21 
15 
31 
23 
15 
8 
31 
39 
102 
13 
15 
33 
42 
64 
41 
23 
24 
33 
26 
0 
22 
5 
8 
16 
5 
29 
37 
37 
53 
45 
9 
5 
18 
15 
0 
23 
55 
62 
29 
11 
29 
19 
15 
9 
23 
57 
66 
71 
95 
79 
55 
2 
2 
10 
14 
2 
2 
0 
0 
15 
23 
22 
5 
7 
8 
17 
2 
0 
8 
8 
1 
5 
7 
0 
1 
15 
8 
9 
23 
40 
57 
34 
42 
39 
40 
24 
15 
15 
7 
10 
46 
77 
16 
60 
58 
47 
40 
25 
5 
8 
0 
9 
2 
0 
7 
6 
18 
15 
0 
6 
13 
0 
17 
47 
60 
26 
15 
8 
9 
13 
7 
16 
49 
26 
2 
32 
23 
17 
26 
15 
9 
2 
31 
40 
9 
5 
23 
32 
32 
16 
7 
14 
13 
0 
36 
26 
26 
15 
24 
6 
13 
7 
40 
25 
18 
10 
0 
0 
0 
2 
1 
7 
20 
34 
39 
16 
8 
17 
26 
15 
15 
70 
77 
24 
25 
46 
52 
38 
55 
29 
6 
12 
9 
8 
2 
1 
15 
24 
41 
41 
21 
17 
1 
7 
16 
21 
31 
48 
53 
30 
30 
6 
14 
1 
41 
56 
47 
18 
8 
11 
1 
15 
37 
39 
37 
38 
40 
48 
33 
17 
6 
18 
1 
0 
3 
9 
31 
61 
46 
31 
55 
34 
14 
23 
7 
34 
25 
15 
53 
70 
32 
2 
1 
23 
8 
21 
1 
39 
48 
29 
17 
9 
7 
32 
61 
30 
25 
32 
16 
7 
26 
73 
7 
21 
55 
61 
31 
21 
23 
24 
25 
29 
14 
14 
1 
0 
0 
21 
14 
16 
37 
22 
23 
16 
24 
5 
25 
48 
31 
2 
8 
2 
1 
12 
6 
29 
39 
53 
62 
47 
32 
32 
32 
16 
0 
6 
29 
6 
0 
0 
2 
25 
8 
37 
22 
15 
8 
2 
33 
32 
0 
29 
46 
46 
38 
22 
23 
23 
31 
40 
32 
16 
33 
9 
2 
25 
16 
8 
8 
1 
14 
18 
17 
6 
8 
40 
41 
69 
38 
31 
23 
7 
7 
14 
18 
33 
0 
16 
5 
25 
23 
48 
69 
54 
46 
30 
22 
30 
10 
22 
22 
14 
22 
18 
25 
32 
11 
14 
47 
77 
70 
39 
23 
0 
18 
57 
56 
11 
22 
23 
24 
17 
49 
57 
37 
14 
22 
47 
56 
48 
48 
31 
9 
5 
6 
38 
90 
73 
56 
42 
7 
29 
47 
61 
39 
48 
53 
14 
6 
22 
7 
15 
0 
5 
17 
32 
19 
1 
24 
21 
23 
64 
73 
45 
6 
38 
30 
23 
15 
47 
8 
41 
17 
1 
1 
1 
0 
15 
31 
16 
8 
6 
13 
6 
6 
8 
16 
15 
18 
25 
7 
5 
31 
53 
46 
31 
24 
29 
14 
6 
0 
0 
13 
25 
24 
2 
0 
21 
22 
32 
21 
22 
39 
48 
41 
41 
33 
17 
14 
6 
9 
10 
25 
17 
7 
16 
21 
46 
63 
39 
15 
0 
0 
0 
1 
26 
25 
8 
16 
3 
1 
8 
8 
61 
70 
63 
15 
0 
13 
6 
16 
27 
9 
15 
20 
14 
15 
32 
25 
21 
22 
15 
24 
32 
25 
37 
2 
9 
14 
30 
34 
73 
32 
44 
46 
55 
56 
48 
53 
38 
14 
0 
0 
10 
25 
16 
0 
24 
21 
6 
14 
15 
16 
16 
21 
30 
14 
14 
15 
0 
0 
15 
33 
33 
5 
3 
11 
10 
1 
14 
15 
16 
17 
33 
10 
3 
11 
5 
14 
15 
15 
32 
48 
31 
31 
47 
47 
31 
16 
0 
14 
21 
37 
44 
27 
26 
33 
16 
17 
10 
3 
20 
30 
47 
48 
26 
19 
11 
10 
1 
15 
15 
16 
17 
5 
3 
4 
17 
0 
1 
10 
19 
36 
37 
53 
37 
37 
37 
21 
4 
27 
26 
26 
49 
16 
16 
49 
58 
75 
43 
27 
11 
11 
5 
21 
5 
5 
5 
11 
3 
11 
5 
15 
32 
33 
19 
11 
42 
17 
0 
16 
2 
11 
33 
15 
13 
5 
32 
50 
20 
14 
16 
26 
3 
5 
0 
17 
34 
4 
1 
0 
2 
11 
16 
9 
36 
31 
50 
21 
0 
13 
10 
16 
18 
4 
17 
0 
18 
4 
1 
1 
19 
30 
65 
51 
14 
0 
13 
26 
31 
28 
1 
41 
36 
1 
31 
12 
37 
48 
35 
1 
17 
19 
5 
16 
50 
52 
30 
16 
17 
28 
26 
17 
0 
18 
20 
30 
64 
66 
36 
5 
1 
15 
32 
1 
44 
43 
10 
16 
1 
12 
1 
16 
51 
46 
32 
12 
1 
0 
13 
5 
0 
1 
12 
21 
31 
33 
50 
36 
30 
16 
34 
36 
30 
15 
1 
28 
10 
1 
0 
2 
4 
5 
0 
0 
12 
5 
48 
66 
36 
14 
15 
32 
17 
26 
35 
20 
4 
5 
5 
1 
16 
0 
26 
19 
5 
1 
0 
0 
5 
28 
11 
14 
0 
13 
11 
14 
17 
19 
30 
32 
35 
53 
31 
16 
17 
37 
3 
20 
10 
33 
48 
66 
4 
5 
0 
1 
3 
5 
0 
13 
27 
15 
33 
3 
5 
15 
32 
34 
4 
37 
31 
32 
34 
52 
37 
30 
16 
17 
2 
27 
26 
16 
15 
13 
11 
17 
16 
34 
20 
30 
16 
33 
12 
14 
0 
2 
36 
30 
15 
18 
20 
14 
9 
43 
32 
13 
5 
16 
18 
36 
62 
95 
96 
80 
48 
32 
16 
16 
0 
31 
31 
10 
35 
20 
10 
32 
15 
2 
11 
33 
32 
14 
3 
10 
0 
25 
52 
30 
47 
50 
20 
14 
14 
3 
21 
0 
16 
10 
3 
37 
30 
32 
33 
26 
3 
10 
14 
15 
17 
34 
4 
5 
1 
1 
16 
0 
17 
10 
19 
5 
1 
0 
10 
19 
21 
14 
64 
81 
58 
26 
20 
3 
11 
27 
58 
97 
31 
2 
20 
31 
17 
35 
53 
31 
17 
18 
20 
30 
15 
17 
26 
35 
53 
14 
15 
48 
33 
10 
5 
21 
21 
10 
3 
11 
26 
16 
0 
5 
3 
21 
46 
31 
16 
49 
58 
51 
20 
5 
17 
31 
61 
43 
1 
0 
1 
19 
4 
21 
63 
80 
80 
80 
96 
64 
31 
0 
16 
17 
33 
80 
80 
31 
21 
28 
10 
15 
49 
66 
84 
36 
36 
20 
21 
5 
10 
10 
1 
16 
47 
30 
28 
5 
14 
48 
10 
19 
21 
30 
0 
14 
2 
20 
53 
46 
15 
31 
17 
83 
68 
52 
10 
49 
32 
31 
14 
3 
4 
21 
14 
0 
31 
14 
12 
5 
31 
49 
50 
52 
46 
31 
0 
17 
19 
11 
10 
14 
31 
32 
16 
0 
17 
13 
11 
5 
0 
2 
11 
16 
1 
18 
20 
36 
53 
37 
14 
15 
31 
32 
10 
35 
36 
37 
37 
21 
1 
33 
49 
16 
15 
21 
44 
10 
14 
31 
32 
49 
58 
74 
43 
51 
4 
4 
5 
21 
14 
17 
17 
48 
47 
14 
3 
20 
14 
31 
49 
26 
26 
19 
20 
21 
21 
30 
30 
0 
16 
31 
14 
5 
19 
21 
30 
31 
49 
26 
35 
4 
5 
17 
17 
16 
0 
10 
19 
4 
5 
1 
16 
10 
3 
5 
0 
1 
2 
4 
1 
0 
14 
28 
10 
0 
34 
52 
94 
95 
64 
64 
65 
33 
17 
17 
14 
14 
1 
14 
30 
1 
10 
26 
43 
43 
3 
4 
4 
10 
26 
33 
32 
31 
21 
28 
10 
15 
17 
3 
21 
15 
33 
19 
21 
31 
33 
35 
52 
37 
14 
0 
0 
1 
21 
3 
4 
37 
46 
47 
48 
17 
33 
17 
5 
21 
20 
28 
27 
49 
31 
13 
4 
31 
48 
42 
51 
52 
37 
30 
15 
0 
1 
5 
3 
5 
5 
14 
15 
15 
16 
17 
26 
19 
20 
5 
17 
0 
15 
21 
12 
10 
17 
0 
2 
4 
1 
16 
34 
20 
15 
17 
12 
5 
15 
33 
10 
51 
36 
20 
21 
1 
14 
16 
17 
19 
20 
1 
16 
17 
35 
4 
5 
30 
46 
31 
15 
15 
15 
0 
0 
1 
10 
19 
11 
10 
1 
0 
0 
1 
1 
5 
3 
4 
5 
16 
14 
3 
37 
31 
17 
3 
36 
46 
31 
31 
0 
17 
17 
5 
12 
27 
17 
15 
13 
4 
14 
48 
58 
59 
51 
20 
5 
5 
1 
31 
46 
60 
26 
0 
33 
35 
85 
78 
62 
31 
31 
31 
15 
16 
15 
15 
17 
10 
3 
4 
4 
37 
53 
53 
37 
5 
4 
11 
26 
42 
49 
32 
1 
10 
3 
20 
21 
14 
32 
49 
49 
26 
26 
19 
4 
11 
5 
17 
16 
31 
29 
43 
17 
17 
35 
37 
62 
64 
65 
65 
42 
10 
5 
5 
28 
43 
10 
1 
0 
1 
17 
26 
35 
37 
30 
15 
32 
33 
34 
20 
20 
10 
17 
17 
32 
31 
14 
5 
12 
21 
30 
48 
49 
33 
26 
3 
4 
21 
14 
14 
15 
31 
31 
15 
16 
16 
33 
10 
12 
4 
5 
17 
0 
0 
14 
14 
5 
3 
4 
5 
14 
47 
48 
49 
34 
4 
5 
1 
0 
15 
1 
5 
12 
4 
10 
0 
16 
26 
19 
53 
30 
32 
17 
12 
10 
1 
16 
17 
10 
3 
4 
21 
21 
14 
0 
1 
34 
20 
21 
14 
16 
17 
33 
26 
19 
4 
4 
4 
10 
10 
17 
15 
17 
34 
20 
1 
15 
29 
10 
16 
2 
4 
21 
31 
47 
63 
79 
63 
31 
31 
15 
31 
31 
0 
15 
15 
30 
37 
28 
11 
10 
17 
16 
1 
18 
20 
30 
47 
33 
19 
4 
1 
15 
16 
33 
17 
42 
42 
10 
19 
4 
36 
37 
30 
15 
0 
17 
10 
5 
3 
27 
11 
5 
17 
32 
30 
12 
37 
46 
48 
42 
19 
21 
17 
15 
14 
3 
36 
53 
37 
21 
36 
44 
27 
43 
43 
43 
27 
27 
3 
11 
27 
42 
49 
63 
45 
27 
1 
0 
17 
35 
68 
68 
69 
46 
31 
16 
0 
5 
28 
27 
49 
47 
60 
49 
29 
10 
32 
67 
101 
111 
127 
127 
95 
69 
44 
26 
1 
31 
63 
63 
62 
53 
60 
26 
0 
16 
26 
19 
21 
15 
17 
10 
3 
21 
5 
30 
30 
30 
14 
0 
16 
33 
42 
51 
28 
43 
27 
27 
10 
5 
21 
44 
43 
33 
31 
1 
19 
36 
53 
46 
46 
46 
30 
14 
17 
1 
1 
0 
0 
0 
0 
17 
1 
10 
3 
20 
21 
30 
32 
17 
10 
3 
43 
42 
48 
30 
12 
5 
0 
2 
36 
62 
96 
113 
113 
112 
79 
53 
28 
21 
14 
15 
47 
47 
46 
53 
60 
26 
0 
9 
11 
17 
9 
4 
30 
79 
111 
95 
69 
76 
74 
49 
31 
30 
37 
28 
26 
17 
16 
16 
33 
26 
43 
59 
75 
74 
49 
31 
14 
12 
36 
30 
47 
64 
65 
49 
42 
26 
26 
11 
11 
4 
12 
27 
27 
10 
15 
32 
33 
26 
43 
51 
4 
11 
5 
21 
14 
30 
14 
1 
17 
16 
0 
1 
19 
36 
53 
37 
14 
1 
1 
0 
0 
15 
1 
5 
5 
19 
20 
20 
37 
30 
15 
0 
13 
59 
81 
109 
72 
59 
6 
37 
81 
90 
107 
139 
170 
177 
159 
125 
90 
47 
2 
37 
47 
32 
65 
90 
90 
97 
112 
78 
44 
5 
15 
41 
36 
21 
16 
2 
20 
30 
48 
58 
83 
52 
36 
44 
43 
59 
74 
81 
80 
47 
14 
12 
4 
21 
30 
31 
31 
48 
64 
63 
63 
37 
12 
21 
15 
33 
51 
36 
1 
48 
45 
42 
7 
4 
14 
33 
19 
37 
62 
80 
97 
90 
58 
28 
43 
42 
48 
30 
28 
17 
0 
12 
21 
15 
33 
35 
52 
69 
62 
79 
63 
48 
16 
16 
16 
17 
17 
14 
14 
5 
5 
5 
10 
10 
10 
10 
11 
27 
27 
27 
27 
42 
42 
33 
17 
16 
0 
1 
17 
17 
16 
0 
17 
26 
10 
5 
11 
11 
3 
11 
4 
5 
21 
14 
14 
14 
30 
30 
62 
46 
46 
30 
1 
5 
10 
26 
26 
26 
58 
65 
47 
44 
26 
31 
49 
74 
51 
52 
37 
21 
30 
0 
14 
28 
42 
48 
14 
3 
21 
46 
64 
80 
97 
80 
48 
16 
15 
15 
0 
17 
33 
10 
26 
26 
33 
0 
0 
5 
3 
5 
16 
1 
12 
10 
15 
13 
11 
1 
0 
18 
20 
30 
47 
65 
35 
53 
63 
48 
33 
10 
5 
12 
11 
21 
21 
14 
21 
21 
37 
21 
