25 
23 
47 
56 
61 
53 
49 
66 
42 
18 
15 
7 
8 
24 
24 
31 
30 
29 
24 
14 
8 
9 
39 
56 
41 
34 
39 
24 
8 
1 
13 
16 
27 
53 
46 
28 
12 
18 
41 
55 
57 
58 
55 
32 
17 
5 
0 
1 
2 
7 
8 
21 
25 
34 
39 
44 
10 
0 
14 
32 
46 
28 
21 
3 
5 
4 
13 
12 
10 
20 
39 
81 
90 
87 
63 
47 
31 
34 
22 
5 
22 
37 
24 
35 
37 
16 
9 
18 
39 
47 
48 
48 
48 
32 
8 
7 
14 
29 
29 
51 
69 
59 
19 
3 
18 
41 
63 
65 
66 
71 
63 
63 
71 
30 
21 
10 
10 
15 
10 
1 
13 
2 
7 
8 
1 
0 
0 
6 
21 
39 
46 
24 
1 
0 
20 
10 
20 
10 
9 
20 
31 
41 
47 
57 
50 
2 
8 
0 
3 
13 
16 
24 
41 
50 
66 
74 
82 
62 
45 
37 
16 
7 
39 
24 
16 
29 
17 
2 
2 
14 
13 
8 
3 
21 
30 
11 
13 
6 
7 
1 
0 
16 
33 
34 
47 
47 
64 
72 
80 
72 
63 
39 
34 
18 
1 
26 
26 
39 
63 
79 
62 
21 
12 
10 
12 
10 
28 
26 
23 
17 
18 
31 
32 
29 
33 
26 
26 
2 
16 
11 
29 
22 
3 
2 
19 
44 
28 
11 
26 
33 
34 
56 
64 
40 
39 
55 
71 
79 
94 
101 
80 
54 
35 
37 
3 
18 
56 
77 
109 
117 
104 
78 
13 
12 
10 
7 
33 
39 
41 
50 
47 
40 
32 
32 
0 
15 
22 
21 
8 
1 
0 
17 
42 
47 
56 
53 
45 
45 
9 
5 
21 
24 
31 
22 
29 
8 
17 
34 
32 
25 
18 
31 
24 
1 
0 
3 
5 
15 
8 
8 
21 
25 
34 
23 
40 
41 
42 
42 
26 
2 
24 
39 
54 
60 
61 
46 
0 
49 
66 
82 
110 
117 
112 
83 
69 
32 
16 
21 
37 
69 
77 
80 
67 
77 
75 
60 
25 
10 
65 
111 
133 
141 
144 
118 
84 
77 
46 
20 
2 
39 
65 
66 
55 
39 
10 
6 
10 
7 
7 
7 
15 
14 
13 
5 
0 
8 
14 
21 
8 
6 
0 
17 
31 
17 
19 
26 
23 
41 
34 
31 
23 
24 
16 
1 
13 
8 
24 
37 
49 
58 
62 
69 
48 
32 
15 
1 
10 
34 
74 
118 
116 
85 
54 
14 
25 
65 
103 
128 
120 
107 
104 
102 
75 
45 
3 
26 
39 
64 
64 
56 
56 
22 
2 
7 
16 
1 
2 
15 
8 
5 
6 
29 
51 
69 
54 
22 
4 
51 
66 
57 
63 
49 
66 
55 
56 
48 
56 
55 
30 
29 
8 
0 
26 
26 
18 
13 
29 
56 
59 
77 
62 
35 
13 
8 
9 
7 
16 
49 
66 
66 
55 
64 
64 
37 
29 
13 
9 
18 
2 
8 
32 
48 
31 
23 
14 
2 
23 
48 
57 
50 
7 
0 
9 
18 
31 
56 
40 
35 
21 
16 
22 
21 
23 
7 
8 
32 
43 
37 
24 
14 
5 
3 
2 
8 
1 
5 
0 
31 
48 
56 
53 
53 
49 
34 
10 
8 
15 
6 
8 
7 
30 
53 
43 
53 
46 
19 
3 
42 
57 
68 
58 
79 
72 
53 
41 
34 
23 
23 
23 
22 
5 
24 
46 
45 
32 
8 
0 
7 
8 
8 
8 
8 
0 
16 
24 
29 
37 
64 
67 
60 
29 
14 
12 
35 
42 
71 
69 
65 
58 
34 
2 
8 
22 
29 
19 
29 
3 
15 
33 
55 
69 
93 
101 
80 
43 
5 
15 
16 
32 
39 
46 
45 
27 
21 
8 
33 
87 
111 
102 
93 
67 
64 
54 
35 
24 
1 
15 
17 
23 
28 
18 
8 
27 
13 
0 
15 
0 
13 
9 
2 
24 
14 
13 
12 
10 
23 
0 
24 
37 
45 
53 
64 
70 
40 
38 
43 
44 
33 
21 
17 
60 
66 
63 
63 
35 
29 
8 
0 
5 
14 
2 
15 
31 
31 
10 
10 
6 
29 
37 
37 
64 
63 
86 
77 
59 
45 
11 
5 
28 
26 
44 
50 
63 
87 
103 
94 
35 
5 
4 
11 
2 
4 
23 
25 
55 
61 
77 
85 
69 
56 
22 
5 
2 
1 
18 
7 
32 
40 
39 
35 
29 
48 
54 
35 
37 
22 
0 
17 
31 
16 
17 
2 
2 
7 
23 
24 
32 
8 
7 
15 
30 
21 
16 
8 
8 
17 
10 
23 
25 
42 
32 
45 
41 
34 
26 
26 
10 
2 
5 
24 
48 
27 
29 
16 
9 
23 
33 
47 
44 
18 
7 
16 
32 
21 
21 
37 
29 
32 
40 
56 
43 
61 
72 
46 
21 
0 
24 
29 
45 
37 
37 
21 
5 
9 
2 
21 
32 
40 
31 
15 
8 
23 
22 
40 
31 
22 
5 
15 
40 
32 
48 
40 
48 
56 
32 
24 
17 
10 
18 
2 
16 
24 
31 
46 
53 
48 
22 
45 
62 
19 
4 
44 
74 
108 
106 
90 
62 
69 
61 
40 
31 
14 
5 
7 
7 
32 
47 
46 
45 
48 
38 
37 
30 
4 
13 
6 
12 
3 
10 
52 
58 
39 
29 
1 
5 
21 
32 
55 
54 
40 
22 
40 
54 
40 
30 
0 
17 
39 
48 
45 
53 
29 
8 
0 
6 
21 
0 
8 
24 
37 
37 
80 
55 
54 
67 
61 
83 
68 
61 
51 
32 
6 
4 
10 
20 
47 
49 
55 
88 
93 
96 
71 
46 
20 
13 
11 
35 
50 
44 
34 
15 
40 
41 
50 
50 
54 
69 
64 
62 
61 
51 
61 
51 
37 
7 
17 
42 
39 
31 
16 
8 
1 
7 
24 
25 
26 
7 
24 
48 
48 
55 
51 
53 
40 
6 
2 
15 
16 
21 
29 
45 
40 
8 
8 
24 
24 
16 
25 
10 
2 
8 
7 
16 
8 
16 
0 
0 
16 
5 
14 
37 
43 
44 
36 
4 
26 
73 
82 
82 
86 
69 
55 
62 
64 
47 
22 
2 
7 
0 
15 
23 
15 
10 
10 
22 
45 
29 
24 
8 
15 
23 
47 
47 
42 
42 
54 
45 
77 
64 
35 
5 
23 
56 
56 
40 
15 
7 
16 
24 
23 
15 
34 
62 
61 
32 
0 
40 
79 
86 
72 
46 
32 
6 
8 
6 
0 
25 
74 
96 
112 
104 
87 
47 
6 
26 
14 
29 
21 
16 
0 
8 
8 
7 
15 
24 
29 
17 
2 
8 
22 
45 
27 
5 
23 
37 
53 
45 
53 
56 
64 
62 
85 
88 
63 
38 
8 
16 
17 
23 
24 
57 
58 
62 
69 
56 
43 
21 
7 
17 
12 
10 
44 
50 
48 
33 
18 
2 
0 
17 
18 
0 
16 
16 
1 
15 
32 
33 
42 
55 
63 
47 
46 
29 
24 
56 
63 
78 
51 
29 
6 
15 
56 
80 
112 
119 
110 
80 
51 
5 
23 
56 
64 
64 
56 
39 
30 
8 
8 
1 
18 
15 
17 
18 
24 
17 
7 
15 
24 
32 
24 
16 
40 
48 
29 
13 
1 
2 
23 
16 
16 
8 
2 
5 
5 
13 
13 
5 
13 
5 
2 
22 
2 
23 
8 
6 
16 
30 
40 
46 
35 
28 
13 
27 
36 
20 
4 
35 
83 
122 
152 
160 
144 
142 
132 
113 
77 
46 
19 
35 
82 
108 
106 
79 
71 
62 
53 
27 
21 
15 
14 
8 
9 
39 
41 
18 
0 
16 
33 
26 
34 
55 
64 
69 
61 
45 
37 
21 
8 
15 
23 
38 
37 
16 
23 
30 
21 
0 
36 
42 
39 
40 
56 
53 
37 
45 
37 
24 
16 
0 
48 
72 
51 
53 
35 
36 
21 
9 
25 
31 
33 
31 
56 
61 
53 
45 
25 
10 
10 
7 
7 
16 
33 
50 
50 
31 
31 
26 
30 
5 
18 
15 
15 
26 
30 
21 
32 
7 
1 
18 
36 
34 
39 
39 
32 
16 
16 
10 
22 
32 
43 
48 
22 
28 
34 
55 
80 
88 
87 
55 
34 
10 
2 
5 
21 
45 
56 
39 
14 
8 
12 
18 
39 
64 
72 
64 
40 
32 
24 
7 
15 
26 
46 
29 
40 
54 
48 
22 
12 
10 
17 
28 
42 
33 
15 
9 
7 
41 
58 
47 
39 
38 
69 
80 
75 
69 
40 
23 
18 
1 
18 
42 
34 
18 
30 
45 
53 
32 
7 
7 
1 
18 
23 
40 
53 
57 
34 
42 
42 
18 
10 
5 
5 
13 
13 
37 
40 
15 
9 
15 
28 
26 
15 
8 
1 
10 
7 
1 
0 
0 
14 
8 
4 
2 
4 
10 
9 
31 
33 
47 
63 
95 
79 
62 
45 
40 
19 
29 
24 
15 
22 
15 
32 
24 
40 
39 
22 
5 
0 
0 
15 
7 
0 
0 
0 
0 
30 
8 
4 
2 
24 
33 
26 
31 
40 
37 
37 
25 
5 
5 
2 
8 
6 
5 
0 
1 
7 
33 
42 
47 
39 
23 
24 
8 
15 
31 
38 
60 
61 
54 
27 
12 
39 
65 
87 
112 
96 
103 
102 
85 
27 
18 
39 
56 
64 
71 
62 
24 
17 
58 
86 
93 
96 
78 
53 
23 
32 
29 
53 
80 
87 
102 
80 
46 
11 
13 
6 
20 
39 
33 
51 
42 
63 
81 
66 
58 
62 
61 
56 
39 
38 
13 
13 
5 
2 
22 
37 
32 
31 
38 
77 
75 
76 
57 
45 
30 
9 
59 
90 
103 
113 
106 
87 
87 
63 
39 
26 
14 
21 
8 
6 
10 
31 
39 
55 
70 
59 
44 
33 
21 
30 
30 
14 
28 
31 
56 
77 
101 
136 
131 
125 
99 
69 
39 
14 
34 
94 
101 
83 
77 
47 
38 
13 
7 
7 
14 
0 
9 
39 
49 
71 
64 
65 
50 
34 
34 
26 
15 
0 
18 
46 
80 
43 
21 
7 
17 
39 
56 
57 
66 
58 
42 
34 
26 
5 
21 
21 
21 
24 
24 
19 
21 
24 
57 
74 
55 
63 
70 
69 
40 
0 
40 
96 
102 
100 
84 
77 
38 
1 
35 
74 
104 
113 
130 
110 
85 
56 
39 
22 
5 
0 
15 
48 
56 
67 
69 
43 
8 
25 
48 
57 
42 
39 
39 
30 
21 
5 
22 
69 
68 
45 
30 
12 
50 
92 
74 
74 
55 
39 
23 
7 
8 
8 
7 
15 
62 
84 
73 
57 
17 
26 
57 
71 
93 
101 
101 
112 
102 
48 
7 
53 
88 
70 
37 
19 
13 
4 
18 
55 
64 
56 
63 
54 
45 
5 
26 
42 
38 
29 
40 
30 
45 
46 
20 
4 
1 
1 
18 
25 
36 
26 
32 
57 
90 
114 
102 
104 
83 
69 
56 
46 
29 
23 
6 
26 
55 
72 
64 
56 
56 
47 
62 
56 
70 
75 
67 
43 
17 
49 
57 
84 
66 
56 
57 
47 
24 
25 
39 
36 
50 
66 
55 
71 
70 
77 
37 
16 
8 
24 
32 
40 
40 
32 
24 
32 
47 
38 
37 
27 
24 
6 
11 
3 
3 
4 
20 
3 
19 
19 
39 
73 
64 
49 
58 
79 
95 
103 
111 
102 
61 
24 
16 
48 
77 
88 
86 
96 
70 
36 
37 
11 
15 
72 
105 
126 
117 
109 
104 
83 
45 
16 
28 
34 
66 
90 
86 
77 
59 
29 
6 
4 
13 
14 
22 
19 
3 
26 
41 
63 
80 
88 
80 
96 
79 
70 
77 
64 
39 
10 
9 
18 
31 
47 
71 
94 
157 
186 
161 
106 
52 
28 
113 
144 
157 
181 
200 
190 
180 
157 
118 
43 
18 
57 
79 
104 
105 
94 
77 
56 
47 
22 
21 
0 
12 
2 
0 
14 
12 
21 
43 
3 
18 
25 
43 
66 
76 
58 
36 
26 
4 
4 
13 
12 
23 
17 
10 
7 
32 
40 
53 
53 
64 
64 
64 
47 
34 
2 
21 
5 
16 
40 
48 
63 
46 
29 
15 
1 
23 
44 
42 
31 
24 
9 
15 
1 
8 
38 
36 
37 
30 
4 
26 
40 
89 
114 
114 
94 
69 
53 
72 
55 
51 
37 
7 
72 
112 
128 
107 
85 
46 
28 
13 
20 
58 
103 
120 
104 
88 
71 
55 
10 
37 
37 
13 
29 
45 
56 
78 
67 
35 
11 
42 
73 
90 
79 
79 
82 
62 
53 
29 
8 
39 
39 
31 
42 
38 
13 
0 
25 
7 
4 
21 
11 
5 
4 
2 
16 
9 
15 
28 
26 
31 
56 
85 
93 
93 
72 
32 
23 
1 
10 
34 
34 
26 
38 
45 
40 
27 
13 
20 
50 
39 
48 
49 
10 
32 
38 
45 
14 
0 
12 
10 
39 
63 
64 
64 
69 
65 
66 
42 
26 
6 
10 
2 
7 
15 
23 
23 
7 
10 
6 
13 
18 
31 
16 
8 
14 
24 
19 
29 
11 
5 
4 
5 
3 
13 
1 
35 
58 
80 
81 
63 
56 
32 
13 
9 
10 
2 
0 
7 
0 
8 
0 
15 
8 
0 
1 
50 
64 
56 
37 
21 
13 
0 
0 
0 
16 
16 
8 
15 
22 
29 
19 
45 
6 
20 
18 
39 
61 
69 
85 
101 
99 
77 
35 
21 
19 
29 
19 
5 
15 
22 
0 
12 
5 
8 
9 
15 
0 
6 
10 
24 
1 
32 
22 
29 
43 
69 
75 
69 
54 
28 
5 
12 
31 
57 
66 
48 
33 
10 
7 
0 
30 
48 
54 
69 
59 
56 
38 
11 
26 
12 
18 
8 
9 
15 
32 
8 
1 
21 
13 
32 
24 
23 
7 
13 
45 
45 
13 
5 
13 
16 
0 
7 
16 
19 
5 
32 
49 
58 
63 
50 
46 
64 
62 
64 
46 
68 
85 
46 
3 
15 
17 
7 
16 
21 
25 
10 
7 
24 
9 
16 
30 
16 
9 
26 
47 
47 
32 
0 
16 
1 
15 
32 
17 
5 
0 
24 
40 
48 
32 
31 
38 
37 
24 
7 
23 
23 
39 
18 
5 
13 
40 
40 
31 
15 
18 
22 
13 
16 
0 
17 
42 
71 
87 
71 
58 
38 
21 
8 
7 
23 
48 
55 
78 
56 
30 
10 
40 
49 
58 
63 
79 
79 
83 
85 
75 
69 
62 
11 
34 
48 
57 
34 
50 
70 
77 
39 
14 
2 
8 
21 
25 
34 
34 
26 
8 
16 
7 
14 
16 
11 
5 
0 
17 
39 
41 
66 
71 
63 
47 
23 
6 
5 
10 
22 
45 
40 
22 
12 
5 
3 
0 
17 
28 
26 
32 
17 
10 
10 
31 
31 
71 
102 
109 
88 
70 
64 
78 
52 
29 
7 
33 
58 
71 
71 
71 
71 
54 
37 
40 
54 
48 
22 
11 
3 
14 
34 
57 
55 
73 
66 
66 
58 
34 
42 
42 
42 
42 
42 
34 
6 
21 
5 
34 
62 
69 
59 
45 
32 
6 
10 
7 
32 
48 
49 
58 
39 
56 
45 
25 
10 
26 
15 
0 
16 
32 
39 
54 
64 
38 
19 
10 
36 
42 
44 
18 
24 
33 
42 
56 
72 
80 
59 
45 
31 
22 
40 
40 
23 
15 
15 
5 
9 
26 
15 
7 
7 
15 
39 
55 
50 
54 
29 
8 
41 
50 
71 
87 
79 
47 
34 
2 
10 
5 
21 
48 
47 
54 
64 
38 
0 
33 
63 
81 
66 
42 
42 
42 
31 
23 
15 
8 
8 
32 
40 
31 
6 
18 
24 
9 
0 
22 
32 
38 
19 
2 
28 
42 
56 
41 
42 
42 
66 
74 
86 
77 
64 
55 
26 
21 
45 
37 
32 
32 
32 
15 
15 
16 
7 
23 
31 
47 
55 
55 
34 
10 
14 
21 
2 
10 
38 
45 
48 
47 
46 
24 
9 
39 
57 
50 
48 
53 
49 
26 
26 
7 
23 
15 
15 
31 
46 
37 
16 
6 
7 
28 
34 
40 
25 
15 
8 
1 
2 
11 
21 
27 
37 
46 
28 
28 
1 
30 
66 
100 
98 
95 
104 
88 
64 
47 
23 
5 
45 
53 
40 
40 
23 
6 
15 
20 
10 
39 
64 
56 
48 
31 
18 
2 
29 
45 
56 
46 
36 
45 
30 
19 
2 
33 
55 
57 
66 
87 
110 
101 
83 
53 
27 
13 
23 
31 
24 
16 
23 
31 
38 
37 
15 
9 
15 
16 
0 
5 
13 
2 
6 
13 
0 
3 
10 
28 
18 
20 
18 
20 
26 
0 
6 
13 
11 
21 
11 
2 
28 
15 
9 
4 
35 
58 
60 
42 
39 
40 
37 
29 
13 
21 
32 
48 
31 
23 
15 
0 
7 
14 
21 
35 
45 
38 
44 
29 
15 
1 
23 
41 
42 
66 
79 
71 
66 
62 
61 
77 
64 
31 
9 
2 
50 
70 
93 
88 
102 
51 
13 
6 
12 
23 
49 
55 
57 
47 
44 
58 
74 
66 
54 
29 
16 
16 
16 
24 
16 
0 
1 
2 
0 
7 
22 
32 
38 
52 
41 
37 
30 
6 
20 
55 
65 
90 
104 
101 
85 
85 
77 
96 
67 
21 
20 
50 
74 
90 
78 
53 
27 
21 
15 
48 
81 
86 
77 
69 
29 
32 
16 
7 
24 
32 
32 
24 
31 
46 
37 
11 
0 
17 
23 
25 
47 
56 
40 
24 
1 
5 
16 
11 
21 
11 
5 
9 
23 
33 
26 
28 
10 
4 
2 
4 
2 
15 
17 
26 
24 
49 
42 
34 
7 
16 
1 
13 
3 
2 
8 
17 
23 
23 
8 
13 
21 
41 
42 
46 
53 
53 
56 
39 
26 
22 
13 
2 
26 
46 
85 
96 
94 
75 
37 
6 
23 
41 
31 
17 
31 
49 
68 
58 
48 
25 
10 
7 
8 
16 
21 
41 
50 
34 
7 
3 
21 
8 
4 
2 
7 
24 
32 
21 
1 
21 
24 
30 
52 
73 
81 
60 
19 
28 
76 
95 
120 
149 
133 
104 
63 
30 
5 
26 
34 
46 
29 
8 
8 
29 
53 
61 
48 
7 
8 
16 
16 
32 
55 
70 
56 
38 
19 
5 
9 
20 
42 
76 
90 
95 
79 
63 
47 
23 
13 
29 
45 
29 
40 
51 
76 
97 
100 
39 
22 
43 
75 
98 
111 
112 
115 
125 
116 
77 
8 
21 
29 
29 
56 
43 
37 
15 
1 
0 
1 
21 
16 
0 
24 
29 
37 
37 
37 
29 
33 
26 
50 
58 
31 
0 
23 
22 
13 
24 
16 
7 
13 
9 
5 
0 
20 
21 
19 
21 
14 
11 
18 
56 
61 
37 
17 
2 
7 
8 
1 
23 
32 
9 
21 
3 
0 
25 
71 
72 
57 
34 
18 
26 
18 
2 
2 
13 
21 
48 
43 
45 
3 
26 
31 
17 
8 
38 
75 
91 
67 
19 
52 
108 
122 
142 
125 
100 
133 
155 
140 
100 
69 
22 
44 
71 
89 
71 
72 
85 
85 
77 
72 
43 
29 
3 
2 
12 
10 
3 
37 
54 
43 
4 
36 
63 
57 
55 
41 
31 
41 
60 
63 
73 
55 
48 
29 
45 
29 
15 
22 
24 
19 
5 
34 
70 
85 
78 
38 
54 
62 
54 
14 
44 
66 
103 
135 
126 
144 
110 
64 
35 
37 
32 
23 
9 
26 
42 
58 
102 
109 
91 
61 
46 
28 
21 
22 
4 
18 
33 
60 
63 
89 
111 
104 
73 
34 
0 
23 
38 
69 
83 
84 
61 
30 
4 
3 
50 
89 
116 
106 
87 
72 
88 
71 
70 
40 
6 
0 
16 
21 
45 
53 
16 
8 
33 
34 
42 
34 
2 
13 
0 
15 
22 
53 
45 
40 
86 
29 
28 
34 
28 
18 
6 
11 
12 
11 
50 
65 
82 
103 
102 
101 
83 
85 
51 
29 
3 
5 
23 
40 
40 
32 
40 
64 
80 
94 
68 
53 
54 
11 
28 
43 
42 
60 
74 
71 
88 
77 
80 
72 
31 
14 
5 
39 
47 
47 
15 
16 
13 
29 
45 
37 
37 
29 
21 
14 
5 
26 
42 
46 
45 
75 
92 
77 
54 
43 
36 
13 
17 
39 
33 
50 
31 
40 
85 
85 
80 
59 
45 
3 
5 
28 
26 
32 
57 
79 
72 
80 
69 
48 
7 
23 
32 
47 
62 
40 
46 
27 
29 
6 
4 
26 
52 
66 
87 
96 
101 
96 
64 
30 
37 
31 
1 
26 
34 
54 
13 
16 
29 
13 
2 
24 
48 
62 
60 
53 
62 
35 
2 
32 
53 
37 
29 
13 
16 
0 
24 
8 
2 
5 
6 
13 
13 
24 
27 
37 
16 
9 
2 
0 
9 
15 
44 
42 
64 
65 
74 
63 
9 
5 
48 
59 
61 
59 
61 
11 
34 
88 
81 
98 
66 
26 
42 
26 
42 
50 
26 
21 
45 
45 
40 
1 
50 
58 
2 
21 
15 
14 
0 
8 
25 
42 
63 
67 
77 
99 
93 
86 
54 
19 
10 
1 
7 
25 
58 
79 
55 
47 
23 
46 
29 
48 
39 
30 
13 
24 
33 
27 
10 
4 
26 
12 
18 
56 
81 
50 
58 
50 
42 
22 
29 
29 
9 
5 
56 
78 
60 
37 
12 
26 
50 
62 
77 
43 
45 
55 
126 
101 
16 
40 
40 
63 
83 
77 
78 
84 
65 
29 
14 
12 
42 
64 
81 
103 
87 
87 
87 
70 
69 
76 
77 
54 
19 
7 
17 
16 
30 
7 
25 
34 
31 
24 
9 
18 
39 
31 
24 
23 
7 
1 
2 
0 
0 
9 
10 
55 
56 
64 
61 
61 
45 
21 
2 
54 
117 
131 
135 
137 
143 
136 
111 
143 
34 
29 
72 
126 
147 
139 
146 
176 
137 
103 
84 
58 
39 
25 
10 
3 
13 
3 
2 
12 
42 
88 
97 
78 
53 
2 
34 
46 
93 
155 
180 
162 
143 
92 
5 
94 
122 
132 
154 
175 
223 
214 
196 
117 
9 
111 
96 
80 
67 
97 
77 
106 
73 
105 
148 
42 
30 
54 
62 
50 
41 
44 
7 
14 
14 
12 
36 
83 
116 
76 
4 
11 
1 
6 
3 
4 
13 
4 
7 
6 
20 
44 
28 
4 
2 
4 
2 
72 
112 
168 
195 
164 
101 
62 
43 
11 
10 
25 
63 
80 
112 
120 
115 
109 
70 
27 
12 
35 
43 
43 
1 
9 
12 
44 
61 
86 
28 
17 
25 
22 
34 
121 
185 
199 
185 
122 
55 
39 
47 
5 
101 
160 
158 
115 
43 
3 
35 
36 
83 
90 
1 
0 
81 
183 
179 
101 
0 
55 
95 
62 
5 
23 
39 
47 
31 
42 
50 
38 
29 
115 
85 
51 
5 
96 
101 
85 
77 
68 
85 
83 
68 
65 
41 
50 
97 
124 
162 
135 
79 
42 
54 
57 
61 
180 
273 
241 
83 
29 
94 
138 
200 
173 
181 
227 
157 
78 
27 
15 
57 
159 
112 
0 
4 
29 
8 
11 
61 
11 
26 
24 
17 
26 
14 
5 
25 
5 
28 
73 
81 
105 
60 
28 
9 
26 
97 
137 
148 
95 
65 
47 
32 
16 
15 
47 
78 
109 
83 
96 
78 
11 
31 
30 
80 
9 
63 
57 
79 
144 
197 
61 
0 
33 
51 
42 
41 
43 
53 
54 
115 
92 
172 
87 
25 
24 
30 
69 
99 
53 
4 
71 
153 
178 
166 
133 
88 
31 
30 
10 
39 
63 
95 
131 
85 
3 
15 
49 
47 
3 
53 
27 
10 
1 
15 
41 
39 
44 
2 
16 
38 
12 
42 
48 
73 
98 
63 
103 
38 
53 
55 
57 
45 
112 
91 
69 
7 
24 
25 
18 
9 
5 
69 
96 
166 
43 
61 
63 
48 
8 
16 
72 
69 
25 
34 
87 
40 
9 
34 
0 
95 
62 
4 
21 
49 
100 
34 
15 
7 
18 
9 
6 
26 
12 
101 
122 
73 
12 
20 
39 
121 
114 
126 
109 
91 
93 
112 
78 
45 
40 
103 
134 
116 
217 
297 
188 
47 
86 
178 
209 
214 
261 
235 
203 
99 
46 
51 
3 
50 
20 
2 
60 
119 
145 
106 
40 
55 
103 
56 
69 
25 
5 
152 
31 
49 
21 
27 
34 
4 
19 
106 
76 
50 
111 
79 
46 
16 
27 
21 
63 
88 
48 
88 
86 
16 
46 
59 
20 
151 
113 
103 
79 
39 
119 
31 
31 
8 
88 
72 
56 
0 
24 
16 
48 
69 
53 
37 
40 
40 
24 
16 
15 
7 
38 
34 
54 
18 
48 
14 
61 
230 
28 
58 
41 
24 
70 
114 
215 
256 
93 
29 
122 
25 
34 
32 
80 
23 
183 
182 
68 
30 
153 
297 
216 
78 
701 
175 
70 
298 
454 
247 
110 
261 
239 
94 
69 
35 
44 
9 
62 
59 
18 
15 
16 
77 
197 
85 
6 
50 
10 
32 
15 
115 
29 
4 
99 
82 
92 
127 
73 
8 
78 
138 
185 
302 
349 
302 
186 
25 
36 
50 
67 
141 
158 
58 
31 
25 
230 
229 
12 
146 
105 
0 
59 
88 
9 
60 
0 
69 
45 
21 
96 
81 
124 
45 
183 
94 
82 
89 
67 
10 
127 
137 
106 
31 
54 
104 
78 
99 
123 
82 
63 
41 
53 
51 
63 
189 
205 
308 
191 
42 
17 
45 
43 
216 
134 
2 
263 
150 
3 
93 
174 
22 
38 
14 
52 
52 
42 
48 
23 
64 
38 
125 
40 
95 
112 
88 
72 
55 
63 
14 
53 
24 
1 
61 
11 
80 
46 
44 
98 
194 
246 
123 
12 
26 
244 
298 
82 
94 
48 
169 
188 
143 
41 
39 
9 
26 
55 
48 
32 
56 
83 
130 
135 
128 
85 
45 
40 
47 
240 
181 
104 
27 
10 
82 
5 
1 
55 
91 
77 
91 
140 
49 
38 
51 
44 
35 
5 
46 
35 
19 
66 
25 
0 
6 
3 
74 
121 
132 
15 
46 
70 
99 
179 
291 
370 
176 
32 
129 
135 
48 
105 
270 
301 
156 
49 
86 
98 
14 
118 
37 
78 
41 
3 
20 
28 
11 
83 
115 
67 
43 
47 
25 
23 
48 
88 
72 
35 
2 
9 
54 
147 
174 
106 
6 
114 
153 
183 
137 
63 
38 
52 
52 
53 
1 
7 
128 
168 
131 
50 
32 
89 
14 
2 
3 
109 
3 
19 
236 
231 
21 
170 
62 
2 
28 
29 
78 
66 
97 
175 
72 
64 
79 
134 
117 
63 
1 
114 
222 
157 
99 
35 
58 
89 
76 
51 
10 
35 
75 
139 
100 
11 
91 
66 
49 
23 
25 
27 
34 
36 
74 
112 
97 
95 
4 
125 
91 
183 
297 
183 
0 
70 
156 
52 
36 
138 
212 
234 
151 
128 
104 
80 
31 
32 
152 
115 
97 
105 
65 
113 
37 
129 
202 
310 
176 
134 
16 
129 
23 
72 
72 
7 
64 
237 
101 
50 
90 
2 
37 
47 
32 
24 
29 
29 
37 
73 
221 
208 
121 
127 
33 
160 
83 
79 
22 
99 
228 
140 
188 
201 
73 
25 
52 
52 
76 
95 
65 
66 
39 
47 
78 
44 
28 
92 
140 
82 
48 
25 
12 
65 
113 
135 
135 
119 
158 
157 
131 
128 
94 
35 
13 
19 
58 
114 
62 
69 
75 
93 
70 
115 
77 
25 
146 
143 
1 
34 
64 
203 
53 
43 
125 
104 
89 
95 
104 
152 
24 
31 
31 
78 
85 
104 
84 
2 
36 
66 
112 
22 
7 
68 
34 
27 
53 
3 
19 
13 
54 
19 
51 
82 
22 
83 
60 
9 
1 
6 
94 
186 
176 
136 
127 
78 
5 
74 
174 
61 
20 
90 
114 
110 
101 
165 
168 
16 
217 
122 
378 
470 
209 
114 
185 
295 
280 
181 
109 
89 
66 
26 
2 
66 
58 
89 
114 
26 
106 
55 
80 
29 
10 
74 
21 
109 
136 
14 
57 
89 
84 
36 
34 
56 
41 
10 
24 
8 
0 
49 
66 
90 
71 
31 
40 
7 
0 
13 
77 
45 
21 
14 
45 
40 
17 
45 
304 
126 
20 
59 
71 
57 
76 
114 
119 
87 
63 
7 
8 
7 
9 
61 
48 
65 
95 
23 
8 
103 
287 
14 
92 
2 
113 
119 
33 
34 
55 
15 
7 
16 
15 
56 
93 
117 
120 
71 
38 
21 
18 
63 
88 
73 
106 
90 
9 
18 
50 
0 
3 
34 
28 
13 
43 
40 
1 
71 
96 
72 
88 
55 
7 
7 
47 
94 
24 
94 
101 
32 
129 
130 
111 
63 
7 
6 
26 
8 
38 
85 
83 
21 
105 
95 
1 
42 
87 
95 
264 
357 
107 
107 
172 
124 
52 
43 
58 
104 
109 
32 
7 
5 
54 
29 
37 
41 
5 
61 
64 
39 
22 
37 
8 
17 
26 
56 
57 
2 
40 
1 
13 
23 
17 
71 
23 
4 
5 
16 
30 
28 
49 
33 
73 
73 
12 
20 
97 
100 
95 
49 
7 
1 
74 
138 
118 
72 
23 
24 
23 
79 
72 
39 
119 
171 
5 
11 
29 
8 
17 
31 
49 
60 
34 
19 
42 
56 
65 
42 
16 
117 
69 
50 
39 
135 
135 
39 
15 
24 
106 
86 
0 
36 
13 
8 
71 
1 
79 
33 
71 
72 
33 
18 
23 
23 
0 
15 
18 
17 
34 
26 
26 
26 
10 
2 
77 
45 
29 
37 
40 
30 
37 
54 
43 
43 
39 
25 
19 
132 
172 
135 
92 
34 
19 
41 
45 
82 
29 
22 
6 
47 
97 
114 
126 
165 
171 
180 
129 
97 
49 
78 
146 
136 
7 
2 
13 
33 
34 
18 
18 
0 
16 
224 
272 
20 
90 
97 
66 
48 
33 
58 
74 
54 
85 
120 
134 
99 
64 
62 
40 
81 
183 
169 
42 
13 
8 
40 
16 
40 
26 
5 
53 
53 
56 
23 
1 
13 
111 
112 
32 
17 
13 
0 
41 
78 
93 
56 
40 
13 
10 
45 
13 
7 
44 
42 
23 
54 
88 
7 
69 
104 
94 
53 
39 
62 
69 
51 
45 
16 
25 
42 
128 
96 
7 
0 
79 
23 
31 
30 
45 
33 
18 
39 
88 
88 
32 
2 
31 
23 
15 
18 
13 
45 
32 
0 
7 
46 
8 
23 
54 
45 
24 
7 
26 
10 
13 
21 
37 
37 
39 
25 
15 
56 
57 
82 
16 
0 
104 
81 
13 
0 
39 
26 
69 
93 
93 
77 
37 
24 
0 
9 
31 
48 
10 
34 
18 
53 
85 
104 
67 
29 
4 
10 
57 
95 
73 
26 
0 
0 
16 
48 
56 
69 
69 
61 
37 
13 
18 
26 
78 
69 
64 
91 
2 
16 
41 
58 
15 
24 
41 
58 
71 
79 
104 
103 
46 
16 
12 
34 
47 
55 
79 
118 
56 
9 
23 
33 
39 
64 
65 
50 
10 
32 
5 
21 
6 
61 
72 
62 
77 
40 
7 
8 
49 
10 
26 
72 
120 
15 
40 
39 
15 
102 
69 
39 
81 
82 
23 
72 
120 
88 
65 
66 
74 
22 
34 
63 
119 
168 
103 
46 
28 
66 
79 
65 
13 
79 
112 
13 
46 
2 
55 
32 
78 
5 
5 
31 
56 
56 
9 
21 
8 
46 
15 
57 
10 
59 
37 
96 
169 
114 
17 
50 
47 
8 
7 
7 
15 
7 
39 
16 
0 
6 
10 
0 
51 
53 
12 
2 
16 
1 
16 
30 
12 
34 
68 
58 
64 
125 
117 
56 
15 
15 
10 
5 
13 
21 
48 
67 
77 
67 
69 
43 
42 
124 
126 
93 
69 
64 
63 
31 
31 
32 
23 
121 
198 
133 
12 
50 
73 
119 
77 
37 
64 
95 
38 
10 
22 
53 
40 
91 
61 
68 
42 
40 
15 
5 
33 
26 
31 
8 
70 
5 
0 
2 
41 
82 
79 
80 
53 
1 
32 
62 
56 
9 
31 
5 
21 
69 
128 
128 
95 
26 
5 
37 
88 
103 
102 
77 
7 
120 
120 
119 
87 
42 
2 
13 
29 
8 
16 
31 
54 
61 
32 
23 
49 
74 
50 
63 
24 
22 
93 
11 
98 
39 
8 
42 
30 
39 
111 
103 
50 
10 
66 
66 
10 
53 
85 
61 
32 
55 
22 
31 
23 
1 
0 
7 
38 
5 
71 
129 
146 
111 
55 
16 
62 
93 
84 
77 
15 
49 
38 
77 
85 
64 
55 
50 
50 
14 
2 
26 
34 
90 
22 
2 
34 
47 
8 
47 
55 
62 
29 
12 
67 
122 
152 
88 
24 
16 
8 
8 
0 
0 
7 
87 
70 
59 
77 
54 
84 
90 
154 
130 
110 
69 
8 
47 
32 
8 
31 
34 
2 
13 
29 
64 
46 
29 
4 
42 
8 
9 
31 
64 
64 
71 
6 
18 
7 
15 
47 
40 
20 
29 
0 
6 
16 
7 
31 
50 
9 
58 
7 
55 
6 
0 
25 
20 
5 
22 
7 
24 
101 
133 
119 
90 
70 
29 
16 
0 
31 
87 
143 
150 
85 
12 
55 
57 
47 
57 
82 
31 
31 
34 
13 
21 
8 
16 
16 
61 
112 
99 
61 
56 
47 
31 
45 
21 
13 
45 
41 
50 
87 
103 
32 
8 
62 
133 
11 
16 
176 
241 
194 
138 
78 
29 
34 
50 
62 
45 
61 
165 
56 
22 
23 
41 
59 
50 
56 
57 
70 
53 
99 
125 
11 
42 
122 
118 
61 
38 
36 
37 
14 
55 
105 
122 
102 
77 
72 
47 
49 
194 
134 
16 
33 
60 
10 
16 
32 
101 
133 
144 
64 
0 
32 
48 
59 
69 
48 
15 
22 
16 
15 
6 
13 
0 
49 
66 
55 
55 
72 
96 
72 
15 
24 
23 
46 
64 
54 
44 
18 
40 
9 
26 
23 
29 
41 
50 
26 
45 
32 
7 
16 
37 
45 
77 
64 
24 
0 
0 
30 
16 
0 
17 
18 
7 
31 
48 
64 
7 
56 
120 
112 
11 
34 
0 
25 
31 
27 
21 
55 
121 
82 
47 
33 
34 
12 
29 
48 
70 
76 
21 
36 
50 
63 
97 
58 
7 
23 
1 
30 
61 
85 
39 
2 
37 
40 
39 
14 
15 
28 
26 
31 
8 
8 
56 
8 
23 
16 
45 
16 
16 
8 
0 
78 
29 
36 
18 
0 
33 
66 
74 
66 
46 
29 
13 
18 
18 
10 
14 
29 
16 
23 
1 
26 
31 
20 
5 
8 
4 
2 
0 
0 
1 
5 
8 
20 
34 
7 
40 
81 
50 
31 
72 
1 
37 
31 
17 
24 
79 
58 
9 
58 
86 
101 
85 
53 
13 
22 
69 
112 
79 
22 
23 
33 
26 
40 
6 
4 
2 
9 
11 
0 
61 
149 
192 
206 
127 
14 
66 
86 
93 
75 
85 
83 
61 
39 
1 
15 
52 
82 
87 
17 
39 
56 
56 
45 
48 
72 
71 
26 
21 
45 
69 
88 
59 
61 
27 
7 
73 
79 
88 
69 
13 
23 
24 
56 
40 
5 
114 
2 
17 
18 
15 
24 
9 
7 
33 
58 
87 
96 
24 
32 
53 
61 
37 
21 
8 
8 
33 
42 
28 
2 
8 
37 
37 
21 
5 
0 
8 
24 
0 
36 
2 
15 
9 
24 
14 
23 
64 
73 
34 
0 
0 
0 
7 
15 
14 
5 
7 
16 
40 
25 
18 
63 
81 
42 
8 
103 
31 
64 
80 
103 
62 
37 
32 
8 
14 
45 
24 
15 
55 
82 
46 
42 
103 
56 
7 
62 
37 
43 
45 
51 
4 
42 
89 
151 
128 
69 
13 
21 
5 
2 
13 
29 
13 
0 
0 
8 
16 
16 
6 
21 
23 
30 
16 
9 
23 
32 
40 
21 
14 
101 
96 
27 
42 
96 
97 
58 
63 
55 
15 
0 
16 
45 
41 
5 
29 
63 
62 
24 
6 
15 
24 
14 
10 
31 
25 
34 
55 
88 
61 
21 
5 
10 
10 
18 
38 
13 
72 
54 
0 
9 
36 
82 
92 
74 
63 
48 
2 
18 
30 
37 
48 
1 
2 
20 
26 
31 
33 
42 
31 
48 
37 
9 
5 
40 
8 
24 
16 
1 
5 
24 
22 
8 
20 
2 
0 
6 
15 
20 
2 
12 
2 
4 
5 
1 
15 
33 
31 
33 
47 
33 
31 
40 
33 
64 
23 
14 
2 
8 
1 
2 
8 
89 
103 
103 
96 
95 
86 
64 
38 
43 
10 
4 
21 
3 
0 
1 
23 
9 
15 
36 
2 
0 
15 
30 
32 
59 
53 
35 
29 
0 
33 
15 
8 
9 
23 
40 
9 
5 
5 
40 
39 
31 
6 
21 
37 
5 
7 
0 
0 
9 
2 
0 
0 
16 
8 
15 
62 
61 
123 
101 
35 
10 
7 
40 
85 
93 
77 
29 
8 
7 
31 
32 
40 
0 
32 
32 
40 
55 
47 
22 
5 
5 
5 
7 
31 
39 
15 
16 
24 
56 
88 
64 
23 
10 
6 
2 
8 
1 
5 
7 
8 
6 
13 
21 
16 
16 
7 
0 
0 
8 
0 
7 
15 
10 
2 
2 
1 
2 
10 
2 
6 
18 
10 
7 
0 
30 
10 
47 
48 
53 
37 
13 
5 
2 
14 
21 
37 
21 
23 
47 
64 
72 
55 
31 
0 
13 
30 
37 
13 
23 
32 
24 
8 
0 
0 
5 
17 
34 
31 
15 
8 
0 
8 
8 
13 
21 
15 
8 
5 
29 
45 
37 
24 
16 
0 
8 
7 
16 
16 
16 
8 
16 
16 
8 
8 
7 
64 
24 
8 
41 
58 
74 
50 
15 
0 
16 
8 
8 
0 
23 
8 
24 
56 
8 
16 
25 
34 
39 
48 
53 
25 
2 
10 
7 
0 
16 
16 
15 
15 
10 
6 
34 
23 
32 
45 
49 
50 
46 
45 
32 
15 
39 
23 
0 
8 
16 
5 
5 
22 
37 
7 
31 
40 
37 
29 
5 
1 
2 
2 
8 
0 
9 
26 
8 
15 
9 
18 
55 
64 
53 
29 
45 
29 
7 
8 
0 
2 
5 
29 
29 
40 
8 
16 
25 
50 
39 
47 
48 
32 
16 
23 
24 
0 
31 
39 
13 
1 
18 
8 
8 
25 
47 
63 
64 
32 
10 
18 
17 
5 
29 
32 
7 
7 
25 
58 
42 
39 
47 
32 
5 
5 
1 
10 
5 
2 
8 
0 
0 
0 
7 
10 
14 
2 
7 
40 
41 
42 
39 
24 
5 
21 
37 
21 
10 
10 
17 
13 
2 
7 
7 
8 
33 
42 
34 
31 
23 
23 
8 
32 
48 
48 
7 
25 
26 
24 
15 
9 
42 
72 
41 
10 
31 
64 
40 
5 
18 
10 
30 
21 
24 
24 
16 
37 
41 
50 
58 
66 
42 
18 
2 
13 
8 
16 
32 
47 
47 
22 
2 
8 
9 
50 
80 
81 
74 
74 
34 
6 
5 
66 
87 
23 
10 
1 
5 
8 
11 
10 
56 
49 
42 
39 
16 
37 
29 
29 
13 
5 
18 
22 
13 
8 
15 
9 
34 
63 
55 
39 
31 
7 
8 
0 
39 
15 
5 
1 
5 
10 
23 
15 
24 
17 
42 
47 
23 
7 
7 
7 
8 
8 
10 
22 
21 
24 
15 
1 
7 
40 
33 
39 
24 
1 
10 
15 
32 
41 
34 
26 
2 
16 
24 
31 
14 
2 
15 
28 
2 
39 
97 
74 
50 
15 
0 
16 
24 
47 
71 
34 
1 
26 
40 
41 
58 
63 
48 
32 
2 
2 
1 
2 
5 
32 
32 
43 
21 
31 
49 
26 
0 
48 
93 
85 
53 
5 
10 
58 
58 
38 
2 
0 
14 
32 
20 
50 
60 
66 
47 
7 
8 
32 
33 
2 
5 
8 
15 
10 
14 
2 
8 
17 
31 
48 
41 
2 
23 
16 
8 
24 
13 
13 
2 
10 
14 
13 
16 
8 
1 
15 
36 
34 
23 
53 
41 
34 
26 
18 
13 
13 
5 
8 
23 
22 
2 
15 
17 
26 
39 
40 
33 
10 
7 
0 
7 
1 
18 
23 
15 
7 
24 
8 
0 
7 
17 
26 
39 
32 
21 
37 
25 
2 
37 
29 
13 
0 
0 
22 
37 
15 
36 
66 
39 
15 
30 
42 
55 
32 
6 
13 
16 
31 
46 
29 
7 
57 
63 
44 
34 
55 
80 
49 
10 
37 
45 
0 
16 
23 
38 
21 
0 
1 
15 
33 
58 
64 
57 
26 
10 
0 
7 
15 
22 
5 
0 
24 
9 
10 
15 
24 
41 
42 
31 
8 
1 
18 
23 
7 
15 
8 
37 
13 
6 
21 
16 
0 
33 
42 
31 
31 
32 
16 
30 
29 
2 
23 
15 
15 
7 
9 
10 
7 
24 
25 
34 
31 
15 
16 
17 
31 
39 
24 
18 
2 
1 
5 
5 
0 
7 
32 
45 
25 
13 
7 
31 
16 
39 
71 
14 
18 
7 
0 
17 
31 
52 
42 
23 
12 
10 
24 
8 
41 
42 
15 
23 
8 
29 
49 
18 
21 
24 
16 
7 
6 
18 
23 
16 
24 
5 
17 
10 
2 
13 
0 
24 
25 
26 
47 
40 
40 
29 
1 
5 
8 
7 
8 
14 
21 
24 
0 
0 
8 
25 
34 
42 
31 
8 
24 
33 
10 
7 
7 
16 
17 
13 
53 
24 
8 
1 
7 
24 
6 
8 
36 
50 
47 
8 
1 
18 
16 
17 
2 
8 
8 
22 
26 
50 
31 
23 
32 
29 
6 
21 
18 
66 
42 
26 
2 
16 
7 
8 
23 
46 
13 
0 
16 
17 
18 
24 
33 
18 
0 
7 
1 
5 
39 
64 
41 
34 
34 
18 
8 
8 
24 
7 
0 
2 
33 
26 
34 
39 
23 
15 
23 
0 
16 
31 
22 
21 
7 
25 
34 
15 
16 
1 
18 
23 
16 
8 
9 
2 
7 
7 
7 
17 
42 
47 
40 
24 
17 
5 
5 
40 
64 
23 
1 
15 
12 
26 
47 
52 
42 
47 
32 
61 
85 
37 
2 
10 
7 
15 
47 
55 
31 
1 
2 
24 
46 
12 
18 
52 
63 
48 
17 
42 
42 
23 
39 
40 
40 
21 
2 
2 
22 
5 
2 
15 
15 
40 
33 
18 
2 
2 
32 
32 
24 
7 
1 
0 
40 
41 
34 
7 
16 
33 
26 
23 
16 
2 
14 
5 
0 
0 
0 
23 
22 
13 
0 
4 
34 
84 
58 
8 
33 
50 
39 
40 
8 
66 
30 
13 
24 
39 
38 
15 
41 
34 
52 
42 
31 
25 
10 
7 
9 
10 
15 
12 
10 
15 
0 
1 
5 
0 
17 
5 
11 
10 
47 
73 
47 
7 
30 
29 
0 
17 
18 
42 
31 
15 
8 
9 
10 
7 
1 
16 
19 
18 
56 
33 
18 
16 
2 
6 
5 
31 
64 
97 
66 
26 
21 
16 
8 
23 
14 
13 
7 
6 
10 
0 
9 
18 
7 
20 
10 
31 
56 
57 
34 
7 
16 
8 
16 
17 
2 
24 
23 
6 
5 
0 
24 
33 
58 
47 
40 
45 
41 
18 
5 
5 
13 
21 
32 
31 
30 
16 
28 
42 
32 
25 
26 
23 
16 
1 
21 
7 
21 
25 
10 
8 
8 
9 
2 
12 
26 
47 
48 
25 
10 
7 
7 
24 
0 
23 
5 
37 
33 
10 
24 
27 
5 
15 
25 
31 
32 
49 
50 
42 
18 
18 
5 
1 
10 
9 
13 
21 
2 
31 
24 
8 
8 
24 
40 
45 
37 
21 
5 
18 
6 
29 
32 
24 
15 
22 
5 
31 
41 
34 
23 
16 
9 
26 
7 
8 
9 
5 
8 
27 
37 
3 
7 
25 
47 
65 
58 
39 
8 
1 
2 
0 
24 
17 
13 
0 
8 
25 
34 
31 
32 
9 
10 
15 
0 
0 
1 
26 
42 
42 
34 
5 
2 
0 
0 
7 
0 
8 
9 
5 
0 
8 
1 
10 
7 
0 
14 
2 
7 
7 
9 
10 
0 
48 
49 
50 
31 
47 
26 
10 
10 
69 
21 
2 
0 
48 
33 
34 
31 
7 
30 
45 
24 
38 
13 
0 
25 
71 
64 
57 
18 
2 
8 
8 
8 
17 
15 
0 
1 
5 
8 
19 
13 
16 
25 
26 
7 
17 
2 
16 
6 
34 
60 
42 
47 
57 
26 
0 
31 
5 
21 
9 
10 
5 
45 
32 
8 
12 
2 
7 
33 
23 
17 
31 
20 
18 
23 
17 
10 
16 
38 
45 
19 
5 
3 
10 
48 
65 
71 
72 
32 
21 
17 
18 
5 
24 
40 
11 
5 
15 
1 
4 
2 
32 
33 
15 
15 
6 
31 
41 
42 
55 
32 
17 
18 
0 
15 
9 
18 
23 
28 
50 
39 
7 
23 
42 
46 
61 
23 
6 
7 
9 
39 
65 
34 
24 
1 
18 
48 
33 
18 
7 
48 
49 
5 
32 
39 
22 
21 
40 
30 
0 
33 
47 
65 
74 
47 
40 
49 
13 
21 
0 
35 
13 
23 
6 
15 
17 
39 
48 
17 
0 
24 
53 
89 
54 
13 
10 
34 
18 
1 
37 
79 
22 
8 
30 
36 
66 
104 
49 
7 
48 
25 
66 
32 
9 
5 
16 
7 
0 
6 
21 
7 
22 
7 
25 
47 
56 
41 
18 
8 
8 
1 
5 
8 
17 
0 
6 
23 
52 
42 
23 
0 
22 
5 
0 
9 
2 
0 
6 
2 
11 
21 
4 
10 
64 
49 
58 
56 
57 
34 
23 
40 
16 
24 
5 
2 
10 
18 
30 
29 
24 
1 
2 
7 
9 
18 
47 
47 
32 
53 
49 
42 
18 
5 
24 
40 
27 
29 
31 
1 
8 
1 
18 
36 
26 
20 
10 
7 
17 
26 
31 
40 
53 
49 
10 
8 
7 
25 
10 
8 
15 
24 
25 
18 
10 
7 
8 
15 
15 
14 
5 
7 
17 
26 
39 
40 
29 
9 
18 
15 
7 
24 
9 
21 
40 
54 
48 
38 
4 
26 
60 
50 
48 
41 
26 
15 
17 
26 
18 
7 
0 
1 
5 
16 
6 
5 
20 
34 
23 
33 
34 
8 
17 
2 
15 
14 
0 
23 
22 
16 
6 
15 
41 
47 
33 
39 
65 
66 
31 
0 
7 
7 
8 
10 
30 
45 
31 
6 
31 
49 
63 
25 
2 
3 
21 
8 
6 
7 
16 
6 
34 
47 
55 
55 
71 
63 
39 
31 
15 
0 
18 
38 
21 
32 
46 
53 
51 
53 
54 
38 
30 
28 
36 
52 
58 
49 
50 
48 
57 
74 
47 
40 
17 
13 
24 
14 
13 
8 
9 
18 
40 
25 
26 
8 
1 
2 
0 
6 
13 
0 
9 
10 
12 
5 
3 
5 
12 
10 
3 
42 
63 
41 
42 
39 
16 
9 
5 
0 
0 
1 
2 
7 
9 
0 
17 
23 
28 
18 
7 
16 
17 
18 
18 
23 
15 
16 
7 
14 
2 
7 
17 
23 
25 
10 
4 
2 
7 
17 
2 
0 
30 
32 
14 
4 
18 
33 
50 
64 
65 
50 
50 
55 
47 
23 
8 
15 
23 
31 
34 
14 
16 
20 
18 
24 
41 
50 
39 
24 
16 
13 
1 
5 
5 
16 
31 
30 
24 
4 
10 
28 
34 
28 
26 
16 
1 
18 
16 
9 
10 
7 
0 
14 
7 
16 
9 
23 
60 
74 
79 
55 
16 
0 
7 
7 
26 
38 
21 
16 
7 
6 
2 
16 
25 
23 
9 
0 
1 
3 
5 
12 
2 
6 
15 
48 
56 
32 
24 
29 
17 
26 
31 
48 
17 
10 
10 
7 
0 
23 
15 
8 
0 
15 
22 
29 
24 
6 
26 
52 
34 
15 
0 
6 
2 
8 
6 
5 
8 
1 
24 
30 
4 
18 
44 
42 
47 
40 
41 
34 
34 
42 
7 
7 
7 
0 
14 
21 
16 
4 
5 
16 
17 
31 
33 
2 
16 
22 
8 
1 
2 
8 
33 
26 
26 
39 
47 
39 
48 
45 
25 
18 
10 
0 
7 
0 
8 
7 
7 
15 
22 
29 
16 
6 
0 
9 
15 
20 
10 
28 
34 
31 
40 
29 
29 
21 
9 
2 
2 
7 
1 
10 
32 
33 
34 
15 
0 
0 
0 
16 
8 
1 
2 
5 
0 
8 
24 
9 
26 
31 
25 
2 
16 
1 
5 
15 
30 
8 
12 
10 
0 
17 
26 
39 
57 
42 
23 
20 
18 
23 
16 
6 
21 
8 
16 
17 
34 
15 
15 
16 
17 
2 
7 
24 
25 
26 
23 
8 
13 
6 
5 
15 
14 
21 
8 
8 
1 
7 
36 
42 
47 
40 
25 
26 
18 
15 
23 
7 
7 
0 
7 
22 
21 
0 
1 
26 
32 
25 
18 
23 
0 
30 
37 
19 
29 
19 
13 
11 
3 
10 
25 
39 
57 
71 
80 
80 
53 
40 
40 
32 
7 
16 
24 
31 
38 
45 
19 
21 
4 
8 
9 
11 
26 
48 
33 
34 
39 
23 
15 
24 
16 
22 
37 
11 
2 
36 
50 
47 
56 
48 
32 
32 
24 
8 
7 
15 
38 
61 
40 
6 
0 
1 
8 
22 
3 
10 
44 
58 
63 
48 
40 
24 
24 
21 
21 
21 
29 
45 
45 
37 
29 
13 
9 
5 
5 
13 
48 
55 
46 
21 
11 
13 
3 
10 
20 
18 
28 
18 
15 
17 
15 
17 
15 
1 
18 
4 
13 
27 
13 
1 
12 
7 
1 
9 
3 
35 
58 
64 
89 
90 
70 
37 
16 
15 
10 
18 
18 
2 
8 
7 
14 
16 
11 
2 
15 
0 
7 
6 
10 
18 
23 
7 
8 
25 
2 
12 
2 
7 
25 
47 
48 
16 
10 
10 
1 
2 
2 
0 
16 
40 
37 
41 
50 
58 
34 
26 
5 
13 
29 
40 
48 
39 
38 
32 
11 
13 
4 
8 
17 
44 
55 
65 
66 
55 
40 
8 
2 
22 
29 
15 
1 
0 
4 
5 
1 
11 
10 
44 
42 
48 
53 
37 
13 
37 
37 
21 
10 
30 
45 
43 
36 
21 
17 
60 
82 
87 
55 
39 
23 
15 
18 
10 
2 
5 
5 
16 
15 
30 
8 
17 
18 
12 
10 
7 
24 
40 
48 
