9 
23 
32 
31 
12 
11 
13 
7 
10 
10 
9 
10 
18 
13 
18 
10 
24 
26 
33 
35 
26 
20 
28 
22 
10 
6 
2 
7 
11 
24 
13 
0 
17 
13 
13 
11 
33 
32 
26 
6 
0 
1 
0 
0 
6 
5 
4 
7 
6 
1 
1 
29 
38 
43 
27 
25 
16 
14 
4 
6 
10 
1 
12 
1 
0 
10 
11 
35 
31 
21 
16 
17 
25 
13 
17 
0 
2 
8 
5 
3 
8 
4 
15 
8 
11 
7 
33 
20 
16 
17 
15 
19 
10 
4 
0 
2 
0 
12 
26 
24 
27 
36 
41 
34 
24 
13 
6 
2 
5 
16 
25 
24 
11 
3 
20 
16 
43 
45 
40 
36 
26 
26 
31 
18 
7 
4 
1 
5 
17 
16 
11 
9 
16 
14 
6 
1 
22 
28 
30 
24 
7 
2 
6 
1 
6 
11 
0 
4 
0 
1 
1 
19 
34 
35 
27 
30 
32 
34 
18 
0 
9 
7 
6 
0 
0 
0 
8 
23 
17 
15 
12 
16 
30 
28 
22 
2 
5 
6 
2 
5 
11 
1 
7 
13 
4 
14 
25 
30 
27 
17 
4 
1 
11 
2 
11 
0 
5 
15 
13 
23 
24 
32 
40 
16 
4 
15 
7 
19 
25 
15 
18 
18 
26 
22 
18 
17 
16 
20 
6 
4 
22 
37 
55 
47 
37 
21 
17 
23 
6 
5 
14 
22 
1 
5 
5 
23 
28 
28 
16 
2 
3 
6 
3 
11 
20 
30 
21 
10 
14 
2 
6 
10 
28 
23 
33 
11 
16 
17 
15 
8 
3 
8 
7 
0 
0 
2 
16 
24 
38 
50 
30 
35 
37 
25 
14 
1 
1 
1 
12 
18 
23 
4 
15 
22 
17 
25 
42 
41 
23 
18 
1 
5 
6 
3 
1 
4 
11 
3 
12 
10 
7 
39 
52 
52 
42 
36 
18 
23 
6 
2 
17 
14 
16 
24 
19 
4 
4 
37 
49 
34 
19 
41 
44 
40 
37 
22 
2 
2 
10 
27 
29 
24 
4 
7 
5 
5 
10 
17 
17 
15 
7 
16 
18 
17 
20 
29 
24 
27 
22 
33 
24 
26 
31 
31 
20 
0 
6 
8 
3 
16 
10 
5 
0 
7 
3 
11 
11 
16 
20 
23 
24 
14 
14 
12 
5 
6 
0 
10 
1 
2 
8 
4 
15 
21 
20 
29 
37 
37 
21 
15 
0 
6 
11 
2 
0 
14 
8 
1 
3 
0 
12 
21 
30 
35 
25 
0 
2 
1 
3 
3 
2 
9 
5 
2 
5 
31 
39 
43 
41 
42 
40 
37 
28 
21 
15 
6 
5 
9 
0 
15 
19 
18 
11 
0 
2 
3 
18 
33 
21 
18 
4 
5 
1 
8 
18 
22 
15 
10 
3 
7 
17 
43 
48 
52 
35 
34 
32 
29 
20 
20 
8 
18 
14 
3 
0 
17 
10 
0 
0 
5 
0 
13 
39 
34 
24 
14 
13 
28 
10 
13 
24 
18 
14 
3 
1 
22 
30 
37 
32 
36 
18 
28 
34 
22 
8 
6 
2 
2 
3 
2 
13 
5 
3 
2 
5 
2 
15 
22 
29 
19 
13 
28 
17 
10 
12 
8 
26 
28 
26 
14 
0 
18 
18 
10 
1 
6 
1 
7 
3 
1 
6 
11 
1 
14 
13 
5 
12 
29 
31 
35 
33 
24 
29 
13 
5 
0 
0 
1 
12 
10 
14 
14 
18 
24 
14 
13 
20 
22 
5 
0 
17 
6 
6 
6 
4 
4 
8 
19 
24 
27 
28 
28 
32 
26 
16 
0 
2 
2 
2 
15 
19 
12 
13 
19 
23 
23 
38 
32 
27 
29 
19 
2 
26 
17 
14 
1 
7 
10 
11 
2 
11 
12 
16 
13 
7 
11 
18 
22 
13 
3 
12 
21 
9 
4 
8 
7 
23 
34 
32 
32 
28 
30 
28 
17 
15 
2 
3 
0 
0 
13 
2 
8 
26 
22 
17 
0 
24 
20 
20 
15 
6 
14 
2 
6 
20 
28 
14 
10 
0 
16 
31 
34 
39 
42 
31 
37 
50 
44 
26 
4 
7 
16 
1 
9 
8 
19 
0 
9 
15 
15 
29 
24 
26 
19 
8 
15 
14 
9 
12 
16 
10 
0 
11 
15 
28 
20 
49 
46 
42 
32 
28 
19 
4 
12 
16 
40 
20 
6 
6 
13 
12 
17 
29 
38 
43 
48 
61 
58 
33 
13 
3 
11 
10 
0 
22 
14 
1 
7 
3 
21 
12 
22 
14 
9 
7 
12 
8 
8 
16 
9 
14 
2 
3 
19 
19 
40 
67 
65 
52 
46 
23 
13 
2 
0 
19 
29 
20 
18 
11 
2 
4 
27 
39 
41 
36 
16 
33 
24 
7 
3 
3 
11 
13 
8 
6 
2 
11 
24 
27 
35 
24 
35 
24 
14 
4 
18 
18 
21 
8 
5 
16 
5 
15 
25 
27 
42 
53 
47 
32 
23 
0 
0 
0 
6 
0 
3 
19 
26 
23 
28 
25 
34 
37 
41 
18 
16 
15 
13 
5 
9 
24 
19 
20 
17 
20 
16 
3 
18 
23 
25 
13 
19 
18 
20 
18 
18 
30 
23 
10 
0 
13 
3 
7 
5 
7 
2 
23 
30 
39 
29 
14 
14 
10 
16 
3 
7 
19 
21 
16 
5 
4 
15 
25 
22 
6 
23 
10 
12 
4 
7 
0 
2 
2 
3 
3 
8 
5 
21 
23 
13 
19 
28 
32 
26 
20 
7 
10 
4 
2 
6 
20 
10 
4 
9 
8 
9 
29 
26 
18 
11 
5 
1 
1 
6 
13 
13 
3 
12 
0 
14 
21 
46 
62 
73 
68 
66 
63 
49 
40 
17 
9 
8 
26 
27 
45 
34 
8 
7 
11 
24 
21 
18 
18 
7 
5 
3 
1 
3 
8 
4 
8 
11 
2 
10 
18 
17 
49 
46 
34 
26 
22 
19 
20 
16 
6 
2 
6 
4 
8 
10 
0 
9 
9 
10 
13 
19 
22 
23 
32 
12 
1 
26 
35 
26 
22 
12 
11 
9 
9 
7 
0 
1 
9 
1 
11 
4 
1 
10 
16 
8 
2 
22 
26 
16 
11 
9 
18 
23 
10 
7 
7 
5 
15 
11 
0 
6 
16 
15 
15 
7 
19 
27 
24 
23 
9 
2 
4 
11 
0 
4 
7 
15 
12 
16 
18 
2 
6 
28 
33 
31 
35 
49 
44 
29 
17 
7 
4 
4 
14 
17 
16 
11 
5 
3 
7 
18 
26 
47 
33 
20 
33 
39 
25 
27 
24 
7 
2 
12 
2 
6 
4 
16 
24 
27 
21 
15 
6 
4 
1 
5 
2 
9 
15 
23 
10 
8 
1 
17 
17 
21 
17 
35 
42 
37 
29 
35 
30 
25 
6 
1 
16 
18 
7 
2 
2 
4 
33 
34 
28 
25 
12 
20 
16 
0 
13 
24 
10 
1 
8 
0 
1 
20 
41 
39 
18 
15 
27 
23 
12 
8 
4 
1 
5 
15 
10 
0 
16 
23 
9 
14 
16 
4 
14 
15 
13 
5 
17 
26 
38 
24 
36 
36 
44 
37 
29 
12 
7 
6 
23 
31 
14 
11 
1 
0 
6 
2 
7 
24 
33 
25 
35 
31 
38 
34 
22 
29 
18 
16 
11 
2 
10 
9 
13 
12 
12 
22 
8 
7 
7 
7 
27 
33 
36 
23 
9 
4 
1 
4 
1 
9 
16 
18 
31 
29 
26 
30 
44 
46 
31 
8 
4 
16 
14 
15 
26 
18 
15 
6 
0 
7 
18 
30 
61 
63 
46 
12 
10 
10 
0 
4 
7 
1 
1 
1 
0 
9 
25 
33 
43 
46 
46 
32 
16 
0 
7 
13 
2 
6 
9 
16 
20 
10 
0 
9 
23 
18 
43 
42 
28 
23 
0 
6 
10 
19 
0 
7 
4 
1 
2 
3 
1 
13 
16 
13 
2 
4 
13 
18 
23 
26 
20 
25 
29 
14 
6 
0 
24 
37 
37 
38 
26 
33 
32 
16 
13 
8 
6 
0 
19 
26 
37 
14 
4 
0 
7 
10 
31 
33 
31 
21 
18 
12 
9 
1 
14 
10 
9 
10 
11 
3 
16 
39 
36 
43 
30 
32 
40 
30 
27 
16 
4 
5 
1 
5 
17 
14 
3 
11 
13 
14 
15 
19 
23 
16 
8 
23 
22 
25 
14 
5 
7 
1 
3 
5 
3 
5 
22 
29 
13 
5 
5 
9 
1 
7 
17 
18 
17 
4 
6 
20 
19 
47 
60 
59 
50 
43 
40 
29 
18 
12 
9 
9 
20 
33 
43 
27 
6 
0 
13 
29 
32 
33 
38 
35 
34 
25 
28 
23 
11 
15 
6 
1 
2 
3 
5 
7 
6 
5 
6 
0 
1 
3 
0 
4 
15 
1 
14 
15 
11 
9 
15 
33 
38 
39 
28 
22 
20 
16 
10 
9 
9 
1 
9 
13 
14 
12 
8 
21 
24 
11 
19 
23 
27 
21 
26 
14 
19 
11 
5 
0 
5 
15 
21 
16 
19 
26 
25 
28 
17 
5 
2 
6 
1 
14 
14 
23 
6 
4 
8 
5 
14 
33 
32 
38 
22 
21 
24 
51 
51 
36 
17 
15 
2 
7 
26 
30 
27 
18 
29 
20 
11 
21 
52 
53 
46 
50 
40 
33 
23 
20 
3 
6 
17 
15 
12 
4 
3 
9 
6 
3 
4 
15 
12 
17 
22 
16 
10 
2 
7 
13 
6 
28 
51 
51 
47 
40 
35 
32 
12 
10 
5 
2 
1 
13 
20 
13 
6 
3 
5 
11 
19 
3 
19 
26 
29 
43 
42 
55 
46 
47 
24 
40 
40 
31 
15 
9 
12 
21 
12 
5 
21 
25 
32 
44 
50 
37 
31 
4 
8 
2 
0 
21 
40 
47 
44 
43 
47 
54 
48 
45 
20 
26 
26 
22 
12 
10 
3 
6 
8 
8 
3 
19 
14 
0 
5 
18 
24 
14 
4 
4 
4 
0 
11 
13 
14 
16 
23 
26 
21 
22 
11 
8 
9 
4 
9 
6 
13 
12 
13 
9 
12 
23 
29 
38 
20 
3 
10 
19 
11 
0 
15 
12 
16 
13 
15 
10 
19 
47 
58 
57 
65 
69 
63 
46 
23 
0 
6 
16 
30 
32 
32 
30 
21 
22 
16 
7 
14 
37 
47 
41 
31 
32 
24 
20 
2 
4 
2 
9 
1 
1 
8 
12 
29 
32 
13 
14 
30 
29 
16 
13 
1 
3 
6 
6 
10 
3 
11 
11 
24 
35 
30 
43 
37 
34 
11 
8 
6 
2 
2 
11 
8 
6 
6 
1 
0 
0 
23 
30 
29 
19 
13 
9 
11 
9 
2 
6 
17 
15 
18 
12 
6 
7 
16 
23 
22 
5 
10 
16 
3 
9 
7 
1 
8 
2 
0 
0 
14 
15 
10 
27 
18 
29 
27 
9 
0 
7 
2 
9 
11 
0 
3 
11 
33 
31 
29 
30 
50 
53 
26 
7 
7 
5 
9 
7 
18 
39 
27 
22 
10 
8 
15 
31 
54 
64 
60 
34 
48 
48 
28 
6 
7 
20 
25 
22 
22 
8 
0 
5 
16 
21 
1 
3 
6 
2 
3 
6 
5 
8 
7 
1 
10 
7 
28 
36 
35 
45 
51 
46 
31 
25 
26 
22 
17 
0 
5 
21 
14 
8 
9 
4 
1 
9 
17 
22 
9 
7 
25 
21 
5 
13 
7 
1 
7 
5 
7 
11 
35 
39 
36 
40 
25 
27 
38 
25 
10 
15 
20 
22 
29 
25 
18 
7 
21 
19 
29 
29 
36 
54 
50 
36 
25 
12 
8 
0 
3 
5 
1 
1 
5 
3 
0 
7 
25 
28 
11 
15 
10 
6 
0 
13 
8 
6 
7 
6 
1 
7 
11 
33 
32 
29 
33 
27 
16 
15 
8 
7 
0 
11 
7 
10 
2 
0 
3 
4 
13 
23 
39 
48 
40 
23 
12 
18 
7 
1 
1 
1 
2 
7 
2 
10 
4 
13 
17 
15 
4 
1 
1 
2 
4 
0 
1 
16 
10 
11 
13 
13 
29 
37 
29 
26 
22 
25 
19 
11 
10 
15 
6 
2 
8 
26 
28 
1 
19 
26 
47 
37 
57 
66 
39 
30 
18 
20 
8 
1 
9 
20 
14 
12 
14 
11 
10 
15 
20 
29 
21 
17 
30 
16 
15 
2 
9 
2 
4 
12 
17 
10 
2 
1 
1 
10 
1 
22 
33 
41 
34 
39 
57 
44 
30 
22 
7 
3 
0 
5 
0 
1 
24 
32 
27 
20 
12 
13 
1 
17 
17 
34 
27 
6 
1 
2 
1 
18 
39 
51 
36 
36 
42 
32 
21 
11 
3 
9 
2 
0 
16 
10 
1 
14 
9 
11 
2 
15 
21 
15 
3 
13 
22 
26 
26 
16 
0 
5 
3 
6 
9 
0 
29 
36 
31 
26 
8 
18 
8 
11 
0 
0 
4 
1 
3 
1 
5 
15 
21 
26 
13 
14 
21 
20 
10 
2 
3 
14 
10 
7 
2 
16 
2 
10 
20 
22 
32 
31 
37 
41 
38 
22 
32 
37 
28 
12 
6 
5 
17 
14 
15 
10 
8 
13 
3 
7 
24 
16 
15 
8 
1 
4 
8 
26 
23 
17 
20 
27 
30 
25 
19 
4 
16 
21 
3 
0 
5 
7 
1 
4 
2 
17 
7 
25 
28 
31 
34 
27 
33 
17 
1 
5 
1 
6 
9 
18 
9 
8 
17 
31 
34 
31 
28 
40 
42 
32 
33 
30 
26 
18 
11 
17 
12 
13 
16 
24 
20 
2 
18 
31 
22 
12 
21 
27 
23 
15 
19 
13 
10 
5 
0 
11 
1 
9 
14 
15 
11 
14 
23 
19 
6 
4 
1 
13 
5 
4 
19 
0 
7 
19 
29 
33 
30 
28 
24 
20 
16 
15 
18 
12 
8 
0 
11 
11 
7 
8 
0 
19 
31 
31 
21 
17 
18 
17 
15 
1 
11 
1 
6 
14 
15 
5 
11 
26 
28 
37 
37 
30 
40 
40 
32 
28 
24 
23 
9 
0 
5 
4 
3 
2 
0 
3 
0 
7 
7 
5 
0 
2 
1 
4 
7 
8 
4 
11 
2 
0 
3 
11 
16 
21 
16 
7 
17 
32 
41 
38 
24 
15 
18 
12 
8 
11 
20 
36 
26 
22 
13 
24 
26 
11 
11 
13 
10 
6 
4 
8 
15 
4 
9 
16 
16 
19 
44 
51 
35 
24 
2 
1 
2 
9 
16 
14 
11 
1 
5 
7 
14 
17 
17 
23 
27 
11 
26 
40 
38 
31 
16 
19 
18 
5 
11 
36 
10 
2 
1 
16 
47 
48 
34 
35 
22 
9 
6 
1 
3 
8 
12 
8 
3 
16 
20 
34 
44 
38 
22 
19 
10 
3 
0 
13 
11 
18 
26 
29 
36 
22 
14 
12 
41 
58 
54 
65 
69 
74 
60 
40 
31 
33 
22 
5 
34 
39 
10 
5 
5 
2 
1 
13 
18 
19 
12 
7 
14 
14 
10 
0 
17 
15 
14 
8 
17 
19 
30 
33 
19 
1 
14 
5 
1 
1 
14 
15 
8 
5 
8 
1 
7 
17 
30 
36 
21 
17 
24 
31 
18 
12 
8 
16 
12 
6 
3 
1 
9 
16 
20 
29 
19 
9 
11 
1 
9 
8 
5 
11 
6 
2 
1 
11 
16 
9 
12 
19 
41 
56 
46 
36 
25 
26 
32 
12 
0 
10 
2 
8 
1 
8 
1 
10 
24 
30 
25 
4 
8 
6 
0 
4 
17 
23 
25 
10 
20 
11 
18 
34 
41 
40 
45 
35 
33 
34 
14 
12 
6 
11 
5 
5 
4 
8 
1 
13 
15 
17 
23 
33 
27 
14 
8 
4 
1 
11 
22 
12 
16 
2 
5 
13 
21 
38 
49 
52 
36 
34 
18 
22 
12 
2 
0 
8 
14 
14 
15 
6 
2 
9 
11 
9 
18 
26 
41 
28 
24 
28 
20 
23 
24 
23 
12 
16 
15 
8 
2 
3 
19 
29 
13 
0 
2 
3 
19 
30 
34 
23 
14 
0 
10 
17 
19 
37 
51 
49 
47 
24 
39 
25 
18 
4 
3 
9 
10 
1 
5 
7 
0 
4 
11 
15 
29 
25 
30 
16 
1 
2 
4 
1 
3 
5 
8 
5 
10 
16 
15 
15 
31 
47 
39 
23 
12 
8 
1 
2 
12 
15 
20 
10 
0 
6 
1 
22 
31 
35 
41 
39 
37 
40 
24 
19 
20 
10 
10 
5 
1 
0 
3 
9 
17 
17 
20 
8 
12 
2 
1 
1 
7 
2 
10 
6 
9 
2 
5 
11 
16 
25 
34 
51 
38 
32 
27 
23 
16 
2 
10 
14 
28 
27 
33 
11 
1 
18 
40 
49 
46 
52 
52 
52 
40 
24 
9 
1 
4 
3 
10 
9 
10 
18 
17 
14 
27 
20 
15 
6 
2 
3 
9 
26 
41 
42 
35 
19 
0 
18 
33 
47 
57 
70 
64 
67 
62 
43 
21 
4 
15 
30 
31 
33 
20 
18 
1 
0 
5 
21 
19 
23 
20 
29 
22 
13 
13 
20 
16 
1 
2 
7 
14 
26 
26 
30 
24 
34 
29 
24 
9 
1 
2 
4 
1 
14 
5 
5 
11 
12 
10 
10 
32 
36 
12 
12 
12 
17 
8 
17 
28 
30 
24 
2 
0 
8 
11 
35 
57 
54 
48 
35 
39 
36 
24 
11 
5 
4 
17 
17 
18 
22 
1 
1 
6 
2 
14 
1 
20 
15 
21 
6 
29 
42 
47 
57 
49 
56 
55 
49 
21 
0 
0 
2 
1 
7 
18 
9 
11 
9 
13 
25 
13 
8 
2 
0 
11 
14 
17 
23 
18 
14 
21 
33 
28 
30 
19 
16 
19 
8 
7 
2 
9 
10 
12 
17 
23 
13 
14 
14 
19 
3 
9 
5 
3 
1 
0 
6 
6 
4 
3 
13 
27 
38 
28 
30 
16 
8 
3 
15 
28 
34 
20 
0 
10 
17 
17 
26 
33 
46 
53 
50 
52 
39 
25 
4 
1 
2 
2 
3 
11 
12 
14 
13 
24 
2 
9 
11 
36 
27 
21 
8 
9 
11 
6 
3 
8 
13 
17 
14 
10 
19 
35 
38 
40 
31 
11 
4 
14 
10 
1 
19 
8 
1 
11 
10 
10 
13 
29 
37 
39 
24 
14 
16 
6 
3 
7 
8 
4 
9 
10 
16 
3 
29 
36 
49 
44 
46 
43 
20 
8 
4 
4 
10 
6 
14 
10 
0 
19 
21 
24 
32 
49 
62 
59 
33 
17 
11 
0 
12 
23 
22 
8 
7 
11 
9 
3 
19 
29 
26 
29 
33 
28 
36 
20 
5 
5 
3 
10 
5 
4 
4 
1 
10 
22 
21 
20 
7 
10 
17 
6 
4 
6 
9 
6 
7 
2 
2 
2 
8 
16 
30 
51 
67 
59 
43 
36 
31 
21 
12 
6 
8 
10 
6 
16 
25 
27 
10 
7 
18 
25 
27 
25 
30 
30 
14 
3 
21 
10 
7 
12 
11 
6 
10 
9 
23 
16 
26 
32 
16 
8 
2 
16 
20 
9 
4 
19 
14 
5 
4 
1 
7 
13 
33 
32 
21 
16 
27 
22 
8 
1 
7 
3 
4 
9 
6 
3 
3 
23 
33 
34 
17 
24 
27 
5 
1 
6 
8 
8 
4 
3 
11 
23 
29 
45 
50 
48 
45 
46 
38 
13 
4 
3 
1 
12 
35 
34 
29 
10 
5 
0 
9 
31 
35 
32 
21 
14 
18 
38 
14 
7 
0 
4 
6 
8 
8 
3 
24 
32 
27 
20 
9 
9 
13 
10 
5 
5 
7 
18 
7 
1 
7 
8 
17 
19 
25 
21 
21 
24 
25 
20 
8 
10 
11 
9 
2 
17 
1 
2 
5 
2 
3 
21 
39 
31 
21 
14 
24 
24 
11 
4 
0 
1 
14 
6 
2 
9 
14 
27 
24 
25 
0 
13 
8 
2 
10 
23 
16 
5 
4 
1 
10 
15 
35 
34 
43 
42 
42 
48 
36 
18 
3 
0 
2 
10 
23 
29 
8 
1 
6 
8 
3 
17 
23 
30 
24 
11 
17 
17 
14 
1 
18 
27 
23 
2 
4 
20 
33 
55 
62 
64 
60 
71 
61 
42 
21 
10 
6 
18 
20 
17 
18 
16 
17 
18 
28 
18 
9 
29 
32 
42 
26 
12 
17 
16 
2 
2 
5 
10 
6 
3 
6 
23 
27 
17 
15 
14 
25 
23 
4 
0 
11 
3 
7 
5 
4 
10 
27 
34 
28 
19 
7 
21 
24 
18 
12 
1 
5 
9 
4 
3 
4 
19 
25 
14 
15 
24 
17 
6 
2 
16 
10 
8 
7 
12 
16 
19 
47 
60 
54 
60 
38 
46 
50 
30 
20 
7 
19 
29 
30 
48 
52 
39 
32 
28 
27 
11 
15 
44 
65 
61 
66 
84 
93 
64 
43 
18 
23 
6 
22 
28 
35 
23 
20 
28 
25 
11 
4 
13 
8 
6 
1 
7 
7 
3 
9 
23 
44 
53 
57 
50 
77 
75 
83 
33 
36 
15 
11 
17 
26 
85 
78 
12 
17 
10 
6 
5 
2 
3 
0 
2 
27 
23 
67 
21 
21 
17 
67 
96 
20 
19 
6 
34 
20 
8 
17 
15 
66 
58 
21 
0 
51 
75 
21 
18 
2 
2 
30 
38 
15 
12 
24 
59 
75 
53 
20 
11 
24 
64 
82 
17 
6 
3 
6 
12 
9 
23 
52 
62 
63 
74 
78 
79 
66 
64 
69 
14 
7 
32 
19 
15 
99 
123 
55 
12 
14 
24 
36 
17 
44 
98 
128 
107 
260 
113 
42 
32 
42 
142 
150 
135 
0 
18 
101 
56 
2 
45 
20 
140 
142 
42 
35 
43 
104 
232 
30 
139 
111 
99 
125 
156 
191 
201 
173 
164 
148 
115 
78 
55 
54 
26 
2 
82 
58 
28 
104 
177 
109 
96 
97 
57 
66 
64 
8 
49 
44 
36 
18 
0 
8 
19 
32 
76 
112 
130 
116 
50 
4 
83 
83 
95 
146 
154 
43 
8 
78 
73 
109 
169 
192 
173 
103 
94 
16 
9 
133 
99 
22 
104 
73 
12 
40 
19 
41 
88 
61 
20 
22 
104 
109 
98 
73 
25 
10 
75 
75 
54 
67 
73 
127 
68 
1 
101 
98 
95 
78 
53 
126 
85 
64 
54 
60 
54 
38 
9 
49 
93 
129 
133 
150 
111 
10 
66 
60 
42 
62 
1 
34 
44 
29 
15 
13 
9 
6 
23 
48 
54 
47 
25 
23 
75 
18 
9 
65 
158 
172 
12 
44 
9 
7 
28 
169 
100 
71 
236 
243 
156 
73 
108 
13 
38 
11 
25 
32 
21 
31 
87 
99 
110 
93 
37 
113 
149 
164 
107 
80 
107 
67 
1 
26 
21 
31 
76 
4 
13 
5 
11 
42 
37 
60 
57 
57 
63 
105 
161 
39 
24 
26 
19 
54 
108 
166 
178 
88 
51 
85 
75 
37 
156 
30 
56 
10 
36 
93 
182 
137 
44 
9 
24 
102 
26 
14 
80 
267 
75 
137 
112 
141 
170 
157 
102 
136 
181 
58 
50 
116 
167 
90 
256 
175 
47 
65 
66 
11 
66 
82 
70 
195 
245 
236 
211 
41 
41 
128 
76 
14 
66 
69 
146 
201 
61 
59 
57 
73 
77 
8 
5 
61 
65 
5 
65 
148 
8 
184 
245 
233 
162 
20 
33 
30 
131 
108 
245 
89 
8 
103 
83 
2 
108 
77 
27 
18 
22 
30 
48 
57 
95 
95 
145 
130 
112 
97 
46 
249 
34 
113 
75 
271 
372 
176 
78 
51 
19 
14 
42 
156 
153 
158 
207 
329 
458 
302 
201 
181 
68 
36 
245 
516 
293 
248 
271 
168 
66 
1 
100 
115 
125 
156 
172 
227 
185 
121 
41 
58 
75 
253 
464 
258 
140 
105 
121 
211 
165 
215 
201 
105 
107 
18 
113 
197 
229 
157 
64 
80 
170 
192 
390 
312 
37 
69 
2 
42 
43 
49 
94 
122 
17 
33 
23 
37 
40 
185 
200 
123 
22 
58 
30 
168 
303 
51 
92 
55 
55 
21 
117 
28 
78 
14 
168 
2 
183 
223 
242 
264 
172 
65 
36 
154 
28 
66 
21 
126 
300 
669 
336 
71 
19 
49 
59 
92 
202 
69 
6 
47 
209 
176 
79 
107 
178 
170 
92 
13 
32 
191 
149 
143 
147 
28 
7 
131 
97 
109 
91 
47 
56 
18 
82 
103 
149 
50 
50 
110 
274 
414 
365 
266 
202 
159 
51 
70 
124 
65 
67 
47 
86 
340 
264 
113 
111 
0 
14 
42 
130 
139 
1 
10 
12 
240 
463 
380 
313 
205 
121 
691 
347 
158 
216 
73 
21 
5 
108 
208 
287 
280 
287 
220 
159 
127 
65 
14 
98 
276 
8 
0 
165 
348 
161 
62 
28 
103 
131 
2 
98 
253 
240 
246 
255 
165 
65 
57 
154 
155 
60 
71 
79 
139 
138 
70 
129 
90 
23 
19 
58 
114 
82 
121 
100 
81 
93 
221 
138 
99 
217 
371 
340 
221 
80 
9 
34 
209 
381 
203 
39 
135 
103 
80 
11 
153 
178 
220 
181 
149 
168 
166 
180 
155 
174 
129 
16 
62 
31 
170 
182 
50 
151 
85 
30 
69 
136 
146 
128 
108 
69 
8 
2 
4 
34 
6 
25 
10 
107 
82 
102 
92 
40 
23 
95 
150 
70 
120 
364 
272 
238 
78 
155 
138 
8 
106 
515 
394 
29 
63 
171 
253 
117 
71 
31 
109 
164 
10 
25 
220 
284 
273 
257 
213 
135 
46 
64 
125 
109 
53 
21 
77 
91 
31 
122 
123 
119 
112 
237 
135 
49 
70 
160 
162 
216 
251 
105 
88 
300 
323 
404 
431 
342 
164 
23 
107 
258 
486 
157 
4 
30 
88 
0 
76 
97 
390 
194 
131 
154 
182 
41 
10 
13 
15 
17 
39 
63 
47 
7 
41 
104 
150 
124 
84 
3 
18 
57 
15 
24 
47 
47 
33 
10 
75 
40 
13 
15 
149 
144 
17 
319 
131 
35 
39 
98 
27 
165 
232 
206 
130 
78 
42 
146 
103 
248 
45 
23 
54 
91 
240 
246 
88 
107 
101 
43 
11 
63 
153 
121 
63 
198 
224 
103 
111 
2 
26 
127 
182 
121 
57 
46 
46 
366 
325 
177 
167 
131 
116 
12 
59 
35 
76 
94 
73 
23 
174 
223 
184 
255 
306 
187 
96 
22 
65 
63 
5 
279 
201 
87 
172 
157 
102 
17 
175 
515 
521 
252 
233 
5 
39 
21 
121 
391 
615 
461 
351 
315 
237 
142 
72 
20 
39 
285 
334 
402 
209 
7 
24 
5 
137 
342 
223 
118 
7 
129 
224 
298 
421 
422 
327 
216 
2 
177 
292 
359 
200 
3 
81 
148 
301 
274 
110 
45 
130 
413 
231 
3 
122 
88 
85 
160 
488 
478 
273 
276 
305 
177 
46 
117 
316 
141 
230 
218 
118 
99 
53 
86 
94 
191 
264 
254 
149 
113 
82 
109 
28 
68 
107 
73 
25 
82 
56 
4 
100 
131 
85 
130 
149 
129 
106 
106 
102 
186 
69 
132 
36 
7 
36 
31 
58 
8 
31 
41 
9 
146 
263 
236 
106 
74 
312 
296 
292 
339 
272 
149 
186 
801 
468 
238 
42 
39 
62 
27 
128 
124 
0 
131 
159 
143 
289 
102 
25 
68 
263 
294 
367 
427 
220 
121 
34 
107 
18 
590 
131 
107 
67 
114 
67 
142 
93 
46 
34 
5 
7 
56 
32 
32 
10 
158 
53 
118 
132 
85 
8 
27 
16 
309 
230 
121 
131 
165 
177 
57 
211 
263 
85 
288 
328 
64 
133 
115 
142 
184 
209 
194 
145 
18 
81 
34 
3 
16 
2 
17 
49 
27 
72 
40 
9 
240 
180 
165 
85 
94 
98 
60 
129 
346 
177 
107 
4 
34 
99 
85 
70 
91 
203 
369 
130 
389 
272 
42 
145 
43 
237 
134 
61 
54 
165 
303 
314 
101 
14 
66 
132 
266 
223 
51 
37 
183 
138 
110 
139 
247 
321 
208 
78 
58 
177 
225 
265 
285 
373 
42 
69 
174 
182 
155 
41 
50 
67 
123 
213 
123 
114 
34 
27 
54 
139 
554 
379 
381 
443 
106 
274 
214 
366 
415 
239 
147 
163 
193 
205 
121 
12 
314 
94 
76 
57 
197 
74 
10 
112 
257 
185 
6 
39 
5 
54 
82 
293 
236 
102 
320 
102 
3 
190 
120 
223 
94 
85 
48 
50 
85 
75 
113 
63 
77 
89 
98 
69 
121 
140 
54 
50 
2 
119 
35 
4 
92 
8 
180 
89 
52 
92 
217 
177 
67 
120 
170 
41 
26 
56 
9 
214 
232 
157 
160 
102 
155 
278 
235 
296 
74 
159 
103 
104 
43 
11 
23 
91 
12 
118 
117 
145 
143 
100 
18 
104 
175 
126 
27 
58 
88 
191 
330 
10 
396 
388 
372 
275 
141 
97 
325 
241 
86 
39 
25 
119 
308 
384 
262 
340 
151 
187 
437 
492 
449 
435 
357 
215 
78 
25 
168 
350 
164 
169 
11 
58 
21 
133 
145 
106 
1 
210 
488 
676 
282 
25 
109 
234 
333 
359 
367 
125 
76 
3 
53 
107 
235 
82 
29 
121 
142 
130 
61 
104 
350 
453 
387 
343 
286 
178 
29 
216 
537 
204 
42 
234 
350 
427 
187 
97 
232 
247 
118 
235 
340 
374 
303 
35 
529 
660 
51 
194 
52 
188 
85 
23 
122 
133 
16 
0 
104 
256 
140 
104 
92 
128 
140 
133 
265 
238 
216 
141 
23 
97 
60 
228 
245 
1 
11 
33 
21 
72 
73 
34 
86 
31 
62 
12 
39 
32 
89 
203 
282 
140 
61 
93 
114 
232 
322 
181 
42 
14 
264 
287 
159 
25 
128 
157 
266 
516 
292 
45 
199 
335 
382 
359 
373 
296 
16 
341 
520 
468 
288 
375 
658 
173 
272 
380 
488 
490 
442 
431 
420 
236 
63 
65 
126 
97 
201 
240 
339 
500 
447 
281 
385 
29 
263 
347 
427 
528 
354 
120 
25 
38 
141 
148 
244 
351 
137 
441 
583 
492 
233 
41 
407 
612 
377 
285 
231 
136 
70 
13 
72 
178 
269 
194 
201 
194 
160 
44 
47 
11 
8 
129 
236 
251 
209 
176 
8 
255 
364 
371 
342 
307 
281 
223 
38 
141 
90 
95 
270 
359 
418 
439 
248 
56 
146 
262 
348 
329 
325 
240 
158 
192 
230 
107 
208 
463 
368 
243 
150 
92 
81 
125 
76 
57 
22 
129 
127 
68 
5 
27 
10 
0 
241 
315 
239 
391 
490 
398 
150 
212 
304 
261 
16 
57 
203 
47 
51 
24 
105 
100 
203 
201 
74 
116 
223 
33 
31 
50 
131 
59 
1 
41 
94 
341 
283 
33 
74 
2 
74 
78 
242 
344 
116 
21 
89 
94 
100 
147 
202 
234 
342 
284 
207 
15 
192 
184 
193 
175 
172 
144 
131 
73 
169 
95 
27 
146 
238 
104 
157 
292 
284 
210 
117 
6 
94 
117 
81 
118 
212 
166 
58 
47 
58 
30 
248 
338 
164 
97 
227 
131 
47 
118 
175 
56 
72 
85 
133 
95 
8 
31 
62 
138 
190 
112 
107 
212 
206 
79 
139 
27 
99 
97 
186 
200 
179 
202 
35 
249 
463 
543 
449 
42 
354 
197 
177 
63 
7 
86 
8 
54 
138 
121 
206 
125 
178 
184 
37 
62 
27 
134 
102 
2 
85 
107 
159 
124 
110 
101 
22 
39 
141 
124 
174 
193 
111 
160 
236 
97 
101 
202 
148 
84 
2 
122 
215 
319 
282 
76 
85 
193 
283 
197 
147 
29 
117 
6 
126 
111 
15 
70 
304 
396 
315 
141 
104 
57 
52 
57 
72 
72 
3 
13 
86 
72 
149 
189 
65 
229 
179 
211 
288 
305 
227 
162 
24 
280 
385 
371 
383 
326 
309 
213 
100 
114 
125 
95 
200 
262 
271 
118 
19 
43 
44 
115 
154 
144 
115 
33 
19 
182 
230 
188 
10 
285 
114 
11 
4 
138 
106 
60 
54 
35 
93 
138 
465 
593 
146 
140 
41 
115 
180 
249 
313 
260 
97 
75 
227 
150 
8 
27 
55 
8 
39 
22 
102 
243 
189 
45 
111 
236 
362 
316 
15 
246 
409 
499 
467 
341 
155 
44 
110 
172 
305 
382 
324 
191 
147 
116 
35 
9 
18 
202 
395 
426 
372 
275 
150 
77 
19 
128 
232 
253 
428 
356 
286 
252 
148 
48 
84 
226 
334 
438 
537 
275 
31 
4 
126 
17 
91 
108 
106 
7 
74 
78 
199 
298 
114 
75 
8 
107 
245 
296 
308 
319 
213 
91 
85 
41 
51 
171 
302 
328 
218 
267 
212 
28 
168 
285 
325 
259 
254 
213 
122 
138 
326 
438 
376 
210 
191 
407 
322 
275 
249 
251 
211 
73 
111 
297 
309 
260 
387 
497 
239 
20 
192 
273 
350 
309 
243 
214 
173 
205 
157 
81 
9 
99 
171 
188 
220 
347 
457 
510 
514 
280 
19 
205 
463 
530 
462 
312 
208 
219 
181 
130 
120 
102 
60 
172 
110 
49 
164 
197 
164 
87 
109 
233 
196 
38 
61 
116 
60 
10 
77 
237 
300 
102 
298 
326 
217 
91 
136 
340 
451 
373 
315 
236 
103 
47 
275 
547 
509 
216 
68 
220 
115 
139 
265 
212 
146 
35 
62 
88 
109 
129 
156 
174 
160 
162 
65 
17 
1 
2 
8 
44 
84 
196 
101 
73 
55 
28 
14 
19 
4 
5 
163 
204 
215 
213 
329 
226 
16 
165 
175 
121 
110 
65 
157 
370 
331 
288 
79 
149 
349 
615 
602 
516 
456 
358 
225 
25 
169 
391 
703 
847 
567 
282 
115 
13 
156 
202 
148 
62 
104 
256 
301 
248 
130 
19 
115 
181 
124 
25 
36 
7 
19 
4 
3 
38 
94 
89 
70 
62 
57 
101 
65 
102 
165 
63 
128 
190 
216 
214 
154 
7 
75 
1 
33 
257 
327 
229 
8 
153 
180 
359 
466 
423 
270 
93 
205 
160 
132 
115 
118 
132 
125 
32 
10 
62 
5 
42 
66 
4 
1 
73 
126 
99 
67 
156 
100 
99 
165 
111 
17 
22 
4 
41 
84 
164 
179 
170 
90 
99 
41 
26 
63 
78 
88 
21 
34 
61 
93 
156 
301 
295 
221 
58 
97 
163 
104 
9 
53 
28 
144 
262 
370 
400 
397 
232 
132 
107 
44 
55 
160 
247 
328 
520 
535 
290 
64 
309 
382 
454 
452 
288 
36 
16 
9 
92 
192 
188 
190 
112 
69 
147 
136 
31 
147 
109 
206 
175 
85 
9 
206 
365 
408 
334 
247 
160 
112 
131 
147 
80 
80 
147 
155 
177 
238 
162 
163 
2 
89 
47 
19 
26 
35 
22 
78 
136 
66 
97 
3 
131 
79 
77 
87 
40 
12 
36 
25 
59 
34 
10 
5 
126 
132 
100 
68 
38 
17 
6 
47 
40 
27 
12 
62 
66 
45 
35 
11 
0 
14 
36 
24 
7 
21 
40 
42 
39 
20 
54 
92 
162 
183 
113 
67 
49 
70 
69 
93 
31 
45 
53 
41 
34 
29 
51 
21 
25 
61 
94 
86 
54 
2 
34 
30 
40 
57 
62 
23 
7 
20 
24 
25 
11 
25 
8 
11 
21 
18 
45 
107 
96 
97 
33 
57 
43 
19 
48 
47 
33 
142 
131 
135 
15 
20 
20 
83 
3 
17 
1 
6 
15 
8 
15 
45 
39 
24 
7 
13 
38 
41 
30 
17 
106 
142 
129 
108 
107 
110 
41 
14 
35 
23 
53 
89 
87 
91 
29 
22 
52 
103 
103 
44 
9 
4 
47 
56 
69 
48 
28 
16 
33 
122 
132 
123 
95 
90 
70 
0 
66 
56 
31 
59 
105 
66 
0 
36 
14 
1 
12 
8 
15 
41 
46 
76 
30 
23 
29 
71 
12 
29 
54 
46 
42 
18 
6 
71 
71 
63 
65 
76 
51 
23 
28 
54 
70 
55 
23 
20 
11 
31 
29 
58 
16 
85 
83 
15 
96 
75 
38 
11 
20 
5 
13 
51 
61 
47 
0 
64 
81 
63 
98 
117 
99 
53 
0 
54 
57 
3 
11 
23 
71 
62 
13 
15 
37 
46 
42 
18 
14 
66 
58 
0 
37 
12 
35 
42 
20 
35 
62 
32 
0 
2 
5 
0 
1 
13 
0 
0 
31 
8 
6 
5 
25 
14 
8 
41 
58 
66 
45 
14 
45 
32 
29 
23 
25 
20 
12 
4 
10 
32 
64 
34 
15 
5 
6 
1 
13 
37 
40 
39 
42 
47 
33 
45 
32 
112 
97 
0 
16 
30 
15 
17 
7 
35 
31 
31 
77 
66 
52 
38 
17 
4 
1 
23 
0 
0 
19 
34 
10 
25 
25 
49 
46 
7 
4 
33 
37 
5 
5 
3 
13 
10 
1 
4 
41 
27 
6 
23 
20 
13 
11 
25 
17 
18 
17 
17 
24 
11 
5 
13 
17 
34 
20 
20 
2 
4 
20 
13 
16 
34 
6 
17 
33 
6 
1 
3 
0 
9 
2 
12 
39 
48 
47 
41 
52 
28 
4 
22 
21 
11 
22 
40 
5 
33 
15 
29 
35 
38 
28 
27 
26 
18 
12 
10 
0 
23 
28 
14 
5 
23 
11 
12 
14 
5 
14 
22 
36 
25 
1 
26 
46 
38 
22 
16 
8 
1 
13 
15 
18 
0 
18 
29 
35 
30 
16 
38 
36 
28 
25 
29 
4 
14 
31 
47 
44 
7 
22 
33 
45 
44 
36 
34 
21 
10 
6 
3 
8 
3 
0 
8 
16 
17 
18 
15 
19 
32 
7 
12 
0 
43 
48 
37 
37 
25 
41 
31 
10 
0 
3 
24 
42 
48 
59 
50 
13 
12 
13 
11 
20 
24 
0 
22 
15 
8 
7 
45 
50 
22 
16 
0 
4 
15 
3 
12 
5 
12 
30 
26 
8 
24 
24 
39 
24 
36 
56 
17 
29 
32 
32 
15 
19 
27 
2 
13 
1 
10 
8 
4 
8 
5 
3 
20 
31 
28 
9 
25 
27 
16 
7 
5 
0 
7 
1 
1 
0 
27 
28 
19 
36 
30 
22 
23 
20 
21 
35 
8 
24 
20 
17 
4 
17 
24 
12 
2 
9 
26 
33 
6 
6 
4 
20 
30 
5 
19 
2 
6 
9 
12 
6 
14 
17 
38 
44 
42 
34 
57 
55 
19 
19 
0 
7 
26 
26 
6 
1 
2 
16 
21 
12 
15 
36 
25 
17 
24 
23 
12 
9 
11 
3 
42 
25 
9 
13 
15 
23 
35 
46 
31 
18 
8 
26 
49 
28 
9 
0 
0 
2 
15 
29 
29 
10 
25 
29 
26 
24 
35 
22 
4 
15 
5 
5 
8 
1 
12 
19 
14 
15 
4 
1 
14 
23 
12 
29 
27 
8 
17 
27 
3 
30 
30 
15 
3 
19 
21 
1 
8 
13 
19 
16 
7 
0 
2 
9 
3 
1 
1 
5 
4 
12 
16 
37 
38 
36 
31 
26 
38 
32 
17 
11 
9 
0 
10 
1 
7 
12 
12 
10 
14 
12 
28 
36 
30 
32 
31 
23 
20 
6 
1 
0 
4 
22 
5 
8 
16 
20 
30 
44 
40 
37 
11 
17 
28 
23 
15 
6 
15 
7 
2 
1 
7 
24 
19 
11 
24 
18 
19 
36 
23 
7 
8 
6 
15 
14 
16 
0 
30 
29 
39 
26 
17 
21 
31 
11 
4 
8 
1 
20 
29 
11 
5 
7 
1 
1 
18 
15 
26 
27 
28 
18 
11 
11 
23 
13 
0 
11 
6 
2 
4 
26 
31 
41 
51 
30 
26 
10 
16 
24 
14 
2 
3 
1 
7 
4 
5 
10 
0 
0 
0 
4 
0 
45 
74 
66 
26 
1 
21 
18 
23 
17 
11 
14 
0 
1 
0 
15 
46 
49 
38 
29 
12 
11 
1 
4 
5 
2 
6 
0 
4 
0 
2 
16 
21 
49 
36 
29 
24 
21 
10 
4 
12 
20 
16 
19 
16 
11 
12 
9 
13 
31 
32 
25 
16 
11 
5 
1 
7 
15 
15 
18 
12 
8 
31 
51 
29 
0 
2 
16 
8 
2 
1 
6 
13 
4 
4 
11 
10 
6 
11 
0 
18 
49 
79 
56 
32 
31 
15 
16 
1 
35 
66 
40 
13 
3 
1 
12 
25 
25 
31 
33 
34 
31 
51 
59 
45 
41 
26 
8 
5 
2 
8 
22 
1 
2 
7 
22 
32 
30 
17 
17 
4 
12 
9 
39 
24 
15 
7 
5 
3 
1 
6 
21 
16 
23 
14 
17 
23 
32 
25 
7 
9 
7 
10 
9 
12 
9 
20 
47 
51 
31 
24 
0 
7 
14 
2 
0 
16 
20 
10 
1 
9 
19 
4 
6 
1 
1 
27 
30 
15 
13 
3 
13 
18 
3 
2 
4 
12 
1 
3 
6 
2 
59 
97 
100 
54 
4 
27 
30 
6 
6 
15 
2 
0 
0 
4 
5 
0 
14 
27 
24 
25 
19 
25 
20 
21 
13 
11 
6 
0 
13 
1 
21 
37 
32 
34 
40 
10 
7 
16 
10 
17 
2 
7 
0 
1 
11 
10 
16 
4 
14 
15 
4 
13 
31 
36 
42 
45 
30 
8 
9 
14 
17 
8 
8 
5 
10 
2 
15 
20 
29 
43 
33 
30 
26 
19 
14 
4 
0 
5 
6 
7 
10 
5 
7 
1 
31 
33 
60 
40 
21 
14 
5 
0 
6 
10 
3 
11 
0 
1 
0 
1 
5 
20 
30 
20 
24 
36 
24 
25 
12 
9 
6 
3 
3 
10 
16 
7 
13 
17 
9 
3 
24 
23 
19 
17 
24 
20 
17 
4 
6 
3 
2 
17 
26 
18 
14 
39 
28 
24 
24 
6 
5 
0 
0 
12 
17 
2 
8 
3 
2 
5 
6 
13 
18 
17 
22 
53 
64 
54 
7 
15 
0 
0 
11 
0 
13 
4 
16 
22 
22 
22 
30 
31 
23 
11 
2 
6 
0 
1 
0 
7 
3 
7 
2 
3 
9 
15 
32 
18 
21 
13 
13 
9 
9 
9 
4 
6 
9 
15 
19 
2 
17 
35 
45 
39 
28 
20 
15 
2 
3 
12 
7 
1 
2 
0 
0 
4 
3 
7 
11 
14 
26 
35 
26 
27 
26 
19 
16 
12 
12 
4 
2 
4 
5 
9 
15 
35 
23 
32 
8 
8 
23 
0 
5 
1 
7 
3 
10 
0 
2 
1 
14 
47 
37 
24 
22 
26 
32 
16 
6 
5 
2 
1 
6 
3 
9 
5 
11 
2 
10 
41 
47 
48 
30 
9 
4 
2 
17 
17 
20 
14 
12 
3 
12 
19 
18 
29 
33 
35 
37 
39 
36 
28 
13 
6 
3 
3 
3 
8 
17 
7 
2 
17 
20 
31 
21 
7 
5 
1 
0 
1 
0 
6 
5 
19 
51 
27 
14 
13 
22 
28 
29 
20 
10 
7 
2 
6 
3 
2 
2 
6 
4 
0 
0 
18 
17 
23 
38 
38 
20 
9 
15 
12 
10 
5 
4 
2 
9 
7 
6 
8 
13 
21 
21 
23 
16 
22 
27 
18 
5 
18 
24 
8 
22 
18 
12 
14 
39 
58 
54 
50 
64 
51 
51 
25 
20 
6 
8 
21 
30 
23 
17 
11 
9 
4 
4 
12 
26 
21 
10 
14 
17 
16 
5 
0 
11 
20 
20 
6 
1 
10 
15 
32 
32 
19 
11 
28 
30 
13 
1 
1 
1 
16 
14 
14 
1 
4 
3 
4 
5 
9 
33 
36 
28 
26 
15 
20 
11 
10 
1 
7 
3 
5 
3 
3 
13 
13 
21 
29 
19 
1 
24 
41 
30 
15 
9 
2 
0 
1 
3 
2 
9 
13 
15 
3 
21 
17 
0 
2 
13 
28 
51 
68 
65 
36 
27 
34 
32 
28 
10 
3 
7 
0 
3 
17 
0 
2 
2 
1 
19 
18 
3 
0 
9 
0 
13 
22 
31 
25 
21 
21 
12 
8 
1 
4 
5 
4 
13 
5 
12 
15 
2 
12 
23 
15 
23 
43 
44 
24 
1 
2 
11 
7 
5 
23 
35 
8 
25 
23 
11 
17 
29 
36 
32 
13 
0 
12 
18 
13 
2 
6 
0 
2 
6 
10 
5 
29 
35 
26 
12 
7 
15 
13 
9 
2 
14 
28 
0 
2 
6 
0 
5 
25 
42 
47 
29 
40 
46 
33 
12 
6 
7 
9 
14 
8 
14 
1 
5 
24 
22 
27 
22 
31 
31 
19 
5 
6 
4 
8 
18 
14 
34 
23 
7 
30 
38 
67 
66 
48 
36 
36 
24 
27 
19 
23 
8 
5 
2 
6 
13 
5 
0 
10 
25 
24 
6 
14 
17 
8 
1 
1 
1 
1 
17 
38 
26 
20 
3 
10 
14 
21 
55 
59 
67 
59 
41 
45 
47 
33 
20 
3 
12 
0 
3 
7 
0 
0 
8 
2 
0 
12 
1 
8 
1 
2 
5 
4 
2 
4 
8 
8 
32 
40 
42 
26 
32 
25 
28 
18 
12 
1 
10 
2 
11 
17 
0 
6 
16 
16 
16 
22 
28 
36 
29 
18 
5 
8 
0 
15 
0 
2 
3 
0 
2 
3 
0 
39 
54 
44 
29 
20 
8 
4 
1 
0 
18 
3 
4 
3 
1 
1 
7 
20 
25 
35 
11 
23 
6 
4 
11 
3 
7 
15 
14 
8 
15 
24 
31 
30 
33 
22 
24 
22 
22 
5 
4 
2 
1 
11 
18 
10 
10 
9 
3 
0 
10 
17 
35 
26 
26 
30 
44 
53 
30 
2 
23 
33 
29 
18 
23 
2 
18 
37 
46 
46 
40 
24 
18 
2 
4 
9 
6 
16 
12 
1 
3 
5 
10 
14 
16 
30 
42 
36 
24 
22 
21 
6 
30 
1 
19 
34 
20 
12 
8 
9 
8 
17 
31 
23 
21 
10 
9 
30 
10 
3 
7 
16 
8 
4 
3 
13 
28 
39 
44 
43 
17 
37 
32 
14 
1 
9 
6 
8 
18 
15 
2 
16 
33 
39 
48 
36 
38 
33 
26 
6 
12 
12 
12 
4 
3 
8 
21 
5 
3 
4 
5 
8 
21 
17 
23 
11 
21 
9 
11 
0 
2 
3 
5 
1 
1 
6 
13 
25 
31 
24 
13 
17 
29 
24 
4 
4 
6 
7 
0 
8 
12 
1 
22 
15 
21 
6 
27 
20 
23 
15 
8 
4 
0 
3 
14 
4 
18 
32 
32 
29 
20 
38 
38 
29 
26 
15 
16 
9 
4 
17 
16 
18 
11 
9 
1 
3 
14 
31 
38 
36 
23 
22 
24 
14 
1 
3 
12 
9 
17 
20 
19 
7 
4 
18 
33 
49 
60 
50 
47 
36 
22 
6 
7 
14 
22 
35 
8 
2 
0 
0 
5 
20 
41 
32 
30 
18 
14 
27 
24 
18 
4 
1 
9 
18 
25 
31 
23 
4 
8 
34 
37 
43 
37 
38 
34 
64 
46 
37 
20 
0 
9 
4 
3 
27 
13 
0 
0 
0 
8 
14 
23 
18 
13 
20 
24 
20 
18 
8 
5 
9 
21 
24 
28 
21 
22 
30 
36 
9 
7 
5 
15 
3 
3 
5 
9 
3 
3 
13 
21 
9 
6 
24 
34 
21 
16 
19 
11 
2 
9 
17 
14 
9 
15 
23 
26 
20 
41 
46 
39 
22 
4 
7 
4 
13 
20 
19 
19 
5 
3 
7 
11 
27 
29 
17 
18 
19 
7 
10 
4 
3 
0 
6 
2 
11 
4 
17 
44 
61 
55 
50 
35 
37 
31 
25 
14 
17 
14 
17 
31 
32 
43 
10 
10 
20 
19 
28 
41 
49 
39 
32 
22 
20 
9 
3 
10 
17 
10 
9 
3 
1 
5 
9 
29 
29 
14 
22 
20 
24 
15 
11 
7 
10 
12 
10 
8 
9 
5 
8 
8 
19 
19 
29 
39 
36 
36 
32 
40 
36 
16 
15 
8 
5 
13 
15 
18 
8 
13 
21 
18 
11 
0 
9 
20 
11 
3 
5 
3 
7 
6 
16 
21 
39 
51 
47 
33 
32 
23 
15 
0 
14 
32 
32 
21 
21 
11 
10 
18 
34 
42 
41 
33 
27 
33 
23 
13 
7 
3 
0 
2 
6 
0 
0 
13 
17 
24 
12 
30 
26 
14 
13 
3 
5 
8 
2 
13 
23 
19 
7 
6 
7 
18 
16 
40 
42 
32 
26 
10 
10 
0 
7 
0 
12 
20 
18 
23 
31 
29 
29 
21 
13 
8 
10 
3 
0 
1 
2 
8 
20 
21 
15 
24 
26 
24 
25 
15 
20 
40 
34 
20 
9 
2 
2 
12 
4 
27 
31 
20 
3 
1 
9 
12 
21 
33 
28 
15 
16 
11 
16 
0 
7 
10 
6 
9 
13 
10 
2 
6 
26 
42 
41 
33 
28 
29 
17 
22 
21 
23 
36 
8 
5 
0 
12 
12 
3 
0 
23 
20 
15 
12 
2 
2 
5 
4 
3 
10 
10 
1 
2 
0 
22 
15 
20 
38 
27 
12 
29 
17 
14 
2 
5 
4 
3 
2 
5 
4 
9 
5 
16 
24 
26 
30 
31 
40 
41 
43 
23 
21 
27 
18 
14 
1 
6 
0 
6 
4 
0 
4 
8 
1 
2 
14 
3 
8 
3 
10 
13 
4 
12 
10 
9 
3 
26 
41 
46 
41 
23 
28 
20 
8 
6 
4 
5 
10 
15 
11 
10 
13 
34 
33 
35 
28 
25 
32 
20 
4 
10 
3 
3 
7 
14 
5 
2 
6 
3 
20 
22 
23 
16 
21 
5 
1 
2 
0 
7 
4 
7 
8 
15 
20 
15 
24 
43 
42 
41 
31 
20 
0 
1 
4 
3 
14 
21 
10 
21 
18 
8 
17 
44 
46 
49 
43 
40 
44 
22 
8 
2 
0 
0 
7 
15 
10 
12 
28 
29 
23 
24 
38 
24 
17 
3 
3 
4 
9 
8 
5 
18 
8 
6 
9 
23 
12 
35 
48 
36 
21 
7 
4 
16 
1 
12 
15 
19 
8 
15 
13 
10 
9 
36 
38 
33 
20 
27 
38 
25 
15 
8 
4 
3 
1 
14 
21 
6 
3 
3 
0 
8 
28 
36 
35 
32 
25 
35 
24 
12 
6 
1 
1 
14 
5 
6 
5 
20 
23 
20 
15 
8 
15 
12 
3 
1 
22 
17 
18 
1 
7 
