0 
1 
10 
8 
9 
2 
2 
0 
7 
0 
7 
23 
34 
38 
45 
32 
23 
14 
13 
0 
1 
8 
15 
14 
2 
15 
0 
0 
2 
10 
30 
45 
48 
38 
32 
30 
13 
11 
29 
8 
25 
39 
32 
17 
2 
0 
24 
31 
62 
53 
32 
3 
5 
15 
16 
6 
5 
15 
31 
40 
8 
15 
31 
39 
47 
26 
22 
21 
24 
8 
23 
18 
14 
13 
2 
7 
0 
0 
8 
2 
30 
29 
48 
31 
22 
8 
0 
9 
2 
2 
0 
8 
7 
15 
15 
30 
37 
37 
31 
14 
8 
4 
10 
23 
32 
21 
5 
2 
10 
10 
10 
18 
42 
34 
30 
21 
24 
15 
18 
22 
21 
16 
15 
9 
10 
10 
0 
0 
0 
6 
21 
37 
40 
23 
6 
5 
0 
5 
1 
5 
2 
0 
0 
7 
7 
7 
23 
31 
39 
42 
38 
29 
32 
31 
30 
5 
15 
8 
22 
21 
0 
8 
6 
21 
24 
4 
10 
0 
14 
5 
7 
8 
2 
6 
21 
21 
29 
29 
32 
24 
15 
30 
29 
15 
6 
2 
0 
9 
5 
8 
0 
0 
6 
13 
21 
32 
39 
46 
29 
19 
37 
40 
22 
8 
1 
15 
12 
26 
39 
17 
2 
0 
7 
22 
37 
32 
30 
21 
16 
1 
5 
8 
0 
8 
2 
14 
21 
37 
24 
31 
46 
32 
19 
5 
4 
10 
8 
9 
15 
16 
5 
6 
13 
13 
24 
24 
31 
38 
29 
32 
14 
5 
0 
9 
10 
7 
0 
7 
6 
29 
21 
24 
27 
13 
16 
3 
21 
15 
14 
16 
7 
14 
8 
16 
29 
25 
34 
18 
10 
5 
21 
45 
53 
29 
21 
32 
8 
0 
0 
7 
0 
0 
2 
2 
1 
10 
30 
37 
37 
37 
24 
16 
7 
7 
2 
2 
10 
10 
10 
14 
5 
21 
21 
40 
47 
38 
37 
24 
14 
8 
1 
10 
24 
33 
26 
15 
8 
0 
23 
66 
86 
101 
80 
38 
8 
33 
63 
73 
66 
39 
23 
8 
56 
53 
61 
61 
32 
8 
7 
6 
2 
8 
7 
6 
5 
5 
13 
0 
0 
0 
0 
7 
15 
23 
42 
46 
29 
24 
3 
5 
0 
0 
10 
6 
2 
0 
15 
7 
18 
22 
29 
32 
31 
38 
16 
4 
5 
7 
9 
2 
10 
0 
8 
15 
15 
18 
30 
29 
40 
38 
45 
40 
14 
7 
17 
26 
16 
9 
10 
7 
8 
8 
2 
38 
37 
40 
40 
47 
70 
37 
31 
30 
5 
16 
25 
39 
8 
6 
0 
0 
14 
24 
7 
6 
15 
32 
37 
29 
5 
18 
31 
31 
24 
16 
21 
37 
45 
45 
29 
32 
7 
30 
5 
0 
9 
2 
0 
0 
0 
2 
1 
21 
37 
24 
23 
22 
29 
32 
14 
5 
8 
1 
5 
2 
0 
7 
0 
1 
5 
16 
24 
23 
30 
24 
15 
14 
5 
8 
23 
22 
13 
16 
7 
9 
2 
7 
4 
5 
0 
6 
5 
0 
0 
17 
18 
10 
2 
1 
2 
2 
15 
40 
45 
37 
37 
37 
29 
24 
7 
1 
5 
8 
0 
8 
10 
6 
29 
21 
40 
47 
38 
53 
32 
14 
7 
17 
31 
17 
18 
7 
7 
15 
18 
30 
29 
8 
16 
15 
6 
21 
16 
23 
14 
5 
0 
0 
1 
5 
5 
16 
15 
7 
6 
29 
24 
19 
37 
24 
11 
13 
0 
16 
17 
18 
23 
15 
0 
15 
15 
23 
34 
54 
53 
48 
31 
22 
8 
8 
17 
2 
0 
0 
0 
9 
5 
8 
24 
23 
30 
32 
15 
22 
8 
0 
9 
10 
0 
0 
7 
2 
6 
29 
37 
24 
30 
29 
16 
22 
13 
4 
5 
8 
0 
1 
2 
8 
7 
0 
14 
21 
16 
11 
21 
24 
11 
13 
8 
7 
6 
13 
0 
8 
17 
10 
10 
8 
24 
47 
50 
46 
24 
15 
6 
2 
15 
24 
17 
10 
2 
5 
13 
32 
56 
40 
31 
14 
21 
16 
7 
9 
23 
15 
16 
8 
0 
18 
26 
34 
34 
46 
45 
40 
27 
29 
16 
1 
7 
8 
1 
0 
0 
1 
13 
24 
15 
22 
21 
23 
30 
13 
0 
14 
8 
12 
2 
7 
0 
10 
6 
5 
8 
8 
23 
18 
14 
21 
31 
22 
13 
0 
9 
2 
0 
8 
0 
2 
14 
13 
24 
24 
31 
46 
37 
23 
14 
8 
1 
10 
15 
8 
1 
13 
13 
16 
7 
14 
21 
32 
23 
30 
16 
22 
13 
0 
1 
10 
8 
8 
6 
2 
8 
16 
23 
22 
29 
32 
14 
13 
0 
17 
18 
0 
0 
8 
2 
6 
5 
5 
21 
32 
32 
47 
46 
45 
23 
14 
24 
11 
2 
7 
20 
18 
0 
0 
1 
5 
16 
7 
14 
13 
0 
8 
6 
5 
13 
24 
40 
24 
0 
8 
8 
2 
10 
22 
21 
32 
47 
38 
13 
8 
1 
13 
16 
0 
9 
2 
5 
8 
0 
15 
6 
21 
16 
15 
22 
16 
15 
1 
2 
2 
7 
0 
0 
15 
23 
22 
37 
29 
24 
22 
13 
16 
6 
2 
7 
8 
2 
1 
13 
0 
0 
7 
15 
14 
29 
21 
24 
23 
22 
0 
7 
0 
2 
6 
2 
2 
8 
16 
16 
7 
26 
54 
45 
32 
30 
29 
8 
9 
2 
15 
24 
17 
10 
8 
24 
31 
31 
30 
21 
16 
14 
13 
8 
0 
9 
2 
8 
0 
7 
0 
2 
14 
29 
37 
40 
39 
38 
32 
12 
2 
0 
12 
10 
15 
15 
16 
2 
14 
13 
13 
16 
15 
15 
18 
46 
45 
40 
23 
22 
21 
16 
6 
2 
0 
8 
9 
2 
0 
7 
8 
0 
10 
10 
18 
22 
13 
5 
5 
32 
32 
39 
39 
54 
45 
39 
14 
8 
1 
7 
17 
2 
8 
17 
26 
7 
7 
7 
23 
15 
23 
31 
58 
54 
37 
40 
23 
14 
8 
8 
1 
2 
8 
17 
5 
0 
0 
6 
21 
24 
23 
22 
32 
23 
14 
5 
0 
0 
6 
5 
0 
0 
15 
30 
13 
16 
19 
29 
16 
6 
5 
8 
7 
14 
2 
0 
15 
30 
21 
31 
30 
5 
11 
13 
0 
9 
23 
16 
1 
5 
16 
16 
8 
16 
23 
15 
26 
30 
29 
40 
30 
13 
23 
22 
8 
3 
2 
0 
9 
18 
7 
0 
1 
16 
23 
38 
21 
31 
30 
8 
7 
14 
8 
7 
9 
10 
7 
8 
7 
14 
29 
32 
47 
38 
24 
3 
5 
7 
9 
2 
0 
0 
2 
1 
5 
16 
24 
55 
54 
45 
47 
38 
8 
9 
31 
40 
33 
18 
15 
0 
7 
23 
34 
38 
37 
32 
23 
14 
5 
0 
12 
5 
32 
16 
7 
6 
13 
13 
16 
15 
6 
16 
11 
21 
16 
1 
5 
8 
7 
6 
5 
8 
15 
6 
13 
13 
24 
19 
45 
32 
38 
24 
19 
8 
9 
2 
20 
10 
15 
1 
13 
7 
22 
21 
23 
30 
32 
30 
32 
14 
2 
4 
5 
0 
1 
10 
8 
6 
5 
0 
6 
13 
16 
19 
21 
32 
23 
14 
5 
8 
17 
10 
10 
15 
7 
7 
31 
50 
86 
64 
27 
5 
15 
33 
39 
32 
29 
13 
1 
13 
21 
29 
45 
53 
37 
32 
24 
23 
22 
16 
0 
1 
5 
2 
7 
0 
5 
1 
2 
16 
24 
31 
30 
29 
16 
15 
22 
5 
0 
0 
2 
1 
5 
13 
8 
8 
7 
22 
45 
32 
31 
22 
24 
3 
10 
7 
8 
14 
13 
8 
7 
0 
14 
13 
16 
15 
22 
21 
24 
14 
13 
8 
7 
9 
10 
2 
0 
8 
7 
15 
22 
29 
40 
31 
22 
21 
15 
14 
5 
16 
17 
26 
10 
0 
7 
7 
26 
30 
37 
40 
39 
14 
8 
0 
1 
5 
7 
7 
26 
30 
21 
8 
4 
5 
7 
11 
21 
48 
30 
13 
8 
33 
26 
23 
40 
32 
8 
15 
32 
48 
56 
48 
48 
23 
15 
14 
13 
8 
0 
8 
5 
1 
2 
2 
0 
8 
15 
31 
30 
29 
32 
7 
14 
2 
7 
7 
10 
22 
21 
2 
8 
7 
23 
30 
21 
31 
30 
13 
7 
1 
7 
8 
6 
5 
0 
0 
8 
8 
5 
6 
21 
29 
40 
40 
39 
30 
21 
0 
9 
2 
2 
0 
0 
2 
6 
5 
16 
15 
22 
37 
32 
19 
21 
8 
6 
13 
8 
4 
2 
0 
0 
6 
5 
0 
8 
9 
2 
10 
15 
15 
48 
40 
32 
31 
23 
22 
29 
16 
7 
14 
5 
8 
0 
16 
13 
13 
21 
13 
5 
8 
0 
16 
21 
33 
34 
15 
23 
31 
31 
31 
34 
14 
21 
16 
8 
0 
5 
6 
5 
5 
0 
0 
24 
31 
39 
42 
38 
37 
24 
6 
21 
8 
0 
1 
10 
0 
8 
1 
2 
8 
16 
31 
46 
21 
32 
23 
6 
0 
16 
5 
9 
26 
7 
8 
24 
23 
31 
31 
34 
38 
21 
8 
7 
1 
10 
0 
0 
0 
15 
0 
10 
2 
22 
29 
32 
32 
47 
54 
40 
19 
2 
16 
25 
39 
40 
37 
13 
10 
30 
37 
45 
45 
37 
32 
23 
22 
21 
16 
8 
1 
18 
18 
7 
0 
0 
1 
21 
29 
32 
39 
46 
45 
32 
4 
18 
15 
16 
13 
9 
2 
13 
16 
32 
39 
39 
38 
21 
24 
22 
21 
24 
3 
2 
0 
16 
9 
18 
15 
8 
0 
6 
37 
37 
32 
31 
30 
32 
15 
6 
5 
0 
0 
1 
13 
13 
0 
6 
13 
24 
19 
13 
0 
1 
2 
0 
0 
9 
13 
5 
5 
16 
8 
23 
39 
38 
37 
24 
14 
5 
8 
9 
10 
0 
0 
6 
29 
16 
8 
7 
22 
13 
16 
31 
30 
32 
23 
6 
8 
0 
1 
10 
7 
0 
1 
5 
13 
16 
31 
30 
37 
32 
35 
29 
31 
14 
7 
28 
26 
23 
16 
9 
2 
32 
32 
31 
30 
21 
32 
23 
22 
2 
0 
6 
13 
0 
0 
8 
6 
5 
16 
23 
30 
37 
40 
30 
21 
7 
6 
7 
20 
10 
0 
15 
22 
29 
24 
11 
13 
16 
6 
0 
12 
26 
15 
16 
14 
29 
53 
32 
16 
7 
5 
1 
10 
0 
8 
15 
54 
45 
24 
0 
6 
5 
0 
0 
9 
10 
5 
16 
7 
18 
22 
37 
40 
19 
13 
16 
3 
2 
0 
7 
8 
18 
22 
13 
24 
31 
30 
29 
24 
14 
13 
15 
22 
32 
22 
8 
4 
26 
31 
25 
10 
16 
7 
14 
29 
40 
35 
37 
32 
7 
1 
8 
0 
9 
10 
0 
15 
1 
5 
16 
11 
29 
32 
14 
29 
3 
13 
0 
9 
10 
0 
7 
7 
6 
13 
16 
23 
30 
21 
23 
14 
24 
11 
13 
0 
9 
2 
0 
0 
6 
2 
16 
14 
13 
40 
31 
30 
16 
1 
10 
15 
17 
2 
5 
8 
16 
31 
22 
37 
56 
39 
46 
32 
30 
11 
13 
12 
18 
36 
18 
24 
9 
5 
15 
14 
21 
16 
19 
21 
16 
22 
21 
15 
6 
13 
0 
1 
5 
0 
0 
1 
16 
15 
22 
37 
19 
29 
19 
13 
0 
1 
7 
16 
9 
2 
16 
15 
18 
14 
13 
16 
15 
22 
16 
15 
38 
37 
15 
6 
7 
24 
25 
10 
7 
8 
15 
26 
38 
21 
32 
19 
13 
8 
8 
9 
2 
2 
0 
8 
0 
7 
34 
38 
45 
40 
31 
22 
8 
0 
17 
15 
8 
5 
1 
5 
13 
32 
40 
31 
22 
21 
16 
3 
13 
0 
20 
10 
8 
8 
0 
0 
10 
18 
14 
5 
13 
24 
32 
39 
30 
13 
24 
14 
13 
8 
0 
6 
2 
7 
0 
2 
14 
21 
24 
23 
30 
45 
32 
38 
13 
0 
6 
7 
20 
18 
7 
0 
2 
14 
21 
24 
22 
45 
24 
11 
13 
0 
1 
5 
0 
19 
29 
8 
7 
1 
7 
4 
13 
16 
30 
21 
31 
6 
7 
16 
25 
2 
5 
0 
0 
15 
15 
26 
14 
29 
16 
16 
7 
14 
13 
24 
15 
6 
5 
2 
0 
8 
7 
10 
22 
21 
32 
31 
30 
24 
3 
5 
8 
0 
1 
10 
0 
7 
6 
21 
21 
39 
38 
37 
23 
14 
8 
1 
15 
16 
9 
2 
8 
7 
10 
14 
21 
32 
23 
22 
21 
32 
19 
13 
8 
4 
5 
0 
8 
9 
2 
5 
8 
15 
22 
21 
24 
22 
13 
16 
7 
6 
0 
8 
0 
2 
6 
13 
0 
16 
7 
14 
29 
24 
23 
30 
29 
8 
3 
13 
7 
7 
0 
9 
5 
2 
16 
31 
22 
29 
8 
15 
14 
13 
16 
15 
38 
2 
7 
8 
2 
1 
10 
10 
7 
0 
15 
26 
22 
21 
29 
24 
8 
7 
15 
10 
18 
22 
5 
2 
16 
15 
14 
21 
24 
23 
38 
24 
15 
6 
7 
8 
9 
18 
7 
8 
10 
30 
37 
40 
39 
38 
29 
24 
14 
2 
0 
9 
2 
7 
0 
14 
21 
24 
6 
2 
16 
6 
13 
7 
6 
13 
16 
23 
22 
5 
0 
0 
0 
9 
5 
13 
16 
23 
30 
16 
31 
14 
2 
0 
0 
17 
2 
2 
8 
7 
15 
30 
29 
45 
48 
38 
21 
7 
6 
7 
24 
33 
23 
7 
0 
7 
10 
6 
37 
37 
40 
23 
14 
13 
13 
8 
7 
9 
10 
2 
8 
32 
24 
15 
10 
14 
13 
16 
1 
5 
8 
7 
2 
6 
13 
24 
24 
8 
0 
2 
14 
29 
29 
32 
19 
37 
24 
3 
5 
0 
14 
5 
0 
8 
9 
5 
8 
23 
14 
21 
56 
43 
37 
11 
10 
28 
18 
15 
32 
9 
5 
16 
15 
7 
18 
30 
37 
48 
39 
30 
21 
15 
9 
18 
7 
0 
6 
5 
8 
16 
15 
22 
13 
24 
11 
29 
24 
7 
14 
32 
31 
14 
0 
16 
9 
10 
0 
6 
21 
24 
31 
38 
40 
27 
21 
0 
1 
10 
8 
9 
10 
7 
0 
7 
30 
29 
24 
22 
21 
16 
14 
13 
0 
8 
9 
2 
0 
8 
8 
10 
30 
29 
24 
32 
19 
37 
32 
11 
5 
7 
17 
21 
40 
7 
6 
0 
24 
1 
5 
15 
30 
37 
16 
6 
5 
8 
9 
2 
2 
0 
15 
15 
6 
5 
0 
16 
31 
46 
37 
31 
38 
24 
22 
5 
12 
10 
7 
12 
2 
0 
4 
13 
16 
3 
21 
16 
11 
29 
16 
3 
13 
16 
0 
9 
5 
16 
16 
23 
30 
32 
27 
37 
27 
13 
4 
2 
12 
2 
0 
17 
2 
0 
7 
14 
13 
16 
14 
13 
16 
14 
21 
15 
6 
5 
8 
23 
22 
2 
7 
8 
6 
21 
23 
22 
13 
15 
22 
21 
15 
1 
15 
0 
1 
5 
5 
8 
0 
2 
6 
13 
40 
39 
30 
13 
8 
0 
1 
2 
0 
7 
0 
2 
2 
14 
13 
21 
32 
31 
30 
13 
16 
7 
6 
13 
0 
8 
0 
1 
5 
5 
16 
23 
22 
21 
24 
31 
30 
24 
15 
6 
8 
0 
1 
2 
0 
0 
1 
5 
13 
24 
23 
22 
24 
15 
22 
5 
0 
2 
6 
2 
0 
0 
7 
26 
38 
37 
48 
38 
37 
3 
2 
20 
10 
15 
25 
10 
0 
8 
39 
42 
22 
5 
16 
11 
29 
24 
1 
2 
7 
16 
6 
13 
0 
0 
0 
0 
7 
18 
18 
14 
37 
45 
32 
15 
22 
16 
7 
1 
10 
15 
0 
2 
6 
5 
16 
23 
23 
38 
29 
15 
14 
5 
0 
0 
14 
5 
0 
7 
7 
6 
5 
16 
15 
22 
21 
24 
15 
22 
16 
15 
14 
5 
0 
16 
1 
2 
0 
8 
15 
15 
30 
29 
32 
15 
14 
13 
16 
24 
15 
1 
2 
7 
0 
0 
6 
13 
24 
23 
46 
48 
27 
13 
4 
10 
15 
20 
10 
15 
0 
16 
5 
10 
6 
21 
37 
48 
40 
31 
31 
6 
13 
7 
15 
8 
2 
6 
5 
16 
8 
15 
30 
32 
23 
46 
37 
16 
1 
13 
0 
12 
10 
7 
0 
22 
13 
15 
14 
13 
7 
1 
8 
15 
6 
5 
2 
0 
16 
15 
15 
15 
14 
29 
16 
23 
30 
32 
11 
5 
16 
22 
29 
0 
17 
10 
15 
16 
1 
2 
0 
15 
30 
37 
40 
23 
14 
13 
8 
0 
5 
6 
21 
32 
15 
1 
10 
7 
12 
10 
8 
15 
31 
38 
29 
32 
8 
7 
18 
6 
2 
2 
24 
31 
30 
29 
8 
14 
5 
7 
6 
0 
0 
9 
13 
21 
8 
23 
6 
2 
16 
15 
14 
13 
24 
6 
5 
8 
0 
1 
10 
15 
8 
0 
7 
7 
18 
34 
38 
37 
32 
31 
30 
21 
0 
16 
1 
13 
8 
0 
8 
17 
2 
16 
16 
15 
22 
29 
24 
23 
6 
10 
2 
0 
0 
8 
8 
10 
42 
46 
53 
29 
24 
6 
5 
15 
16 
6 
29 
37 
40 
7 
1 
26 
15 
0 
14 
21 
31 
38 
37 
19 
29 
16 
1 
18 
23 
24 
25 
10 
10 
2 
13 
29 
37 
29 
32 
48 
39 
31 
6 
5 
16 
8 
9 
10 
2 
8 
15 
10 
22 
21 
40 
38 
45 
31 
30 
0 
17 
31 
40 
41 
26 
7 
16 
24 
40 
32 
39 
39 
30 
21 
24 
7 
9 
10 
7 
0 
0 
2 
14 
5 
21 
32 
47 
46 
37 
11 
5 
8 
6 
2 
0 
6 
5 
7 
0 
14 
5 
16 
15 
6 
2 
8 
15 
14 
5 
24 
15 
7 
2 
1 
2 
5 
16 
8 
7 
7 
30 
29 
40 
15 
22 
21 
7 
1 
5 
16 
0 
16 
6 
5 
8 
48 
43 
37 
32 
22 
16 
1 
2 
0 
6 
5 
7 
8 
9 
18 
7 
0 
7 
31 
42 
38 
45 
40 
14 
2 
7 
16 
9 
10 
8 
7 
7 
6 
13 
24 
32 
19 
21 
24 
31 
22 
8 
8 
9 
2 
2 
0 
8 
0 
15 
22 
21 
21 
24 
31 
46 
48 
59 
37 
7 
17 
39 
57 
58 
39 
24 
8 
26 
42 
78 
85 
80 
31 
14 
8 
16 
17 
18 
15 
24 
2 
14 
5 
24 
24 
39 
30 
29 
16 
3 
5 
0 
7 
8 
2 
14 
5 
2 
0 
15 
31 
22 
21 
40 
47 
38 
37 
15 
1 
0 
12 
10 
23 
25 
2 
8 
15 
14 
29 
40 
31 
46 
21 
15 
6 
5 
0 
0 
17 
10 
7 
0 
5 
22 
37 
56 
39 
38 
16 
3 
5 
0 
11 
13 
8 
15 
22 
16 
8 
9 
24 
19 
21 
4 
26 
48 
41 
26 
16 
48 
48 
40 
16 
0 
7 
7 
0 
16 
0 
18 
26 
30 
37 
29 
24 
0 
0 
5 
9 
21 
45 
40 
24 
4 
2 
8 
7 
14 
24 
19 
37 
16 
3 
5 
0 
0 
9 
2 
2 
8 
15 
14 
21 
24 
23 
22 
21 
8 
15 
30 
48 
23 
22 
2 
0 
1 
15 
17 
2 
4 
10 
0 
4 
2 
8 
0 
0 
47 
87 
151 
118 
85 
11 
27 
58 
81 
75 
34 
36 
34 
32 
33 
26 
18 
1 
2 
47 
64 
81 
130 
138 
94 
29 
36 
50 
52 
71 
89 
58 
7 
0 
0 
7 
40 
96 
160 
104 
31 
30 
16 
25 
60 
82 
88 
73 
42 
1 
10 
26 
39 
64 
81 
58 
50 
98 
102 
61 
19 
26 
49 
52 
82 
76 
42 
0 
8 
31 
15 
13 
16 
47 
47 
55 
63 
47 
23 
0 
40 
32 
7 
14 
29 
56 
30 
21 
16 
27 
21 
16 
22 
24 
19 
13 
14 
16 
22 
8 
36 
26 
15 
39 
22 
29 
16 
23 
62 
56 
59 
28 
5 
9 
4 
20 
21 
3 
26 
1 
24 
38 
28 
45 
25 
68 
79 
49 
31 
8 
10 
18 
26 
50 
46 
18 
22 
10 
15 
9 
38 
69 
80 
62 
14 
12 
4 
29 
38 
40 
38 
0 
25 
10 
19 
8 
6 
51 
53 
35 
4 
93 
174 
138 
57 
7 
30 
116 
169 
129 
65 
44 
23 
14 
40 
86 
61 
47 
102 
112 
195 
180 
60 
27 
116 
189 
206 
198 
162 
89 
47 
23 
86 
77 
77 
69 
61 
41 
34 
23 
60 
26 
32 
25 
2 
9 
5 
19 
28 
37 
94 
99 
91 
35 
4 
20 
84 
68 
35 
58 
65 
0 
67 
101 
136 
126 
84 
69 
46 
82 
49 
28 
13 
78 
91 
99 
123 
114 
44 
7 
44 
37 
64 
142 
118 
99 
4 
35 
90 
89 
82 
39 
16 
0 
16 
89 
186 
206 
141 
91 
35 
123 
130 
105 
103 
73 
39 
7 
31 
39 
31 
64 
64 
104 
150 
132 
60 
33 
9 
46 
58 
81 
95 
65 
26 
40 
39 
70 
116 
213 
98 
54 
147 
147 
154 
120 
21 
42 
16 
35 
13 
95 
181 
221 
229 
224 
38 
115 
130 
97 
51 
89 
241 
244 
42 
144 
227 
189 
150 
114 
128 
97 
10 
22 
32 
6 
11 
43 
19 
81 
153 
284 
438 
349 
275 
81 
98 
157 
166 
115 
37 
6 
48 
110 
75 
155 
154 
152 
103 
118 
107 
42 
96 
131 
153 
225 
140 
74 
55 
70 
96 
19 
50 
87 
40 
64 
47 
194 
158 
109 
48 
43 
69 
59 
11 
234 
161 
119 
97 
4 
26 
83 
107 
68 
41 
49 
49 
30 
91 
115 
59 
85 
158 
290 
152 
120 
285 
221 
141 
35 
67 
51 
19 
84 
108 
175 
29 
18 
143 
304 
387 
373 
250 
112 
9 
109 
135 
238 
141 
71 
6 
37 
115 
101 
22 
68 
150 
117 
128 
167 
106 
55 
79 
216 
217 
122 
45 
125 
181 
261 
144 
48 
71 
63 
78 
85 
67 
92 
108 
111 
97 
94 
133 
131 
100 
35 
61 
190 
219 
178 
169 
175 
113 
82 
86 
32 
8 
177 
358 
389 
314 
137 
66 
27 
308 
500 
404 
170 
24 
23 
38 
32 
98 
114 
104 
155 
157 
31 
65 
82 
111 
134 
5 
103 
136 
261 
252 
164 
163 
50 
158 
144 
294 
196 
20 
40 
33 
21 
45 
62 
101 
128 
62 
23 
41 
179 
266 
424 
293 
88 
25 
109 
258 
321 
151 
86 
12 
90 
0 
73 
158 
18 
191 
264 
286 
146 
29 
81 
223 
230 
204 
172 
31 
50 
125 
221 
331 
300 
202 
201 
223 
153 
183 
95 
15 
153 
258 
278 
197 
99 
100 
114 
193 
268 
127 
25 
32 
16 
23 
76 
146 
175 
191 
238 
370 
296 
87 
193 
263 
264 
293 
256 
255 
334 
75 
10 
6 
128 
280 
272 
311 
166 
63 
105 
121 
165 
22 
167 
233 
223 
175 
62 
170 
318 
312 
243 
181 
83 
29 
126 
78 
5 
71 
155 
260 
273 
97 
91 
260 
276 
295 
312 
168 
55 
49 
138 
84 
74 
124 
202 
328 
168 
135 
38 
18 
7 
73 
151 
264 
333 
300 
297 
313 
14 
138 
143 
128 
39 
111 
360 
331 
289 
257 
208 
109 
108 
99 
146 
212 
319 
457 
135 
129 
68 
69 
63 
110 
92 
117 
110 
218 
224 
181 
184 
110 
51 
90 
168 
229 
73 
77 
101 
158 
171 
99 
75 
21 
54 
179 
291 
306 
238 
85 
125 
278 
286 
242 
212 
26 
96 
175 
246 
181 
15 
215 
374 
397 
218 
6 
63 
79 
214 
340 
489 
439 
243 
31 
182 
309 
243 
284 
217 
273 
256 
360 
326 
18 
59 
149 
293 
517 
492 
417 
275 
181 
21 
279 
358 
348 
368 
309 
214 
138 
36 
55 
193 
151 
81 
61 
96 
150 
213 
347 
305 
188 
106 
64 
280 
272 
111 
17 
154 
175 
279 
206 
164 
76 
120 
222 
211 
193 
281 
295 
323 
225 
16 
78 
229 
307 
409 
384 
293 
195 
31 
206 
307 
393 
377 
287 
168 
107 
164 
135 
97 
79 
16 
151 
271 
238 
284 
313 
320 
213 
52 
147 
187 
203 
98 
103 
28 
34 
15 
38 
181 
224 
112 
32 
49 
39 
119 
138 
79 
108 
10 
59 
132 
161 
177 
76 
11 
132 
348 
207 
70 
18 
121 
207 
296 
368 
306 
145 
26 
128 
269 
288 
358 
410 
285 
2 
76 
175 
233 
198 
105 
58 
80 
198 
134 
11 
137 
241 
199 
224 
366 
338 
129 
85 
240 
307 
357 
434 
448 
212 
97 
15 
215 
278 
421 
530 
432 
323 
202 
10 
185 
270 
389 
347 
351 
272 
70 
116 
281 
425 
319 
171 
196 
184 
33 
165 
316 
233 
113 
8 
31 
74 
17 
5 
48 
123 
124 
53 
107 
68 
66 
140 
87 
84 
74 
0 
48 
31 
151 
183 
78 
15 
1 
11 
21 
6 
35 
3 
60 
68 
181 
246 
210 
129 
39 
95 
198 
325 
283 
260 
279 
104 
200 
233 
146 
47 
8 
86 
205 
28 
251 
242 
175 
96 
111 
216 
88 
191 
71 
22 
34 
55 
104 
176 
289 
258 
190 
4 
130 
377 
448 
312 
222 
116 
201 
281 
384 
368 
206 
57 
273 
335 
255 
174 
91 
36 
204 
258 
279 
238 
112 
14 
15 
25 
95 
159 
118 
13 
103 
190 
276 
245 
142 
2 
46 
107 
140 
329 
260 
103 
56 
39 
47 
180 
162 
79 
111 
47 
8 
62 
160 
230 
138 
193 
87 
168 
512 
734 
538 
238 
40 
246 
221 
128 
187 
197 
196 
153 
105 
48 
33 
7 
15 
47 
126 
252 
288 
168 
116 
290 
359 
318 
276 
148 
38 
122 
235 
162 
17 
36 
75 
62 
74 
81 
111 
88 
156 
77 
73 
265 
404 
386 
138 
137 
263 
296 
280 
288 
211 
77 
92 
340 
474 
399 
190 
113 
340 
400 
309 
117 
68 
58 
17 
14 
86 
186 
137 
43 
140 
257 
244 
202 
190 
205 
82 
17 
104 
13 
130 
238 
252 
188 
175 
157 
157 
112 
134 
14 
129 
180 
154 
110 
61 
32 
15 
53 
93 
128 
115 
141 
179 
93 
11 
10 
92 
21 
30 
98 
39 
30 
35 
75 
187 
171 
34 
142 
355 
316 
210 
232 
312 
94 
141 
254 
276 
268 
207 
145 
94 
149 
179 
212 
106 
127 
351 
382 
252 
255 
405 
349 
41 
285 
474 
489 
327 
200 
104 
103 
384 
344 
142 
60 
194 
247 
203 
205 
118 
124 
220 
322 
144 
182 
276 
325 
339 
227 
53 
448 
630 
418 
72 
146 
271 
247 
246 
229 
174 
51 
90 
300 
266 
159 
71 
65 
274 
215 
128 
39 
0 
1 
47 
92 
74 
112 
104 
64 
16 
81 
94 
93 
139 
169 
92 
12 
28 
68 
20 
60 
60 
129 
177 
105 
30 
307 
338 
175 
27 
26 
153 
247 
176 
88 
86 
44 
53 
6 
160 
398 
458 
144 
44 
147 
243 
364 
364 
236 
90 
31 
8 
95 
240 
281 
250 
246 
5 
283 
397 
395 
292 
140 
132 
324 
305 
207 
112 
74 
167 
95 
47 
32 
23 
86 
220 
69 
73 
223 
270 
268 
201 
121 
116 
191 
81 
272 
318 
290 
313 
214 
101 
2 
86 
162 
225 
258 
278 
315 
259 
114 
79 
8 
239 
483 
549 
282 
161 
58 
113 
279 
393 
223 
79 
38 
148 
282 
327 
198 
11 
45 
62 
275 
532 
439 
144 
55 
7 
240 
0 
185 
251 
266 
140 
13 
27 
138 
80 
53 
73 
82 
70 
13 
4 
28 
41 
9 
116 
116 
3 
28 
85 
158 
226 
321 
314 
78 
124 
36 
19 
76 
193 
385 
407 
331 
61 
26 
38 
99 
141 
30 
227 
300 
199 
264 
228 
41 
254 
275 
275 
251 
226 
192 
213 
12 
250 
393 
292 
178 
142 
39 
137 
148 
131 
122 
97 
143 
224 
197 
123 
11 
173 
350 
458 
344 
91 
78 
198 
170 
185 
196 
154 
120 
77 
5 
106 
55 
32 
87 
158 
265 
265 
71 
367 
318 
2 
9 
68 
18 
63 
83 
21 
83 
42 
4 
71 
81 
0 
70 
39 
57 
23 
48 
29 
13 
15 
24 
27 
93 
4 
202 
248 
61 
159 
272 
320 
296 
25 
140 
55 
129 
98 
79 
56 
112 
128 
45 
111 
0 
40 
17 
210 
199 
40 
78 
39 
129 
92 
12 
139 
115 
58 
25 
5 
31 
107 
69 
56 
9 
12 
129 
201 
84 
205 
342 
162 
44 
53 
9 
5 
8 
0 
33 
79 
89 
50 
23 
32 
0 
15 
13 
41 
30 
77 
108 
161 
153 
105 
55 
38 
109 
86 
243 
378 
320 
75 
106 
97 
33 
60 
92 
119 
145 
114 
130 
114 
94 
117 
43 
34 
32 
33 
76 
114 
241 
103 
55 
98 
194 
182 
157 
75 
43 
82 
30 
35 
163 
307 
298 
104 
39 
60 
114 
137 
116 
154 
156 
58 
0 
32 
48 
56 
39 
198 
140 
18 
217 
140 
34 
0 
53 
65 
26 
24 
6 
3 
29 
67 
29 
23 
23 
24 
91 
165 
171 
155 
43 
4 
3 
37 
54 
84 
71 
17 
63 
9 
45 
24 
15 
38 
66 
55 
94 
2 
82 
87 
43 
13 
8 
70 
64 
78 
4 
82 
84 
58 
63 
22 
45 
40 
64 
89 
10 
73 
98 
102 
61 
23 
102 
44 
14 
250 
169 
34 
32 
48 
136 
93 
25 
61 
24 
65 
122 
58 
41 
226 
63 
136 
56 
48 
23 
56 
64 
40 
8 
63 
111 
183 
182 
181 
102 
4 
100 
108 
123 
5 
12 
18 
4 
87 
54 
8 
81 
34 
21 
41 
50 
23 
24 
49 
90 
118 
85 
75 
3 
164 
108 
52 
2 
62 
28 
103 
43 
53 
64 
55 
39 
22 
37 
48 
35 
45 
43 
28 
21 
14 
20 
36 
59 
5 
30 
12 
12 
5 
12 
27 
29 
11 
24 
70 
27 
50 
25 
28 
69 
91 
83 
51 
44 
52 
28 
60 
43 
42 
22 
83 
83 
27 
26 
33 
108 
50 
40 
29 
54 
85 
109 
104 
70 
5 
20 
7 
49 
4 
53 
62 
60 
53 
19 
32 
38 
6 
25 
1 
46 
6 
49 
22 
115 
67 
28 
51 
3 
37 
38 
9 
113 
265 
172 
21 
131 
181 
179 
109 
70 
35 
4 
11 
42 
41 
1 
3 
20 
28 
44 
6 
134 
170 
81 
8 
46 
24 
46 
85 
88 
107 
93 
19 
50 
92 
90 
8 
70 
72 
70 
75 
67 
28 
27 
115 
207 
129 
34 
72 
80 
56 
56 
63 
47 
30 
13 
15 
20 
2 
8 
38 
24 
14 
0 
9 
23 
59 
77 
99 
45 
57 
3 
10 
28 
23 
89 
55 
40 
8 
63 
71 
50 
58 
22 
21 
13 
24 
23 
38 
16 
6 
7 
6 
11 
18 
12 
21 
8 
24 
9 
10 
8 
40 
64 
79 
71 
54 
0 
73 
71 
25 
13 
55 
22 
13 
15 
17 
2 
8 
47 
70 
56 
30 
7 
9 
32 
54 
37 
16 
65 
26 
32 
55 
6 
2 
8 
20 
21 
0 
70 
120 
86 
3 
50 
17 
19 
66 
236 
218 
38 
90 
136 
101 
57 
42 
58 
42 
14 
2 
13 
8 
7 
30 
53 
43 
13 
4 
12 
21 
12 
3 
13 
3 
37 
32 
14 
5 
7 
24 
9 
2 
8 
7 
1 
2 
0 
15 
46 
61 
35 
10 
36 
26 
44 
82 
23 
146 
102 
37 
16 
0 
13 
1 
2 
15 
16 
1 
0 
0 
6 
21 
24 
14 
21 
24 
31 
38 
77 
67 
37 
20 
146 
100 
18 
24 
71 
2 
41 
50 
22 
2 
29 
31 
57 
74 
79 
95 
47 
62 
53 
11 
26 
63 
33 
29 
16 
7 
64 
56 
0 
38 
53 
72 
71 
62 
60 
101 
118 
51 
36 
44 
14 
70 
178 
241 
215 
119 
20 
114 
119 
120 
113 
106 
70 
37 
32 
23 
9 
55 
40 
25 
10 
0 
8 
9 
5 
24 
35 
61 
64 
38 
8 
1 
7 
20 
5 
56 
87 
54 
18 
108 
50 
31 
8 
14 
45 
53 
56 
8 
25 
2 
15 
8 
16 
15 
0 
24 
40 
24 
48 
55 
46 
29 
11 
21 
28 
5 
0 
46 
45 
48 
3 
10 
23 
44 
58 
7 
22 
21 
39 
33 
18 
5 
40 
69 
37 
41 
46 
29 
5 
16 
8 
4 
5 
16 
30 
21 
7 
14 
8 
0 
17 
10 
7 
8 
31 
1 
21 
40 
31 
46 
37 
39 
62 
11 
98 
124 
66 
8 
48 
55 
31 
7 
5 
74 
118 
117 
64 
17 
172 
138 
8 
39 
58 
46 
18 
71 
39 
8 
29 
57 
58 
34 
14 
21 
29 
32 
14 
32 
27 
26 
23 
30 
29 
16 
14 
2 
15 
40 
17 
34 
55 
78 
61 
15 
1 
23 
8 
1 
2 
7 
7 
18 
14 
13 
24 
7 
22 
69 
80 
62 
16 
25 
47 
17 
4 
50 
95 
85 
2 
66 
103 
80 
48 
40 
32 
31 
38 
13 
48 
25 
34 
24 
7 
30 
13 
7 
8 
23 
15 
26 
14 
13 
8 
0 
23 
0 
49 
58 
29 
29 
21 
29 
53 
61 
40 
59 
61 
64 
6 
47 
33 
5 
40 
109 
53 
34 
66 
34 
5 
10 
42 
30 
53 
37 
40 
8 
3 
29 
0 
7 
22 
21 
8 
20 
26 
23 
15 
39 
82 
94 
72 
6 
23 
49 
63 
48 
145 
82 
65 
154 
58 
10 
7 
40 
40 
23 
81 
90 
74 
34 
14 
5 
13 
13 
31 
39 
7 
15 
1 
21 
32 
15 
31 
22 
2 
21 
48 
35 
5 
8 
7 
17 
2 
21 
21 
0 
24 
23 
18 
14 
2 
0 
14 
21 
31 
46 
80 
75 
45 
55 
137 
55 
71 
48 
0 
0 
16 
77 
93 
45 
13 
48 
24 
15 
10 
46 
53 
40 
14 
18 
7 
30 
16 
3 
21 
15 
1 
7 
9 
34 
24 
14 
32 
47 
38 
53 
32 
1 
42 
31 
9 
29 
40 
57 
66 
96 
175 
1 
7 
31 
88 
32 
47 
64 
80 
48 
16 
7 
30 
53 
64 
3 
106 
103 
96 
93 
45 
34 
95 
104 
101 
53 
21 
37 
32 
11 
18 
31 
24 
5 
6 
61 
61 
29 
0 
8 
23 
0 
9 
32 
47 
38 
13 
7 
22 
5 
16 
25 
2 
8 
24 
23 
1 
2 
24 
1 
10 
8 
43 
61 
15 
57 
21 
109 
101 
48 
0 
25 
71 
136 
133 
77 
2 
47 
32 
56 
77 
29 
33 
114 
111 
31 
72 
32 
47 
46 
5 
7 
16 
24 
48 
64 
54 
36 
29 
12 
26 
0 
30 
45 
24 
31 
0 
47 
39 
38 
69 
80 
78 
24 
57 
47 
41 
82 
71 
32 
55 
98 
70 
74 
79 
47 
8 
55 
47 
7 
55 
78 
77 
13 
16 
7 
38 
10 
88 
101 
37 
29 
2 
50 
71 
79 
71 
70 
45 
8 
0 
9 
34 
47 
32 
48 
21 
10 
58 
66 
70 
61 
48 
23 
38 
21 
15 
14 
2 
0 
11 
21 
23 
180 
162 
18 
80 
96 
39 
78 
93 
56 
8 
2 
33 
10 
22 
2 
26 
63 
95 
63 
6 
5 
7 
25 
31 
9 
13 
51 
5 
68 
66 
15 
40 
71 
50 
54 
53 
15 
9 
10 
40 
67 
53 
36 
26 
47 
89 
18 
24 
56 
8 
29 
45 
13 
50 
58 
34 
2 
50 
10 
1 
5 
2 
13 
0 
0 
8 
8 
48 
56 
47 
54 
40 
38 
40 
38 
40 
14 
12 
58 
23 
33 
26 
71 
135 
23 
32 
41 
82 
87 
63 
54 
45 
39 
14 
39 
9 
8 
23 
14 
29 
8 
16 
22 
61 
24 
1 
7 
20 
13 
24 
54 
29 
120 
89 
5 
21 
45 
40 
15 
16 
55 
63 
62 
37 
7 
22 
24 
12 
18 
39 
32 
9 
5 
48 
55 
19 
5 
8 
15 
38 
13 
12 
13 
8 
22 
21 
0 
3 
21 
40 
15 
41 
63 
16 
14 
13 
24 
31 
38 
29 
16 
0 
5 
5 
1 
2 
2 
13 
40 
47 
46 
45 
27 
2 
3 
2 
0 
1 
5 
8 
8 
23 
10 
6 
5 
24 
11 
29 
15 
1 
42 
32 
9 
37 
37 
32 
39 
38 
37 
16 
15 
6 
21 
15 
14 
24 
19 
13 
16 
14 
7 
25 
26 
31 
7 
62 
45 
23 
22 
5 
15 
14 
16 
20 
10 
32 
23 
30 
29 
16 
0 
0 
14 
21 
15 
14 
5 
31 
38 
32 
22 
8 
6 
8 
28 
10 
0 
0 
9 
21 
0 
6 
13 
40 
38 
53 
11 
2 
15 
14 
0 
4 
5 
16 
7 
14 
13 
15 
22 
24 
22 
8 
6 
13 
3 
13 
11 
29 
23 
6 
31 
33 
2 
8 
8 
22 
21 
15 
22 
56 
27 
21 
3 
10 
15 
28 
2 
16 
7 
0 
6 
13 
23 
22 
37 
24 
14 
29 
31 
14 
0 
1 
5 
8 
7 
6 
0 
24 
17 
5 
24 
35 
45 
40 
38 
32 
4 
2 
8 
33 
50 
47 
15 
15 
23 
23 
10 
2 
14 
13 
5 
26 
10 
2 
1 
2 
2 
7 
15 
32 
21 
21 
17 
26 
18 
18 
10 
13 
8 
8 
0 
6 
10 
15 
32 
49 
50 
34 
2 
29 
14 
29 
29 
2 
16 
24 
23 
15 
15 
23 
15 
15 
7 
7 
15 
26 
22 
13 
24 
7 
6 
10 
0 
0 
0 
2 
5 
5 
2 
18 
10 
38 
45 
53 
48 
15 
30 
16 
0 
9 
2 
8 
31 
24 
7 
23 
42 
9 
2 
5 
8 
15 
23 
10 
6 
13 
13 
13 
8 
16 
16 
0 
0 
16 
16 
5 
16 
32 
32 
15 
0 
1 
13 
2 
0 
0 
24 
24 
15 
15 
26 
22 
37 
32 
15 
6 
5 
0 
7 
6 
2 
15 
16 
8 
7 
31 
31 
23 
0 
5 
14 
29 
37 
32 
15 
14 
13 
32 
15 
17 
26 
2 
24 
16 
7 
10 
6 
21 
16 
7 
9 
2 
0 
15 
15 
2 
2 
5 
13 
2 
10 
26 
38 
45 
53 
32 
15 
30 
13 
8 
16 
25 
18 
18 
18 
14 
2 
7 
15 
0 
8 
21 
45 
45 
21 
16 
8 
16 
23 
31 
7 
0 
10 
2 
9 
2 
13 
45 
64 
72 
55 
38 
0 
48 
65 
42 
31 
15 
8 
13 
1 
18 
39 
47 
47 
50 
38 
37 
24 
0 
41 
26 
0 
7 
0 
7 
15 
39 
31 
34 
26 
30 
21 
16 
0 
1 
13 
16 
16 
7 
1 
2 
5 
0 
8 
23 
23 
30 
21 
8 
7 
14 
8 
0 
6 
5 
0 
0 
8 
8 
8 
15 
31 
39 
34 
30 
13 
23 
1 
26 
26 
23 
15 
7 
0 
2 
6 
5 
7 
32 
49 
34 
34 
26 
26 
10 
10 
15 
0 
8 
8 
0 
16 
24 
32 
13 
21 
37 
29 
21 
5 
13 
8 
0 
8 
5 
5 
2 
10 
26 
34 
38 
45 
37 
32 
23 
22 
21 
7 
1 
8 
19 
29 
23 
48 
1 
13 
21 
24 
15 
23 
54 
45 
23 
30 
7 
36 
10 
7 
0 
7 
14 
21 
24 
39 
38 
29 
56 
54 
28 
5 
12 
26 
33 
23 
3 
13 
16 
7 
9 
47 
8 
23 
26 
54 
61 
47 
54 
32 
22 
8 
9 
7 
9 
2 
0 
14 
21 
7 
14 
24 
30 
20 
21 
3 
8 
1 
0 
1 
2 
0 
6 
5 
16 
11 
21 
16 
19 
45 
48 
46 
27 
13 
1 
31 
33 
39 
29 
17 
2 
5 
8 
24 
32 
48 
35 
29 
40 
30 
16 
4 
5 
0 
3 
2 
0 
11 
29 
24 
30 
24 
11 
13 
3 
10 
16 
1 
16 
23 
30 
32 
19 
13 
0 
6 
8 
30 
24 
38 
32 
25 
60 
2 
16 
22 
13 
15 
14 
21 
24 
23 
9 
26 
8 
14 
21 
23 
38 
24 
4 
13 
24 
27 
21 
8 
14 
8 
20 
34 
8 
23 
38 
40 
39 
22 
8 
12 
10 
0 
4 
13 
8 
4 
5 
7 
8 
15 
22 
37 
40 
30 
20 
13 
27 
29 
19 
13 
14 
8 
14 
8 
22 
20 
29 
38 
35 
28 
9 
21 
6 
3 
3 
10 
1 
0 
9 
7 
14 
27 
45 
35 
20 
21 
30 
19 
19 
20 
37 
14 
25 
60 
34 
41 
47 
4 
13 
48 
38 
40 
46 
19 
45 
35 
12 
21 
11 
12 
29 
30 
4 
18 
17 
28 
2 
3 
16 
14 
20 
29 
19 
3 
2 
11 
24 
22 
11 
8 
6 
8 
6 
8 
6 
3 
2 
3 
21 
3 
18 
52 
10 
15 
30 
37 
23 
38 
24 
11 
16 
22 
32 
22 
7 
17 
15 
9 
10 
7 
15 
38 
29 
7 
14 
29 
27 
21 
3 
2 
4 
5 
16 
9 
8 
15 
6 
13 
5 
8 
23 
30 
21 
24 
22 
21 
0 
6 
16 
3 
29 
24 
14 
5 
3 
13 
3 
13 
19 
21 
22 
16 
14 
0 
36 
10 
8 
14 
21 
24 
31 
46 
32 
4 
26 
36 
26 
16 
9 
0 
0 
14 
37 
40 
31 
22 
5 
0 
15 
15 
14 
13 
16 
23 
22 
24 
3 
5 
3 
5 
0 
1 
5 
8 
9 
5 
24 
19 
21 
24 
30 
32 
11 
5 
0 
6 
2 
8 
9 
10 
8 
23 
14 
13 
8 
7 
14 
37 
31 
30 
40 
22 
0 
28 
10 
8 
7 
6 
21 
0 
0 
8 
21 
9 
5 
29 
24 
16 
15 
14 
21 
16 
7 
0 
2 
14 
21 
5 
16 
15 
23 
38 
37 
31 
38 
40 
19 
13 
7 
17 
42 
15 
16 
1 
5 
8 
16 
7 
6 
13 
32 
31 
22 
13 
16 
24 
31 
26 
14 
26 
23 
23 
32 
24 
8 
26 
58 
38 
37 
24 
23 
15 
10 
6 
10 
2 
8 
24 
16 
7 
14 
29 
32 
15 
14 
13 
16 
8 
6 
10 
7 
0 
15 
16 
2 
22 
37 
37 
40 
16 
15 
14 
5 
15 
16 
5 
6 
5 
13 
13 
24 
32 
39 
23 
22 
29 
15 
6 
13 
0 
8 
17 
2 
10 
10 
0 
8 
16 
24 
32 
40 
39 
30 
21 
8 
0 
1 
0 
0 
8 
1 
2 
21 
21 
24 
32 
23 
26 
38 
24 
23 
30 
13 
23 
30 
24 
3 
18 
24 
25 
2 
7 
6 
5 
8 
14 
13 
24 
23 
6 
5 
8 
8 
0 
0 
0 
2 
1 
29 
85 
96 
43 
37 
12 
50 
72 
73 
50 
15 
0 
32 
24 
8 
0 
21 
37 
53 
64 
56 
46 
61 
56 
14 
7 
28 
18 
15 
16 
9 
5 
24 
31 
30 
45 
27 
37 
19 
13 
4 
2 
4 
5 
3 
5 
0 
6 
7 
8 
2 
1 
13 
24 
15 
6 
2 
8 
14 
13 
16 
7 
22 
13 
15 
6 
13 
16 
7 
2 
14 
5 
8 
14 
13 
8 
23 
14 
5 
15 
23 
24 
0 
2 
1 
13 
21 
32 
32 
23 
6 
2 
29 
40 
32 
16 
16 
21 
29 
1 
21 
21 
48 
48 
31 
30 
24 
7 
1 
10 
7 
0 
7 
2 
6 
13 
13 
8 
7 
6 
45 
48 
39 
30 
21 
7 
6 
0 
7 
6 
29 
56 
30 
13 
4 
18 
44 
18 
0 
14 
16 
15 
22 
0 
0 
8 
10 
18 
22 
29 
21 
8 
19 
13 
8 
0 
1 
0 
0 
9 
5 
5 
13 
8 
8 
24 
15 
15 
15 
22 
29 
24 
23 
14 
16 
7 
14 
8 
8 
17 
2 
0 
8 
15 
22 
37 
48 
43 
29 
8 
1 
10 
8 
1 
2 
8 
8 
0 
2 
5 
1 
10 
16 
16 
23 
30 
45 
45 
32 
31 
14 
26 
31 
32 
8 
0 
18 
34 
38 
45 
40 
31 
22 
8 
8 
17 
10 
0 
8 
15 
15 
18 
38 
21 
24 
23 
46 
64 
19 
5 
28 
34 
40 
25 
10 
7 
0 
8 
16 
80 
48 
23 
15 
6 
2 
0 
6 
13 
8 
7 
15 
10 
10 
6 
21 
29 
21 
32 
31 
22 
8 
20 
26 
15 
17 
2 
0 
24 
39 
15 
18 
10 
22 
21 
32 
32 
15 
14 
13 
7 
17 
18 
0 
0 
7 
23 
26 
14 
13 
16 
16 
15 
22 
13 
0 
8 
17 
10 
7 
8 
8 
8 
24 
32 
24 
24 
16 
16 
15 
31 
22 
29 
24 
11 
2 
7 
0 
1 
5 
2 
8 
16 
7 
0 
18 
22 
29 
32 
39 
38 
13 
24 
9 
2 
0 
7 
63 
86 
29 
31 
41 
42 
15 
14 
21 
32 
38 
21 
15 
14 
13 
16 
7 
7 
2 
1 
10 
2 
16 
23 
15 
6 
0 
0 
9 
5 
5 
16 
7 
15 
7 
15 
26 
34 
30 
21 
8 
15 
1 
2 
0 
0 
6 
5 
5 
0 
7 
0 
9 
2 
5 
5 
21 
21 
32 
40 
40 
16 
16 
0 
0 
0 
7 
16 
16 
16 
16 
8 
15 
23 
30 
37 
24 
23 
14 
5 
0 
7 
1 
21 
29 
32 
22 
29 
27 
45 
35 
5 
6 
7 
9 
15 
20 
2 
7 
0 
1 
2 
2 
10 
10 
22 
21 
0 
0 
1 
2 
0 
8 
25 
18 
7 
7 
16 
24 
29 
29 
21 
37 
45 
29 
32 
24 
23 
31 
7 
21 
29 
29 
29 
16 
0 
16 
33 
50 
50 
39 
31 
26 
13 
5 
17 
5 
9 
10 
10 
26 
26 
26 
26 
2 
6 
5 
2 
0 
16 
23 
26 
22 
21 
13 
18 
18 
2 
9 
2 
2 
18 
42 
34 
22 
29 
32 
16 
7 
30 
29 
2 
31 
48 
32 
13 
5 
10 
10 
34 
58 
58 
46 
13 
8 
8 
23 
15 
6 
5 
10 
18 
10 
0 
8 
24 
39 
39 
38 
24 
7 
6 
5 
0 
7 
7 
7 
10 
1 
2 
2 
24 
24 
15 
22 
29 
32 
23 
6 
2 
0 
7 
10 
22 
37 
32 
7 
1 
18 
0 
6 
37 
32 
3 
2 
7 
0 
6 
5 
2 
0 
8 
7 
15 
34 
46 
45 
40 
30 
2 
16 
25 
23 
24 
16 
8 
18 
34 
18 
14 
5 
13 
16 
0 
15 
14 
29 
29 
48 
47 
22 
2 
39 
40 
17 
21 
21 
24 
16 
23 
22 
21 
24 
3 
13 
0 
7 
1 
13 
2 
0 
8 
7 
7 
10 
6 
29 
32 
7 
14 
5 
7 
6 
5 
0 
0 
10 
6 
29 
29 
32 
31 
30 
29 
19 
21 
24 
1 
23 
48 
33 
5 
5 
16 
16 
7 
23 
54 
69 
51 
37 
27 
2 
9 
39 
49 
39 
25 
10 
10 
5 
45 
45 
29 
21 
5 
24 
16 
23 
15 
22 
21 
32 
15 
7 
9 
5 
5 
16 
15 
22 
29 
40 
38 
13 
3 
13 
4 
18 
60 
50 
7 
8 
7 
31 
23 
26 
38 
29 
21 
24 
30 
37 
24 
14 
2 
0 
1 
2 
7 
16 
17 
2 
8 
7 
7 
30 
21 
16 
7 
14 
21 
24 
16 
7 
0 
0 
2 
5 
13 
2 
26 
38 
37 
32 
23 
22 
13 
0 
12 
2 
5 
16 
0 
5 
9 
5 
13 
24 
32 
39 
38 
21 
24 
1 
18 
23 
24 
8 
7 
23 
31 
39 
31 
23 
26 
30 
21 
0 
8 
25 
31 
31 
8 
0 
0 
24 
40 
48 
37 
13 
16 
64 
48 
27 
21 
16 
31 
30 
8 
8 
25 
26 
15 
16 
13 
1 
5 
13 
16 
16 
23 
15 
10 
18 
14 
13 
13 
13 
1 
2 
18 
22 
13 
29 
40 
40 
31 
30 
32 
14 
5 
4 
5 
7 
17 
5 
24 
11 
2 
7 
15 
22 
21 
7 
6 
5 
7 
1 
2 
5 
32 
32 
31 
23 
9 
2 
2 
8 
7 
14 
16 
15 
22 
37 
16 
1 
2 
10 
7 
8 
0 
7 
18 
22 
45 
45 
40 
27 
13 
8 
1 
2 
0 
8 
6 
13 
16 
15 
2 
9 
2 
24 
31 
30 
32 
23 
6 
10 
16 
5 
6 
2 
21 
16 
8 
31 
54 
45 
32 
22 
8 
14 
0 
28 
18 
16 
2 
6 
5 
5 
16 
24 
15 
71 
110 
101 
67 
12 
10 
25 
68 
79 
89 
79 
64 
40 
16 
16 
57 
66 
71 
71 
72 
56 
