24 
37 
35 
15 
0 
10 
18 
25 
22 
7 
0 
4 
19 
23 
52 
25 
5 
17 
20 
3 
11 
12 
24 
25 
32 
37 
33 
23 
1 
23 
4 
5 
20 
30 
45 
41 
40 
14 
10 
19 
36 
14 
2 
0 
6 
7 
19 
12 
4 
0 
4 
13 
45 
60 
41 
25 
29 
34 
22 
2 
10 
0 
2 
20 
37 
32 
20 
6 
7 
4 
15 
31 
41 
31 
38 
41 
40 
34 
31 
22 
22 
22 
1 
15 
27 
33 
39 
18 
3 
22 
46 
54 
52 
41 
28 
12 
11 
25 
8 
0 
10 
9 
2 
45 
71 
39 
55 
72 
11 
42 
71 
66 
61 
42 
20 
17 
18 
48 
62 
47 
50 
54 
50 
58 
40 
0 
6 
7 
26 
43 
32 
18 
10 
7 
19 
17 
31 
55 
37 
22 
29 
43 
33 
26 
14 
1 
19 
32 
44 
24 
7 
0 
24 
39 
34 
22 
31 
43 
50 
33 
28 
8 
11 
4 
5 
10 
1 
6 
19 
5 
25 
20 
8 
6 
15 
26 
49 
51 
36 
22 
23 
23 
14 
7 
1 
11 
19 
5 
48 
54 
36 
18 
2 
2 
7 
19 
35 
24 
12 
7 
12 
4 
16 
38 
19 
13 
30 
63 
61 
34 
26 
1 
23 
49 
44 
26 
16 
3 
11 
17 
29 
41 
39 
27 
8 
3 
9 
16 
8 
9 
12 
0 
21 
36 
19 
15 
16 
19 
7 
0 
1 
2 
18 
11 
4 
14 
26 
44 
14 
21 
0 
6 
6 
19 
12 
6 
5 
10 
15 
23 
36 
47 
43 
19 
27 
31 
17 
13 
28 
18 
17 
28 
10 
45 
59 
53 
34 
2 
22 
23 
22 
21 
31 
36 
30 
19 
19 
17 
25 
22 
19 
30 
38 
40 
30 
10 
5 
12 
23 
16 
13 
24 
5 
8 
6 
15 
8 
7 
9 
7 
25 
21 
16 
17 
14 
27 
20 
12 
7 
18 
18 
11 
28 
21 
1 
13 
28 
10 
9 
7 
13 
1 
8 
21 
27 
31 
29 
24 
20 
1 
14 
37 
28 
3 
9 
21 
34 
29 
14 
4 
9 
2 
14 
48 
42 
23 
41 
36 
37 
19 
14 
27 
3 
33 
58 
70 
32 
10 
28 
22 
16 
69 
73 
43 
36 
31 
17 
1 
17 
11 
8 
13 
0 
10 
6 
1 
4 
1 
6 
15 
30 
35 
52 
48 
34 
29 
28 
25 
10 
17 
1 
6 
20 
1 
18 
15 
7 
1 
11 
20 
20 
24 
37 
32 
14 
10 
12 
4 
8 
6 
18 
0 
21 
35 
30 
40 
33 
10 
17 
21 
30 
35 
25 
1 
15 
35 
27 
17 
8 
12 
25 
23 
32 
29 
33 
63 
85 
50 
0 
44 
63 
45 
17 
18 
0 
4 
27 
17 
1 
12 
0 
6 
6 
17 
18 
28 
26 
42 
25 
15 
13 
13 
32 
45 
27 
6 
2 
1 
1 
3 
1 
1 
1 
3 
11 
5 
8 
9 
10 
33 
83 
60 
21 
0 
21 
33 
21 
14 
8 
11 
6 
14 
31 
23 
10 
7 
1 
10 
16 
35 
42 
45 
37 
25 
15 
11 
8 
2 
3 
9 
6 
7 
29 
44 
75 
62 
40 
21 
3 
33 
56 
51 
24 
5 
17 
17 
28 
29 
25 
38 
37 
72 
85 
67 
3 
48 
84 
75 
53 
23 
1 
9 
26 
32 
50 
27 
29 
32 
3 
6 
37 
38 
35 
25 
11 
6 
4 
6 
11 
14 
1 
15 
34 
28 
39 
39 
24 
13 
20 
14 
0 
12 
15 
30 
18 
1 
18 
27 
12 
29 
28 
35 
28 
18 
7 
14 
8 
10 
4 
18 
16 
1 
5 
4 
0 
1 
13 
37 
33 
26 
38 
38 
32 
22 
22 
21 
26 
29 
0 
14 
17 
14 
21 
9 
8 
6 
1 
24 
30 
19 
15 
15 
1 
16 
16 
5 
8 
8 
35 
35 
33 
35 
30 
18 
33 
6 
1 
21 
21 
32 
42 
19 
24 
33 
45 
56 
47 
37 
32 
8 
1 
11 
7 
3 
0 
5 
30 
27 
8 
4 
18 
13 
9 
51 
68 
60 
40 
21 
4 
19 
29 
4 
4 
26 
7 
2 
3 
7 
11 
3 
10 
16 
18 
8 
0 
0 
0 
5 
8 
4 
0 
25 
44 
42 
35 
27 
25 
21 
16 
16 
13 
34 
50 
48 
10 
17 
17 
4 
18 
29 
18 
13 
0 
16 
34 
70 
48 
24 
1 
12 
23 
34 
25 
22 
10 
11 
28 
36 
36 
51 
83 
51 
20 
4 
22 
31 
9 
0 
1 
9 
23 
27 
34 
92 
62 
16 
21 
44 
57 
60 
46 
15 
3 
11 
24 
36 
42 
38 
42 
28 
26 
33 
26 
13 
4 
23 
30 
26 
3 
3 
18 
17 
1 
3 
1 
1 
13 
21 
28 
16 
22 
34 
48 
43 
38 
30 
22 
24 
38 
19 
20 
39 
51 
39 
29 
32 
0 
19 
34 
38 
24 
32 
25 
19 
18 
24 
39 
30 
18 
8 
9 
13 
12 
12 
15 
7 
9 
8 
2 
22 
7 
48 
28 
3 
2 
4 
1 
5 
10 
24 
13 
26 
49 
49 
65 
35 
3 
14 
30 
32 
22 
4 
7 
20 
38 
31 
35 
40 
35 
35 
20 
14 
6 
7 
3 
16 
6 
9 
16 
26 
29 
29 
25 
19 
27 
26 
20 
17 
9 
2 
2 
0 
1 
7 
8 
14 
4 
2 
3 
8 
29 
75 
60 
31 
8 
10 
21 
36 
39 
27 
24 
2 
8 
12 
19 
30 
60 
49 
35 
40 
31 
22 
14 
0 
8 
18 
5 
2 
2 
20 
59 
60 
46 
24 
7 
19 
27 
3 
45 
63 
50 
26 
0 
18 
52 
42 
25 
27 
44 
60 
48 
25 
3 
15 
25 
41 
34 
4 
15 
30 
25 
15 
9 
2 
6 
6 
19 
39 
39 
36 
37 
25 
11 
4 
0 
3 
1 
0 
0 
3 
17 
20 
27 
44 
38 
29 
6 
9 
10 
1 
18 
17 
29 
24 
18 
8 
35 
57 
47 
30 
29 
19 
25 
4 
7 
17 
0 
1 
3 
2 
7 
25 
46 
26 
37 
24 
27 
25 
27 
8 
6 
13 
3 
1 
0 
28 
72 
90 
57 
17 
77 
92 
80 
60 
13 
28 
55 
81 
89 
57 
33 
11 
0 
14 
8 
7 
3 
5 
0 
5 
8 
11 
8 
7 
13 
21 
22 
25 
25 
16 
15 
27 
54 
53 
27 
1 
19 
30 
39 
20 
0 
31 
37 
24 
8 
11 
4 
0 
1 
2 
9 
17 
8 
15 
28 
27 
47 
64 
55 
14 
20 
19 
17 
33 
41 
38 
18 
21 
27 
31 
53 
75 
59 
39 
8 
6 
35 
26 
4 
26 
43 
50 
18 
0 
15 
37 
46 
49 
35 
40 
34 
13 
1 
24 
37 
38 
29 
5 
28 
40 
35 
37 
42 
27 
38 
30 
8 
0 
2 
1 
18 
1 
16 
9 
2 
8 
0 
1 
1 
10 
15 
35 
38 
41 
32 
23 
13 
8 
14 
0 
10 
9 
3 
3 
14 
33 
24 
26 
26 
28 
30 
17 
10 
7 
11 
15 
17 
10 
5 
3 
1 
13 
13 
13 
23 
33 
37 
39 
29 
35 
40 
28 
14 
9 
13 
26 
4 
7 
23 
27 
35 
40 
27 
18 
45 
51 
35 
23 
3 
9 
16 
29 
18 
25 
34 
53 
61 
51 
25 
5 
7 
18 
15 
8 
9 
8 
4 
4 
0 
8 
4 
16 
21 
23 
27 
26 
37 
41 
30 
17 
13 
17 
3 
11 
26 
25 
9 
13 
21 
26 
36 
49 
54 
43 
37 
8 
7 
25 
29 
29 
14 
10 
10 
37 
27 
18 
27 
35 
30 
10 
11 
28 
34 
12 
2 
23 
14 
11 
12 
2 
12 
6 
9 
14 
12 
21 
30 
24 
9 
0 
7 
9 
13 
3 
18 
32 
38 
51 
35 
18 
23 
21 
11 
0 
1 
4 
1 
19 
17 
5 
2 
1 
28 
17 
11 
13 
11 
20 
20 
35 
43 
36 
22 
2 
33 
51 
32 
20 
10 
16 
38 
41 
43 
33 
36 
17 
12 
12 
5 
6 
8 
2 
10 
2 
6 
17 
5 
20 
25 
42 
47 
42 
41 
24 
12 
0 
27 
23 
34 
37 
15 
0 
17 
27 
55 
44 
34 
45 
37 
43 
25 
20 
4 
9 
11 
18 
25 
27 
18 
14 
20 
2 
22 
27 
26 
52 
79 
50 
18 
3 
9 
13 
2 
3 
1 
3 
52 
39 
14 
8 
2 
6 
44 
23 
11 
30 
37 
30 
34 
10 
8 
22 
46 
44 
62 
56 
63 
52 
42 
18 
15 
31 
39 
36 
30 
26 
4 
37 
46 
43 
31 
25 
28 
14 
3 
1 
4 
12 
18 
10 
10 
10 
22 
17 
17 
8 
12 
22 
4 
6 
16 
17 
19 
10 
1 
1 
5 
12 
19 
2 
1 
5 
33 
51 
38 
0 
3 
17 
14 
4 
4 
25 
47 
38 
27 
24 
38 
43 
33 
32 
22 
5 
11 
45 
77 
50 
11 
2 
10 
12 
15 
6 
4 
15 
29 
25 
21 
23 
8 
5 
7 
23 
28 
34 
32 
12 
14 
18 
10 
9 
0 
2 
0 
7 
3 
23 
30 
40 
23 
24 
3 
21 
21 
17 
6 
11 
1 
11 
18 
46 
24 
21 
30 
57 
50 
24 
14 
1 
10 
22 
35 
16 
8 
17 
24 
31 
28 
24 
15 
10 
9 
15 
33 
51 
35 
11 
7 
3 
13 
21 
2 
10 
12 
0 
15 
15 
14 
16 
15 
25 
24 
73 
31 
0 
23 
46 
59 
64 
47 
25 
0 
36 
54 
57 
38 
45 
66 
61 
41 
19 
3 
6 
5 
0 
7 
6 
12 
18 
7 
26 
27 
10 
27 
27 
49 
40 
17 
18 
2 
5 
0 
0 
12 
19 
5 
11 
12 
14 
8 
2 
3 
6 
10 
6 
13 
43 
44 
37 
3 
12 
24 
17 
3 
3 
20 
32 
46 
26 
8 
9 
10 
8 
6 
1 
0 
7 
0 
1 
5 
0 
8 
15 
36 
34 
30 
45 
31 
4 
3 
11 
30 
19 
12 
17 
8 
1 
28 
50 
52 
54 
39 
22 
2 
14 
32 
35 
22 
18 
3 
8 
14 
13 
8 
4 
0 
24 
65 
74 
44 
20 
4 
15 
10 
2 
3 
5 
14 
30 
35 
53 
43 
29 
25 
15 
32 
54 
2 
2 
18 
29 
39 
22 
20 
22 
20 
24 
37 
37 
31 
29 
23 
32 
32 
13 
12 
4 
1 
0 
3 
9 
0 
0 
14 
20 
32 
32 
20 
4 
9 
3 
2 
5 
2 
9 
6 
4 
21 
30 
35 
31 
26 
18 
43 
29 
12 
6 
19 
28 
29 
38 
16 
2 
25 
28 
7 
27 
52 
38 
27 
35 
23 
0 
3 
17 
2 
35 
64 
44 
16 
14 
17 
7 
5 
20 
8 
3 
0 
11 
0 
1 
8 
5 
35 
45 
35 
27 
11 
15 
35 
68 
53 
25 
4 
15 
22 
26 
31 
33 
29 
4 
10 
17 
35 
73 
74 
45 
17 
13 
4 
7 
7 
10 
12 
7 
0 
2 
2 
17 
7 
0 
3 
15 
17 
27 
42 
36 
18 
1 
10 
0 
8 
0 
1 
8 
22 
5 
3 
10 
7 
2 
7 
24 
37 
39 
44 
40 
56 
31 
6 
0 
9 
21 
14 
10 
5 
2 
30 
40 
18 
8 
1 
7 
27 
49 
28 
2 
19 
22 
16 
9 
1 
6 
29 
42 
40 
30 
44 
45 
34 
15 
1 
17 
9 
12 
1 
0 
37 
50 
24 
11 
2 
2 
3 
26 
15 
29 
27 
0 
19 
29 
36 
53 
43 
8 
25 
47 
94 
95 
64 
44 
41 
7 
22 
42 
54 
29 
4 
21 
13 
2 
11 
31 
25 
19 
18 
28 
22 
26 
19 
8 
8 
5 
14 
17 
14 
6 
12 
11 
10 
27 
31 
38 
67 
74 
46 
23 
8 
13 
43 
51 
45 
12 
1 
17 
23 
33 
35 
46 
46 
36 
26 
7 
40 
28 
15 
14 
37 
19 
8 
33 
28 
10 
2 
10 
19 
13 
18 
29 
14 
28 
15 
12 
21 
9 
8 
28 
22 
4 
16 
21 
31 
43 
56 
60 
32 
1 
4 
7 
8 
5 
11 
5 
0 
10 
24 
18 
24 
44 
37 
29 
21 
13 
1 
4 
2 
11 
25 
18 
17 
8 
2 
18 
29 
25 
20 
17 
25 
44 
24 
4 
8 
11 
7 
0 
13 
15 
12 
29 
3 
4 
4 
0 
8 
18 
35 
47 
47 
36 
24 
6 
1 
6 
7 
12 
18 
20 
14 
6 
15 
46 
55 
48 
52 
25 
19 
34 
17 
11 
0 
0 
0 
37 
70 
63 
36 
14 
17 
16 
1 
2 
7 
5 
7 
26 
17 
2 
52 
48 
11 
13 
35 
37 
20 
4 
8 
11 
24 
46 
56 
28 
3 
3 
3 
14 
16 
12 
3 
8 
15 
32 
24 
25 
10 
28 
18 
12 
17 
37 
14 
29 
50 
50 
38 
1 
35 
56 
48 
45 
45 
38 
32 
19 
18 
8 
7 
11 
3 
3 
0 
2 
10 
15 
15 
12 
19 
21 
18 
39 
24 
0 
15 
16 
6 
2 
2 
6 
51 
66 
52 
32 
11 
14 
16 
27 
35 
45 
12 
6 
48 
47 
34 
27 
13 
0 
7 
12 
20 
10 
13 
2 
9 
7 
3 
2 
2 
15 
28 
29 
18 
11 
0 
10 
22 
11 
12 
12 
10 
16 
57 
59 
34 
27 
66 
25 
0 
29 
64 
63 
53 
35 
24 
1 
28 
36 
17 
0 
16 
42 
47 
42 
26 
18 
30 
39 
29 
20 
22 
17 
4 
0 
1 
1 
9 
0 
2 
0 
23 
20 
8 
3 
1 
16 
35 
30 
41 
26 
10 
1 
7 
13 
15 
7 
11 
19 
29 
24 
7 
6 
11 
9 
1 
21 
26 
28 
58 
52 
16 
0 
16 
18 
24 
3 
10 
19 
15 
13 
9 
4 
4 
26 
68 
58 
56 
29 
2 
19 
10 
39 
70 
72 
49 
12 
27 
65 
71 
50 
45 
36 
19 
15 
7 
14 
27 
11 
14 
11 
12 
2 
11 
36 
22 
2 
11 
19 
6 
3 
0 
8 
6 
3 
49 
44 
31 
10 
7 
9 
7 
2 
9 
11 
17 
24 
27 
15 
6 
6 
7 
10 
11 
7 
20 
28 
40 
50 
39 
12 
9 
25 
41 
34 
20 
4 
14 
15 
45 
45 
44 
33 
16 
10 
38 
28 
14 
7 
22 
21 
16 
1 
3 
0 
14 
37 
45 
37 
56 
56 
35 
1 
23 
31 
43 
37 
32 
14 
0 
10 
22 
35 
46 
45 
31 
28 
35 
33 
39 
39 
24 
6 
11 
42 
32 
28 
9 
22 
37 
49 
33 
27 
17 
11 
17 
33 
51 
46 
39 
23 
11 
7 
2 
10 
2 
13 
22 
37 
25 
22 
26 
9 
10 
2 
9 
11 
4 
5 
9 
0 
13 
42 
47 
29 
12 
0 
11 
59 
27 
20 
1 
19 
27 
26 
29 
9 
0 
0 
25 
41 
48 
56 
61 
39 
14 
0 
15 
14 
5 
23 
25 
10 
15 
37 
29 
0 
7 
19 
45 
51 
58 
38 
10 
4 
17 
24 
8 
3 
6 
9 
24 
33 
30 
20 
15 
27 
32 
4 
37 
38 
10 
11 
37 
45 
38 
16 
7 
10 
60 
57 
54 
39 
16 
5 
2 
4 
7 
0 
3 
12 
3 
17 
10 
13 
0 
1 
22 
39 
26 
32 
36 
32 
7 
8 
7 
0 
10 
13 
36 
16 
10 
0 
10 
28 
19 
8 
3 
28 
19 
11 
3 
2 
1 
8 
18 
27 
32 
5 
1 
16 
5 
38 
27 
28 
27 
13 
15 
1 
9 
6 
16 
19 
13 
26 
35 
34 
19 
0 
15 
6 
1 
16 
5 
6 
10 
8 
2 
8 
31 
32 
21 
24 
19 
9 
13 
7 
1 
8 
6 
12 
36 
27 
5 
0 
5 
2 
19 
16 
13 
16 
23 
19 
9 
13 
25 
28 
32 
17 
14 
1 
6 
7 
0 
0 
3 
0 
5 
37 
61 
44 
30 
6 
8 
17 
21 
17 
23 
17 
6 
8 
13 
53 
63 
39 
18 
19 
26 
24 
6 
2 
9 
14 
6 
4 
0 
11 
10 
23 
47 
46 
62 
27 
2 
26 
44 
63 
43 
18 
8 
2 
23 
49 
47 
25 
4 
6 
19 
19 
5 
4 
25 
59 
40 
18 
2 
1 
4 
5 
12 
23 
41 
8 
0 
7 
22 
21 
52 
36 
17 
12 
4 
4 
8 
22 
28 
0 
21 
34 
23 
17 
36 
44 
32 
24 
13 
22 
11 
9 
21 
12 
3 
10 
3 
7 
1 
7 
15 
17 
12 
13 
1 
18 
30 
34 
18 
27 
24 
8 
8 
16 
13 
8 
15 
15 
8 
12 
13 
1 
16 
24 
1 
9 
2 
14 
28 
17 
11 
59 
66 
49 
18 
30 
12 
8 
4 
5 
6 
9 
1 
11 
0 
13 
6 
0 
4 
10 
27 
21 
11 
17 
1 
3 
18 
62 
37 
12 
9 
15 
3 
11 
0 
0 
2 
21 
28 
46 
44 
47 
22 
1 
20 
16 
9 
8 
22 
11 
0 
8 
11 
7 
0 
10 
8 
25 
28 
35 
31 
25 
22 
19 
33 
14 
2 
8 
11 
2 
3 
18 
27 
41 
40 
30 
26 
19 
1 
9 
16 
25 
10 
0 
12 
20 
8 
15 
35 
44 
63 
59 
47 
33 
20 
5 
14 
28 
9 
28 
42 
33 
15 
14 
25 
25 
17 
37 
20 
4 
2 
2 
0 
4 
0 
7 
4 
5 
10 
12 
30 
36 
30 
41 
42 
44 
27 
0 
11 
14 
24 
7 
0 
8 
19 
29 
17 
10 
12 
36 
51 
38 
30 
36 
32 
20 
2 
24 
24 
0 
3 
16 
21 
24 
19 
26 
18 
24 
29 
30 
27 
24 
3 
11 
9 
3 
1 
6 
2 
4 
6 
0 
0 
10 
16 
26 
35 
35 
32 
19 
8 
10 
14 
22 
12 
3 
46 
51 
34 
30 
12 
8 
8 
33 
23 
10 
14 
6 
31 
77 
85 
61 
28 
0 
17 
30 
45 
38 
15 
17 
25 
23 
25 
33 
32 
29 
10 
5 
13 
6 
5 
16 
10 
14 
32 
44 
28 
17 
2 
3 
1 
0 
2 
5 
3 
3 
23 
42 
36 
37 
22 
11 
6 
5 
35 
44 
28 
4 
31 
41 
33 
8 
5 
11 
22 
45 
65 
39 
16 
2 
5 
15 
30 
37 
6 
5 
23 
36 
30 
25 
28 
19 
0 
6 
19 
20 
3 
1 
0 
0 
13 
13 
16 
28 
51 
37 
12 
1 
14 
11 
48 
35 
15 
8 
31 
33 
31 
17 
26 
2 
9 
33 
30 
26 
24 
31 
33 
37 
27 
24 
10 
12 
1 
4 
3 
1 
6 
10 
0 
14 
33 
35 
28 
12 
10 
22 
51 
42 
20 
0 
15 
44 
21 
29 
30 
16 
2 
5 
5 
35 
61 
58 
54 
32 
27 
18 
21 
15 
8 
1 
5 
11 
8 
4 
0 
13 
27 
25 
25 
20 
52 
49 
26 
24 
61 
26 
24 
61 
91 
68 
41 
8 
2 
41 
69 
86 
95 
50 
18 
1 
6 
2 
36 
44 
58 
31 
1 
21 
25 
36 
55 
55 
67 
43 
9 
4 
1 
1 
11 
0 
1 
10 
4 
5 
8 
24 
38 
48 
35 
36 
19 
13 
39 
47 
26 
5 
0 
11 
0 
11 
30 
46 
38 
34 
29 
27 
16 
42 
40 
37 
54 
14 
11 
43 
52 
57 
38 
4 
5 
28 
61 
52 
28 
17 
28 
16 
14 
20 
2 
12 
17 
19 
0 
38 
41 
27 
10 
12 
16 
21 
20 
0 
14 
7 
6 
13 
13 
6 
7 
16 
13 
13 
4 
9 
15 
16 
17 
23 
17 
10 
16 
38 
38 
30 
16 
8 
5 
8 
9 
0 
6 
17 
4 
5 
6 
0 
10 
0 
7 
10 
50 
47 
31 
30 
27 
16 
15 
10 
29 
30 
41 
35 
11 
26 
34 
25 
24 
40 
38 
22 
5 
1 
25 
38 
56 
79 
66 
45 
13 
4 
17 
27 
45 
46 
40 
23 
7 
14 
40 
50 
39 
41 
34 
14 
17 
36 
81 
62 
87 
75 
17 
34 
65 
66 
7 
57 
115 
68 
20 
2 
6 
42 
89 
108 
90 
15 
25 
38 
50 
67 
72 
56 
48 
65 
87 
77 
68 
65 
21 
11 
13 
46 
98 
93 
69 
67 
67 
14 
18 
42 
57 
68 
98 
98 
60 
39 
9 
14 
22 
5 
103 
104 
51 
26 
24 
53 
57 
78 
99 
87 
36 
7 
33 
80 
80 
76 
68 
63 
15 
0 
8 
32 
14 
7 
56 
79 
30 
1 
11 
13 
47 
61 
53 
23 
3 
38 
66 
71 
66 
52 
42 
26 
28 
10 
1 
11 
0 
20 
33 
12 
20 
24 
19 
6 
18 
18 
10 
16 
43 
65 
70 
82 
82 
0 
45 
80 
81 
102 
88 
6 
29 
70 
101 
99 
77 
31 
35 
14 
23 
41 
38 
23 
25 
3 
4 
16 
5 
33 
30 
64 
112 
120 
92 
89 
54 
24 
69 
97 
84 
30 
4 
16 
11 
28 
27 
63 
69 
51 
76 
31 
45 
68 
86 
91 
35 
22 
35 
9 
72 
136 
123 
65 
29 
31 
38 
9 
41 
60 
10 
35 
35 
8 
29 
22 
13 
6 
9 
22 
16 
27 
8 
7 
37 
48 
10 
1 
4 
2 
24 
59 
41 
21 
23 
45 
26 
30 
27 
50 
27 
3 
6 
23 
16 
44 
50 
4 
2 
14 
46 
51 
47 
41 
19 
78 
94 
77 
61 
80 
73 
37 
9 
56 
54 
55 
36 
6 
10 
25 
35 
28 
22 
1 
15 
28 
50 
92 
114 
29 
19 
65 
35 
59 
98 
60 
36 
89 
69 
29 
48 
57 
31 
11 
4 
29 
5 
76 
84 
52 
73 
96 
71 
46 
43 
55 
87 
66 
19 
26 
63 
75 
92 
114 
80 
30 
42 
103 
91 
59 
22 
21 
20 
44 
43 
35 
37 
2 
32 
44 
35 
31 
5 
17 
52 
108 
113 
76 
41 
89 
78 
39 
1 
5 
6 
3 
6 
37 
61 
40 
17 
1 
4 
26 
28 
15 
6 
18 
64 
73 
96 
26 
48 
114 
98 
67 
32 
3 
1 
20 
26 
37 
30 
39 
89 
82 
60 
41 
30 
5 
4 
4 
33 
72 
76 
49 
10 
49 
63 
60 
30 
11 
2 
29 
16 
35 
29 
46 
101 
70 
11 
110 
117 
73 
14 
62 
63 
48 
80 
109 
95 
60 
19 
48 
39 
30 
19 
14 
1 
57 
92 
98 
19 
46 
100 
138 
129 
67 
2 
11 
7 
5 
15 
50 
53 
37 
2 
11 
24 
73 
68 
31 
33 
63 
18 
28 
48 
30 
58 
70 
25 
19 
18 
25 
20 
0 
20 
13 
36 
9 
24 
47 
47 
10 
28 
40 
21 
13 
27 
8 
2 
38 
32 
29 
20 
18 
22 
75 
63 
56 
109 
70 
15 
48 
73 
7 
69 
67 
20 
9 
0 
18 
3 
5 
17 
43 
37 
21 
10 
28 
45 
79 
33 
19 
30 
68 
48 
4 
0 
20 
61 
53 
100 
84 
7 
54 
55 
48 
54 
16 
23 
29 
5 
25 
58 
95 
138 
136 
102 
56 
41 
25 
55 
111 
135 
116 
14 
50 
56 
22 
9 
25 
15 
8 
74 
117 
41 
24 
16 
48 
56 
20 
30 
56 
49 
24 
37 
12 
3 
0 
7 
2 
12 
23 
61 
61 
48 
53 
26 
36 
66 
52 
65 
35 
12 
3 
29 
62 
39 
27 
139 
174 
95 
58 
29 
27 
53 
92 
127 
103 
19 
115 
175 
148 
33 
67 
81 
50 
44 
28 
61 
70 
22 
14 
12 
26 
0 
6 
5 
99 
127 
124 
51 
93 
90 
12 
65 
61 
1 
40 
18 
40 
45 
93 
72 
8 
98 
141 
126 
84 
31 
11 
78 
121 
126 
138 
170 
190 
57 
44 
80 
124 
180 
128 
81 
45 
32 
0 
11 
83 
116 
34 
84 
274 
205 
34 
57 
168 
167 
41 
7 
79 
103 
25 
3 
47 
98 
82 
144 
82 
54 
131 
88 
92 
87 
45 
2 
18 
54 
42 
8 
51 
169 
321 
155 
7 
106 
156 
164 
114 
33 
4 
10 
23 
62 
100 
126 
137 
34 
28 
9 
15 
98 
45 
29 
35 
9 
43 
11 
27 
41 
39 
57 
7 
56 
48 
49 
9 
45 
50 
7 
76 
127 
129 
105 
32 
14 
17 
105 
16 
29 
60 
3 
54 
64 
16 
50 
148 
96 
60 
74 
76 
100 
33 
54 
102 
193 
295 
239 
103 
32 
75 
79 
49 
15 
98 
200 
271 
197 
57 
23 
61 
27 
34 
10 
18 
25 
31 
44 
14 
31 
59 
6 
90 
104 
68 
17 
26 
7 
50 
113 
212 
325 
263 
113 
64 
25 
99 
136 
166 
211 
137 
34 
65 
103 
53 
21 
25 
82 
84 
81 
146 
138 
130 
90 
10 
96 
35 
69 
3 
65 
78 
107 
132 
142 
57 
38 
55 
38 
9 
88 
148 
239 
221 
156 
132 
54 
49 
137 
72 
84 
52 
28 
37 
15 
86 
148 
88 
10 
10 
30 
11 
29 
37 
1 
64 
62 
100 
15 
51 
61 
37 
59 
98 
118 
97 
79 
10 
196 
217 
133 
70 
66 
2 
25 
17 
84 
8 
120 
182 
168 
61 
46 
142 
170 
125 
70 
28 
58 
30 
23 
9 
24 
60 
160 
48 
79 
177 
215 
179 
216 
165 
8 
7 
111 
284 
337 
219 
65 
51 
51 
61 
75 
158 
209 
158 
53 
14 
132 
230 
123 
26 
48 
121 
173 
205 
207 
214 
134 
8 
57 
131 
184 
190 
253 
198 
113 
30 
12 
76 
109 
149 
115 
30 
54 
24 
1 
65 
38 
40 
15 
42 
93 
70 
19 
10 
5 
100 
167 
134 
104 
50 
3 
21 
41 
38 
82 
155 
182 
180 
185 
146 
143 
139 
102 
138 
120 
38 
37 
122 
130 
112 
64 
24 
183 
162 
13 
22 
6 
46 
30 
41 
69 
16 
15 
11 
68 
112 
78 
18 
18 
103 
98 
32 
58 
65 
95 
75 
58 
70 
12 
6 
26 
93 
95 
66 
21 
25 
143 
297 
300 
258 
159 
75 
2 
105 
281 
311 
299 
210 
117 
43 
12 
81 
73 
19 
90 
145 
104 
83 
37 
105 
303 
287 
319 
155 
6 
150 
246 
349 
318 
262 
110 
10 
111 
178 
125 
6 
19 
22 
56 
56 
178 
213 
170 
178 
144 
57 
23 
19 
90 
212 
234 
241 
146 
15 
22 
65 
56 
35 
54 
154 
191 
165 
138 
64 
73 
157 
92 
90 
68 
0 
104 
128 
63 
122 
220 
158 
11 
177 
253 
348 
338 
153 
117 
16 
160 
265 
361 
397 
369 
202 
120 
78 
273 
293 
281 
250 
258 
207 
37 
43 
84 
55 
31 
62 
62 
3 
70 
142 
208 
117 
136 
81 
44 
88 
154 
115 
99 
190 
256 
383 
289 
246 
227 
140 
24 
20 
42 
136 
268 
256 
247 
263 
170 
72 
43 
8 
62 
109 
111 
252 
289 
234 
254 
166 
78 
46 
61 
201 
184 
180 
248 
221 
184 
25 
41 
13 
66 
185 
150 
83 
138 
170 
150 
136 
21 
56 
78 
131 
103 
106 
115 
2 
40 
25 
3 
85 
47 
13 
146 
148 
49 
89 
16 
84 
113 
227 
321 
328 
221 
130 
103 
2 
258 
447 
541 
397 
285 
190 
7 
209 
185 
155 
176 
139 
82 
78 
133 
121 
161 
281 
182 
24 
85 
72 
148 
220 
276 
279 
241 
226 
64 
28 
13 
48 
91 
131 
154 
201 
268 
360 
400 
321 
132 
66 
110 
243 
440 
361 
299 
210 
48 
164 
158 
190 
183 
101 
42 
80 
63 
122 
146 
79 
63 
81 
141 
127 
54 
16 
104 
132 
84 
45 
103 
213 
80 
108 
170 
98 
4 
41 
36 
42 
60 
52 
38 
80 
24 
8 
4 
61 
115 
192 
201 
45 
141 
201 
286 
175 
164 
89 
74 
158 
156 
146 
92 
0 
64 
1 
101 
218 
249 
162 
87 
12 
241 
300 
142 
181 
335 
163 
33 
244 
328 
286 
242 
211 
178 
159 
140 
47 
112 
22 
89 
116 
155 
258 
240 
199 
291 
271 
52 
201 
236 
273 
251 
182 
147 
115 
107 
58 
61 
40 
166 
252 
65 
84 
88 
61 
40 
239 
206 
68 
11 
107 
172 
10 
14 
28 
43 
3 
65 
43 
2 
51 
62 
75 
97 
71 
41 
129 
195 
173 
57 
38 
72 
96 
129 
83 
52 
33 
39 
78 
114 
103 
14 
76 
252 
414 
503 
336 
146 
60 
357 
624 
752 
551 
341 
68 
195 
352 
434 
332 
272 
246 
233 
93 
20 
157 
291 
249 
51 
19 
44 
20 
11 
128 
175 
146 
143 
32 
58 
19 
85 
114 
27 
52 
33 
242 
197 
69 
12 
128 
182 
252 
196 
134 
9 
48 
49 
16 
173 
349 
429 
365 
275 
46 
527 
574 
369 
311 
93 
8 
97 
226 
244 
205 
2 
5 
29 
70 
24 
11 
0 
20 
10 
64 
94 
33 
159 
330 
331 
140 
89 
174 
395 
487 
449 
73 
58 
106 
181 
172 
111 
156 
83 
29 
8 
21 
104 
220 
224 
149 
198 
220 
93 
178 
530 
365 
206 
407 
260 
106 
89 
231 
282 
270 
196 
111 
54 
6 
35 
151 
135 
82 
43 
151 
256 
209 
131 
1 
44 
40 
83 
129 
119 
190 
183 
153 
206 
33 
83 
108 
153 
156 
217 
170 
139 
190 
186 
145 
69 
91 
321 
413 
221 
73 
52 
17 
39 
123 
173 
125 
82 
189 
343 
325 
175 
37 
121 
217 
390 
489 
481 
345 
152 
37 
179 
343 
448 
418 
133 
65 
36 
47 
24 
72 
30 
27 
92 
10 
78 
23 
26 
17 
119 
47 
77 
100 
58 
20 
90 
128 
189 
92 
16 
13 
17 
195 
273 
90 
33 
224 
272 
37 
324 
371 
278 
124 
33 
288 
379 
287 
117 
65 
158 
130 
102 
181 
179 
389 
240 
66 
169 
171 
157 
117 
158 
199 
174 
137 
23 
132 
258 
317 
151 
59 
77 
102 
130 
90 
22 
49 
83 
222 
235 
80 
53 
188 
341 
389 
378 
226 
4 
111 
212 
201 
406 
421 
183 
107 
273 
324 
342 
165 
91 
40 
49 
276 
204 
114 
35 
16 
100 
120 
91 
61 
8 
34 
25 
90 
262 
304 
239 
34 
266 
559 
566 
328 
120 
156 
216 
156 
316 
271 
157 
39 
71 
121 
81 
51 
65 
54 
24 
26 
36 
128 
260 
283 
285 
18 
166 
289 
337 
254 
103 
9 
171 
252 
296 
174 
40 
97 
111 
160 
222 
159 
136 
68 
21 
44 
60 
91 
104 
315 
383 
238 
20 
236 
298 
350 
317 
4 
67 
110 
5 
192 
240 
306 
128 
66 
172 
244 
269 
206 
118 
18 
79 
141 
199 
235 
120 
40 
132 
123 
5 
91 
212 
229 
211 
90 
126 
226 
44 
1 
195 
290 
46 
250 
217 
143 
90 
94 
217 
52 
23 
224 
249 
147 
20 
50 
40 
57 
45 
128 
174 
183 
146 
76 
110 
260 
183 
81 
10 
44 
50 
70 
39 
86 
201 
263 
229 
137 
43 
31 
118 
180 
69 
14 
99 
338 
315 
41 
158 
220 
229 
53 
77 
184 
119 
184 
4 
155 
176 
179 
122 
106 
135 
126 
4 
224 
401 
91 
170 
189 
253 
188 
153 
83 
77 
61 
187 
11 
61 
166 
430 
183 
17 
135 
196 
227 
162 
139 
72 
72 
71 
80 
151 
37 
156 
296 
99 
127 
97 
212 
179 
1 
97 
28 
276 
359 
268 
196 
36 
208 
172 
171 
269 
199 
196 
214 
110 
29 
80 
119 
194 
263 
210 
176 
72 
8 
46 
58 
94 
62 
78 
63 
92 
115 
66 
80 
93 
16 
61 
54 
119 
77 
54 
36 
40 
169 
254 
172 
119 
286 
403 
162 
87 
53 
537 
720 
600 
557 
220 
151 
341 
307 
186 
228 
275 
339 
308 
189 
97 
38 
158 
306 
366 
332 
158 
28 
169 
66 
79 
41 
37 
254 
305 
158 
11 
36 
41 
100 
35 
98 
143 
210 
126 
160 
229 
21 
187 
151 
245 
443 
501 
229 
135 
245 
225 
51 
161 
71 
90 
151 
150 
184 
397 
465 
316 
150 
53 
196 
612 
654 
253 
172 
76 
260 
98 
131 
298 
265 
233 
116 
115 
146 
63 
5 
221 
110 
24 
263 
330 
197 
4 
154 
312 
319 
385 
478 
252 
82 
212 
553 
636 
723 
413 
67 
288 
349 
392 
395 
338 
284 
130 
51 
141 
190 
0 
210 
365 
316 
95 
266 
168 
59 
201 
225 
226 
272 
201 
168 
51 
46 
376 
967 
877 
571 
117 
202 
316 
422 
479 
644 
575 
425 
181 
69 
307 
597 
496 
561 
306 
208 
26 
138 
294 
392 
651 
644 
498 
402 
217 
513 
990 
916 
681 
327 
18 
276 
336 
473 
527 
468 
341 
201 
57 
252 
500 
517 
437 
139 
50 
273 
371 
417 
241 
254 
155 
79 
61 
53 
181 
216 
577 
637 
460 
173 
93 
442 
543 
601 
587 
301 
52 
392 
531 
604 
443 
297 
37 
184 
371 
526 
566 
457 
517 
310 
22 
376 
431 
691 
790 
323 
295 
39 
321 
387 
432 
315 
197 
96 
138 
499 
525 
180 
2 
381 
488 
391 
297 
227 
259 
238 
144 
42 
84 
300 
618 
599 
562 
250 
118 
278 
260 
222 
117 
169 
311 
198 
157 
158 
69 
83 
7 
255 
237 
86 
70 
49 
50 
242 
371 
339 
257 
292 
730 
986 
806 
127 
252 
280 
423 
351 
315 
362 
371 
296 
430 
306 
152 
200 
551 
781 
663 
442 
237 
178 
143 
558 
891 
1283 
1341 
444 
214 
1037 
1393 
1434 
1185 
606 
383 
853 
830 
627 
407 
354 
259 
97 
92 
175 
153 
132 
192 
52 
68 
234 
238 
134 
120 
32 
94 
179 
16 
63 
202 
101 
29 
39 
195 
413 
316 
323 
86 
29 
170 
323 
463 
429 
212 
8 
79 
100 
211 
141 
15 
172 
47 
77 
85 
8 
94 
46 
20 
152 
143 
137 
230 
62 
10 
385 
442 
427 
535 
142 
93 
31 
139 
82 
181 
253 
590 
753 
667 
264 
25 
287 
201 
176 
137 
83 
13 
125 
238 
221 
60 
41 
44 
65 
193 
134 
188 
356 
167 
93 
98 
99 
176 
229 
31 
78 
34 
113 
43 
5 
46 
12 
37 
14 
3 
20 
47 
77 
64 
68 
39 
143 
210 
129 
22 
129 
542 
655 
397 
69 
379 
693 
630 
355 
39 
155 
447 
312 
176 
235 
96 
182 
315 
371 
267 
367 
359 
281 
68 
310 
641 
721 
175 
118 
209 
83 
162 
272 
342 
265 
137 
62 
72 
159 
284 
246 
131 
18 
203 
551 
619 
316 
189 
299 
536 
487 
276 
63 
58 
279 
449 
274 
60 
65 
53 
263 
463 
382 
270 
30 
70 
265 
361 
161 
7 
148 
79 
279 
526 
606 
215 
170 
530 
410 
393 
213 
74 
159 
339 
304 
486 
468 
155 
448 
582 
747 
916 
715 
266 
97 
318 
443 
423 
530 
517 
490 
56 
227 
226 
289 
266 
71 
259 
116 
115 
312 
556 
437 
17 
8 
137 
227 
590 
832 
634 
274 
11 
358 
450 
250 
182 
142 
482 
288 
206 
20 
296 
420 
321 
313 
342 
241 
280 
362 
420 
329 
31 
384 
869 
864 
570 
825 
136 
87 
385 
495 
406 
298 
220 
173 
91 
29 
20 
2 
182 
290 
203 
125 
199 
269 
149 
179 
192 
170 
30 
355 
507 
252 
156 
227 
337 
347 
251 
119 
181 
325 
275 
75 
54 
86 
22 
50 
251 
279 
153 
29 
159 
292 
279 
113 
218 
355 
354 
278 
150 
171 
214 
444 
306 
509 
518 
279 
6 
227 
356 
339 
232 
104 
92 
170 
260 
240 
143 
16 
124 
351 
278 
390 
379 
186 
70 
155 
217 
195 
176 
236 
213 
165 
116 
62 
4 
160 
342 
108 
123 
77 
39 
35 
109 
63 
75 
4 
39 
46 
25 
12 
26 
36 
63 
131 
154 
209 
104 
9 
60 
117 
179 
374 
206 
8 
106 
222 
331 
256 
112 
58 
43 
161 
218 
154 
119 
14 
12 
208 
192 
270 
80 
88 
174 
408 
476 
201 
3 
213 
193 
92 
21 
62 
115 
99 
54 
1 
17 
12 
56 
121 
138 
134 
77 
41 
153 
116 
117 
42 
16 
13 
45 
41 
154 
184 
182 
96 
17 
204 
133 
154 
91 
115 
2 
73 
99 
87 
48 
6 
18 
43 
78 
111 
137 
111 
12 
144 
79 
86 
98 
61 
46 
34 
13 
71 
28 
51 
130 
142 
34 
145 
186 
200 
167 
124 
101 
52 
28 
40 
63 
33 
138 
47 
81 
165 
156 
146 
59 
219 
409 
359 
149 
65 
120 
167 
169 
198 
168 
110 
39 
9 
33 
62 
57 
9 
30 
78 
57 
44 
38 
18 
46 
61 
67 
59 
17 
2 
31 
16 
21 
16 
32 
60 
31 
9 
45 
6 
13 
31 
57 
24 
93 
154 
142 
93 
84 
289 
213 
100 
149 
21 
89 
166 
126 
126 
87 
55 
3 
43 
20 
27 
8 
25 
49 
50 
91 
112 
100 
54 
30 
30 
2 
43 
46 
113 
82 
153 
200 
88 
107 
31 
145 
114 
56 
37 
44 
31 
10 
21 
17 
0 
27 
53 
55 
43 
16 
1 
27 
66 
54 
31 
123 
118 
29 
60 
6 
41 
24 
3 
12 
9 
14 
36 
17 
7 
19 
4 
13 
52 
12 
14 
39 
17 
29 
69 
41 
28 
81 
84 
42 
130 
225 
27 
58 
58 
8 
47 
84 
43 
20 
21 
8 
2 
8 
68 
64 
6 
72 
70 
14 
31 
11 
13 
11 
39 
39 
16 
21 
27 
17 
35 
65 
70 
72 
53 
10 
11 
18 
45 
11 
68 
69 
49 
58 
190 
196 
25 
63 
40 
26 
58 
85 
77 
63 
72 
32 
1 
7 
19 
34 
9 
11 
74 
16 
48 
39 
29 
66 
28 
31 
38 
24 
6 
8 
36 
42 
51 
46 
47 
22 
19 
13 
18 
12 
13 
10 
5 
31 
33 
23 
4 
19 
47 
64 
84 
83 
50 
0 
5 
71 
85 
77 
2 
27 
81 
162 
105 
45 
85 
27 
78 
156 
53 
53 
8 
88 
155 
82 
59 
45 
43 
31 
11 
15 
6 
3 
7 
20 
17 
19 
36 
42 
16 
28 
33 
29 
21 
116 
69 
30 
81 
75 
93 
18 
35 
98 
12 
36 
56 
10 
42 
28 
33 
43 
13 
6 
29 
26 
4 
0 
22 
48 
43 
29 
14 
10 
34 
23 
44 
24 
24 
18 
20 
36 
25 
43 
8 
47 
52 
53 
48 
45 
9 
50 
40 
27 
7 
25 
18 
24 
31 
11 
20 
6 
2 
22 
28 
19 
5 
2 
12 
22 
46 
53 
60 
49 
80 
32 
31 
43 
25 
43 
95 
115 
121 
6 
94 
108 
114 
108 
89 
35 
15 
2 
22 
51 
32 
46 
12 
57 
52 
22 
31 
34 
11 
6 
48 
44 
34 
28 
27 
64 
5 
13 
33 
13 
64 
149 
97 
38 
83 
73 
69 
45 
34 
43 
1 
6 
7 
7 
1 
3 
1 
1 
23 
60 
67 
82 
48 
31 
19 
36 
74 
148 
92 
0 
53 
149 
134 
79 
52 
22 
3 
16 
21 
23 
20 
8 
24 
28 
31 
33 
20 
3 
8 
6 
26 
38 
21 
4 
8 
7 
13 
21 
17 
22 
79 
32 
12 
32 
4 
0 
26 
13 
61 
0 
22 
37 
34 
1 
4 
35 
27 
11 
1 
18 
0 
36 
41 
37 
56 
86 
63 
14 
6 
9 
49 
29 
66 
65 
0 
52 
70 
68 
87 
60 
34 
30 
29 
4 
14 
16 
15 
19 
17 
30 
44 
35 
0 
37 
29 
2 
40 
46 
40 
15 
8 
7 
11 
42 
46 
29 
23 
12 
1 
21 
29 
8 
3 
5 
19 
34 
22 
0 
5 
18 
17 
5 
2 
1 
1 
8 
14 
22 
22 
32 
51 
22 
1 
1 
8 
21 
16 
1 
15 
32 
32 
3 
10 
32 
50 
1 
18 
6 
12 
0 
6 
18 
35 
28 
16 
21 
21 
18 
22 
26 
0 
3 
22 
24 
15 
28 
49 
23 
15 
49 
63 
79 
9 
15 
36 
37 
12 
8 
34 
38 
94 
98 
97 
42 
19 
64 
117 
84 
10 
22 
43 
33 
19 
29 
41 
48 
30 
15 
18 
36 
43 
39 
30 
6 
3 
31 
33 
6 
14 
23 
36 
7 
19 
18 
1 
15 
39 
22 
5 
16 
39 
16 
17 
15 
17 
1 
7 
1 
7 
0 
7 
20 
24 
16 
10 
7 
5 
2 
7 
13 
38 
10 
12 
26 
2 
17 
10 
29 
55 
59 
56 
4 
5 
0 
13 
0 
1 
17 
35 
3 
21 
19 
9 
12 
27 
27 
21 
5 
11 
0 
2 
2 
11 
14 
12 
13 
11 
28 
57 
21 
13 
30 
15 
10 
54 
54 
28 
12 
7 
3 
3 
17 
12 
7 
10 
5 
10 
9 
20 
33 
37 
27 
27 
4 
12 
14 
12 
0 
3 
7 
26 
27 
21 
31 
33 
22 
17 
0 
25 
38 
4 
27 
28 
41 
39 
15 
15 
3 
7 
21 
35 
16 
18 
18 
19 
20 
10 
8 
10 
1 
7 
9 
13 
3 
9 
17 
15 
15 
20 
40 
52 
30 
1 
77 
31 
11 
22 
12 
15 
28 
53 
41 
13 
3 
26 
29 
27 
20 
8 
5 
6 
5 
24 
15 
4 
5 
7 
2 
3 
6 
18 
6 
27 
45 
56 
50 
68 
20 
10 
11 
6 
4 
5 
22 
25 
44 
33 
7 
24 
37 
37 
39 
27 
14 
27 
28 
20 
9 
16 
14 
2 
1 
21 
17 
4 
0 
1 
1 
1 
8 
15 
25 
8 
4 
1 
0 
7 
11 
15 
35 
25 
18 
12 
2 
13 
11 
17 
15 
1 
11 
17 
3 
3 
5 
8 
0 
5 
18 
31 
24 
17 
9 
5 
12 
9 
19 
15 
16 
11 
19 
19 
3 
0 
10 
9 
14 
23 
17 
9 
18 
23 
9 
3 
1 
0 
4 
15 
20 
11 
23 
50 
26 
15 
28 
56 
44 
14 
45 
95 
42 
6 
9 
14 
9 
37 
67 
54 
37 
24 
8 
3 
9 
1 
8 
5 
2 
19 
0 
1 
3 
22 
13 
13 
28 
38 
40 
40 
8 
6 
22 
6 
47 
55 
21 
1 
4 
11 
24 
39 
30 
41 
27 
26 
20 
16 
16 
10 
19 
19 
0 
15 
24 
15 
17 
7 
29 
37 
38 
28 
18 
17 
21 
6 
9 
3 
9 
3 
12 
19 
11 
20 
17 
14 
4 
11 
7 
4 
8 
11 
21 
18 
2 
3 
0 
19 
18 
16 
10 
17 
24 
4 
5 
7 
6 
0 
4 
9 
18 
26 
25 
20 
7 
3 
0 
6 
18 
13 
16 
18 
34 
38 
20 
17 
5 
24 
21 
5 
4 
1 
44 
61 
53 
24 
43 
62 
36 
70 
4 
29 
40 
46 
51 
43 
34 
28 
17 
1 
28 
27 
4 
6 
27 
22 
20 
23 
17 
14 
16 
12 
5 
25 
21 
1 
2 
4 
1 
1 
15 
25 
28 
33 
17 
15 
8 
6 
0 
2 
0 
2 
2 
15 
18 
9 
21 
26 
29 
22 
13 
1 
11 
4 
18 
10 
7 
11 
17 
16 
7 
5 
8 
23 
29 
20 
4 
16 
32 
24 
10 
16 
21 
4 
25 
7 
36 
40 
4 
29 
25 
37 
61 
57 
46 
31 
12 
5 
14 
4 
17 
16 
18 
9 
11 
2 
11 
36 
45 
22 
14 
26 
21 
7 
0 
14 
5 
18 
17 
18 
23 
27 
38 
24 
16 
7 
23 
0 
8 
30 
33 
6 
26 
45 
29 
15 
28 
29 
32 
25 
14 
18 
28 
10 
7 
10 
13 
22 
13 
8 
1 
1 
9 
28 
18 
15 
15 
22 
41 
46 
25 
13 
13 
8 
2 
4 
0 
13 
12 
11 
12 
2 
5 
20 
27 
30 
28 
38 
40 
27 
14 
19 
8 
1 
1 
2 
3 
0 
7 
2 
22 
23 
34 
35 
35 
30 
10 
18 
19 
16 
0 
2 
1 
3 
5 
3 
3 
7 
30 
23 
11 
2 
10 
11 
17 
7 
11 
17 
22 
32 
19 
6 
14 
23 
35 
34 
7 
35 
47 
42 
33 
25 
26 
27 
7 
15 
26 
14 
20 
27 
28 
27 
13 
8 
10 
11 
11 
19 
19 
0 
9 
10 
15 
0 
5 
14 
1 
10 
41 
17 
22 
8 
34 
49 
30 
2 
8 
16 
48 
10 
13 
25 
33 
37 
32 
33 
30 
32 
24 
0 
10 
0 
12 
12 
19 
24 
6 
16 
13 
4 
9 
3 
14 
19 
10 
8 
12 
4 
1 
6 
0 
9 
17 
31 
22 
10 
21 
34 
21 
19 
13 
15 
11 
3 
15 
24 
13 
15 
27 
8 
3 
6 
3 
7 
13 
18 
14 
16 
21 
14 
10 
5 
9 
3 
0 
3 
12 
9 
11 
11 
27 
25 
30 
34 
26 
1 
0 
6 
6 
4 
19 
25 
26 
22 
10 
27 
35 
44 
52 
35 
35 
31 
26 
14 
1 
4 
2 
0 
1 
5 
0 
2 
11 
16 
21 
26 
26 
34 
32 
20 
0 
2 
0 
7 
3 
5 
14 
4 
22 
0 
17 
16 
19 
23 
15 
13 
15 
13 
8 
12 
0 
5 
2 
19 
21 
7 
10 
25 
25 
9 
3 
4 
8 
2 
4 
1 
5 
10 
17 
15 
23 
34 
45 
24 
10 
6 
16 
5 
29 
15 
1 
23 
24 
23 
11 
1 
9 
23 
21 
14 
15 
7 
19 
7 
16 
6 
16 
10 
2 
6 
11 
14 
31 
38 
23 
23 
23 
26 
14 
5 
22 
18 
12 
0 
10 
9 
16 
23 
25 
31 
38 
29 
20 
22 
6 
15 
6 
31 
42 
39 
18 
5 
4 
3 
13 
16 
6 
6 
10 
27 
23 
23 
27 
20 
3 
0 
9 
7 
11 
17 
12 
10 
10 
20 
10 
10 
6 
11 
27 
30 
18 
23 
18 
13 
0 
0 
3 
6 
1 
23 
0 
19 
17 
16 
21 
36 
35 
25 
16 
5 
1 
1 
2 
0 
1 
4 
5 
0 
10 
11 
16 
9 
12 
26 
16 
1 
1 
12 
32 
8 
2 
16 
21 
11 
6 
0 
3 
9 
22 
21 
14 
17 
29 
15 
3 
2 
3 
13 
11 
10 
3 
1 
9 
16 
15 
31 
17 
20 
18 
10 
0 
6 
5 
5 
15 
1 
2 
3 
7 
0 
9 
14 
35 
45 
42 
32 
7 
5 
17 
25 
16 
0 
24 
31 
30 
49 
44 
38 
30 
8 
18 
21 
17 
33 
8 
32 
11 
29 
41 
36 
28 
21 
25 
24 
29 
24 
28 
28 
18 
0 
10 
7 
11 
34 
26 
14 
0 
3 
4 
5 
11 
27 
32 
10 
23 
33 
30 
27 
27 
25 
4 
10 
3 
0 
16 
11 
2 
13 
22 
25 
18 
13 
19 
17 
19 
14 
0 
1 
18 
7 
2 
7 
24 
33 
35 
24 
22 
31 
26 
9 
3 
12 
20 
9 
0 
2 
0 
16 
24 
41 
24 
32 
35 
25 
13 
8 
5 
0 
1 
9 
1 
3 
1 
7 
0 
7 
13 
26 
28 
28 
16 
10 
12 
11 
5 
5 
17 
12 
10 
7 
0 
11 
13 
30 
30 
36 
32 
13 
5 
20 
20 
32 
16 
3 
17 
61 
55 
45 
29 
3 
13 
25 
20 
5 
16 
24 
22 
13 
13 
0 
6 
4 
11 
27 
25 
21 
22 
31 
26 
29 
17 
8 
4 
7 
4 
2 
9 
6 
5 
3 
7 
15 
17 
18 
18 
22 
24 
24 
16 
5 
8 
2 
0 
5 
0 
3 
8 
4 
22 
17 
26 
19 
32 
30 
16 
3 
4 
2 
5 
1 
2 
6 
3 
1 
12 
3 
19 
40 
51 
44 
36 
16 
25 
24 
8 
0 
8 
20 
11 
3 
9 
0 
1 
3 
2 
10 
7 
42 
24 
4 
10 
18 
1 
21 
12 
15 
1 
12 
11 
8 
24 
37 
36 
31 
29 
17 
8 
1 
0 
1 
6 
9 
24 
28 
30 
10 
3 
9 
10 
5 
1 
0 
10 
16 
10 
1 
0 
0 
2 
7 
20 
8 
11 
9 
7 
15 
15 
17 
14 
5 
4 
3 
0 
0 
9 
33 
29 
16 
9 
28 
31 
29 
23 
18 
8 
13 
13 
8 
12 
8 
1 
4 
12 
5 
16 
17 
6 
51 
93 
73 
32 
6 
43 
57 
59 
50 
31 
21 
41 
41 
24 
28 
16 
40 
32 
35 
28 
34 
25 
25 
16 
9 
0 
6 
41 
26 
13 
3 
12 
9 
27 
19 
3 
14 
35 
45 
50 
40 
21 
6 
4 
15 
18 
14 
28 
36 
24 
4 
19 
16 
18 
23 
23 
33 
42 
39 
31 
31 
21 
17 
2 
10 
11 
16 
30 
14 
6 
7 
14 
8 
3 
6 
8 
2 
10 
1 
3 
9 
27 
19 
21 
40 
44 
42 
15 
14 
