24 
7 
2 
6 
2 
7 
9 
2 
0 
0 
1 
5 
5 
8 
6 
21 
8 
1 
15 
17 
50 
60 
58 
31 
16 
1 
26 
34 
15 
0 
15 
14 
13 
15 
0 
62 
2 
48 
65 
55 
32 
37 
49 
5 
29 
32 
8 
6 
29 
8 
3 
26 
39 
33 
26 
32 
45 
41 
34 
18 
15 
0 
16 
23 
23 
22 
5 
0 
20 
26 
23 
44 
42 
31 
0 
0 
9 
5 
7 
24 
8 
22 
21 
15 
6 
7 
28 
26 
32 
25 
31 
32 
1 
13 
0 
9 
18 
31 
8 
54 
64 
4 
42 
12 
26 
52 
42 
47 
41 
10 
7 
8 
1 
5 
24 
6 
18 
23 
1 
34 
32 
1 
10 
48 
25 
34 
58 
31 
24 
7 
23 
10 
46 
77 
56 
49 
79 
105 
74 
23 
0 
8 
17 
13 
13 
16 
7 
6 
2 
7 
12 
2 
7 
25 
31 
24 
25 
31 
24 
32 
1 
21 
10 
16 
15 
14 
5 
8 
17 
23 
41 
74 
47 
32 
14 
13 
10 
31 
24 
0 
30 
2 
7 
24 
17 
18 
15 
24 
25 
26 
23 
31 
32 
16 
10 
42 
110 
29 
0 
36 
50 
64 
57 
34 
31 
24 
9 
10 
0 
16 
7 
9 
21 
37 
8 
17 
18 
40 
17 
2 
23 
32 
30 
32 
24 
25 
26 
15 
17 
10 
7 
0 
6 
8 
12 
34 
31 
44 
42 
23 
15 
8 
5 
1 
2 
23 
15 
8 
0 
30 
29 
0 
9 
26 
39 
17 
58 
63 
40 
5 
30 
101 
7 
32 
9 
2 
15 
8 
9 
15 
28 
26 
23 
24 
14 
58 
63 
55 
15 
8 
72 
168 
15 
25 
39 
65 
74 
72 
49 
2 
26 
15 
7 
0 
0 
8 
31 
7 
32 
16 
13 
25 
34 
10 
23 
39 
39 
31 
8 
16 
16 
8 
0 
40 
48 
103 
3 
58 
71 
56 
13 
9 
58 
55 
24 
7 
16 
2 
18 
14 
29 
0 
8 
17 
10 
31 
32 
9 
34 
23 
48 
32 
21 
21 
13 
34 
70 
133 
15 
36 
34 
48 
41 
47 
56 
41 
31 
23 
7 
10 
14 
21 
5 
8 
32 
37 
17 
10 
7 
8 
25 
42 
23 
16 
5 
1 
5 
2 
0 
7 
0 
1 
13 
23 
16 
22 
26 
47 
40 
25 
2 
0 
0 
54 
37 
23 
68 
10 
24 
20 
50 
63 
8 
22 
2 
50 
71 
48 
8 
7 
63 
71 
29 
33 
10 
0 
16 
9 
26 
71 
64 
41 
34 
26 
21 
13 
37 
13 
10 
69 
64 
56 
69 
41 
34 
23 
31 
32 
16 
15 
34 
2 
17 
18 
18 
0 
0 
0 
15 
54 
5 
71 
56 
33 
34 
15 
16 
13 
25 
13 
13 
8 
0 
0 
8 
1 
10 
0 
16 
17 
18 
31 
24 
17 
10 
18 
15 
0 
8 
2 
14 
10 
0 
23 
17 
18 
47 
48 
1 
2 
7 
0 
9 
26 
15 
24 
37 
17 
10 
15 
7 
71 
35 
5 
63 
88 
61 
49 
34 
26 
77 
13 
61 
77 
7 
40 
41 
58 
39 
7 
22 
34 
47 
24 
45 
49 
50 
9 
90 
70 
26 
32 
31 
56 
33 
34 
15 
7 
16 
2 
9 
26 
18 
15 
16 
16 
0 
15 
6 
5 
23 
48 
65 
50 
34 
7 
15 
16 
18 
14 
10 
26 
15 
0 
0 
50 
1 
23 
32 
41 
26 
39 
48 
64 
37 
2 
2 
66 
34 
1 
13 
10 
0 
0 
25 
23 
64 
73 
50 
18 
7 
15 
0 
8 
95 
63 
49 
82 
50 
0 
48 
71 
14 
66 
80 
57 
50 
23 
15 
15 
47 
30 
2 
7 
31 
17 
39 
16 
49 
39 
24 
17 
2 
0 
0 
8 
17 
2 
5 
16 
3 
2 
7 
24 
25 
39 
40 
25 
18 
7 
16 
21 
9 
18 
7 
7 
15 
71 
14 
15 
48 
49 
47 
24 
25 
69 
32 
44 
34 
40 
7 
33 
55 
48 
17 
5 
8 
16 
25 
18 
0 
24 
9 
10 
39 
47 
64 
24 
39 
167 
7 
41 
10 
8 
33 
26 
32 
17 
50 
31 
32 
14 
10 
8 
39 
8 
0 
21 
1 
10 
18 
40 
47 
41 
26 
39 
16 
9 
10 
0 
16 
41 
34 
0 
16 
23 
46 
34 
48 
49 
42 
16 
15 
41 
18 
10 
15 
0 
1 
21 
45 
16 
17 
39 
0 
9 
23 
48 
57 
50 
31 
23 
0 
0 
15 
31 
55 
83 
101 
92 
50 
41 
51 
43 
50 
33 
36 
19 
2 
6 
3 
11 
10 
9 
20 
35 
18 
17 
23 
17 
31 
41 
23 
24 
1 
8 
8 
25 
21 
8 
6 
10 
23 
9 
7 
33 
26 
36 
42 
8 
1 
2 
7 
38 
0 
97 
39 
7 
1 
10 
31 
25 
8 
75 
10 
68 
74 
60 
10 
23 
35 
21 
7 
1 
5 
16 
25 
15 
1 
8 
49 
74 
56 
33 
5 
16 
0 
9 
2 
21 
40 
3 
10 
23 
33 
50 
56 
57 
10 
16 
8 
7 
6 
2 
0 
16 
6 
10 
32 
41 
34 
31 
103 
9 
15 
1 
26 
32 
25 
8 
24 
14 
5 
0 
33 
15 
41 
42 
39 
35 
53 
31 
25 
34 
23 
9 
10 
23 
12 
13 
16 
12 
29 
16 
49 
79 
49 
58 
55 
7 
14 
37 
15 
16 
87 
70 
8 
52 
74 
52 
2 
31 
49 
58 
55 
0 
1 
5 
24 
32 
15 
1 
2 
8 
28 
26 
31 
48 
33 
26 
7 
40 
78 
2 
15 
23 
1 
34 
16 
25 
34 
7 
16 
54 
24 
44 
42 
56 
33 
2 
0 
40 
22 
13 
31 
8 
9 
2 
16 
0 
1 
50 
16 
17 
42 
15 
8 
33 
2 
45 
16 
31 
14 
13 
23 
49 
63 
57 
50 
24 
33 
74 
39 
8 
15 
39 
50 
54 
18 
7 
8 
25 
7 
16 
33 
31 
32 
25 
7 
16 
17 
26 
15 
7 
7 
18 
46 
37 
7 
17 
10 
76 
66 
47 
72 
21 
62 
42 
32 
64 
63 
25 
2 
0 
25 
7 
65 
50 
48 
9 
2 
32 
17 
18 
2 
24 
16 
13 
1 
18 
32 
0 
1 
2 
0 
68 
74 
47 
40 
39 
78 
26 
31 
0 
38 
10 
40 
33 
26 
15 
8 
41 
23 
0 
16 
9 
26 
15 
0 
0 
18 
6 
2 
0 
7 
32 
17 
26 
31 
24 
6 
18 
8 
8 
41 
66 
50 
8 
32 
120 
71 
49 
74 
40 
33 
18 
31 
40 
1 
61 
7 
16 
25 
10 
0 
8 
33 
58 
7 
7 
87 
9 
58 
48 
8 
9 
2 
39 
24 
16 
58 
14 
2 
7 
32 
41 
66 
0 
7 
1 
34 
55 
23 
16 
45 
41 
2 
21 
45 
21 
18 
15 
0 
5 
9 
18 
15 
40 
33 
26 
10 
55 
23 
39 
7 
0 
31 
14 
2 
23 
24 
41 
42 
31 
40 
13 
6 
13 
29 
24 
23 
33 
42 
10 
0 
0 
6 
10 
32 
33 
50 
39 
8 
17 
18 
10 
0 
0 
31 
103 
6 
23 
44 
42 
47 
32 
9 
18 
23 
15 
7 
10 
6 
5 
8 
16 
25 
26 
87 
72 
61 
37 
29 
29 
13 
7 
15 
7 
22 
16 
23 
14 
55 
104 
5 
13 
18 
50 
58 
74 
58 
46 
5 
0 
7 
16 
10 
6 
10 
7 
24 
15 
23 
10 
10 
2 
18 
38 
37 
2 
5 
16 
8 
16 
56 
13 
10 
26 
50 
23 
0 
31 
24 
8 
15 
39 
40 
24 
8 
7 
32 
39 
16 
56 
8 
16 
29 
1 
5 
15 
48 
64 
37 
1 
5 
21 
2 
23 
31 
15 
8 
64 
56 
32 
49 
42 
39 
47 
32 
40 
24 
87 
16 
29 
5 
5 
5 
2 
14 
13 
31 
31 
40 
33 
26 
10 
15 
7 
0 
0 
7 
7 
16 
24 
13 
2 
9 
2 
7 
15 
8 
13 
33 
42 
47 
7 
7 
0 
8 
24 
32 
16 
32 
17 
34 
42 
39 
31 
15 
40 
64 
32 
64 
72 
37 
50 
6 
10 
34 
39 
23 
15 
31 
49 
50 
5 
8 
39 
7 
8 
16 
8 
2 
2 
1 
13 
45 
39 
33 
42 
8 
32 
69 
41 
2 
13 
8 
0 
0 
15 
0 
9 
18 
18 
47 
15 
9 
42 
39 
16 
24 
37 
53 
5 
42 
58 
102 
29 
79 
84 
50 
31 
8 
31 
25 
47 
71 
16 
15 
18 
18 
1 
10 
2 
0 
16 
45 
41 
18 
77 
7 
48 
25 
5 
2 
7 
32 
32 
25 
13 
61 
8 
20 
2 
31 
24 
25 
63 
48 
29 
38 
13 
26 
15 
15 
8 
53 
57 
10 
13 
56 
64 
48 
41 
26 
0 
48 
56 
13 
14 
29 
18 
7 
15 
7 
1 
34 
31 
40 
17 
18 
23 
7 
32 
16 
5 
5 
5 
34 
46 
5 
0 
16 
41 
26 
15 
40 
41 
26 
31 
23 
32 
16 
23 
135 
31 
25 
34 
39 
48 
33 
50 
42 
31 
15 
15 
0 
2 
2 
1 
18 
34 
34 
21 
112 
0 
16 
25 
26 
63 
61 
25 
2 
2 
0 
15 
7 
29 
1 
13 
16 
32 
35 
10 
88 
97 
47 
15 
8 
13 
1 
13 
13 
31 
24 
0 
10 
14 
26 
39 
0 
18 
25 
26 
15 
15 
33 
34 
23 
15 
7 
10 
78 
5 
15 
20 
26 
47 
17 
18 
16 
41 
34 
7 
16 
49 
2 
5 
0 
80 
95 
33 
26 
56 
57 
47 
0 
33 
18 
80 
16 
25 
34 
15 
8 
9 
18 
15 
0 
30 
13 
24 
25 
55 
64 
49 
26 
2 
16 
8 
23 
0 
2 
14 
5 
15 
32 
25 
23 
8 
25 
34 
15 
16 
32 
9 
2 
5 
15 
8 
7 
0 
1 
10 
7 
25 
34 
15 
24 
45 
25 
29 
23 
32 
55 
22 
34 
39 
32 
1 
2 
24 
17 
58 
79 
0 
47 
1 
42 
15 
0 
7 
15 
26 
6 
2 
47 
77 
81 
74 
2 
149 
15 
8 
31 
54 
34 
31 
33 
26 
31 
25 
10 
31 
17 
29 
16 
33 
42 
15 
8 
6 
2 
16 
7 
17 
10 
7 
8 
17 
10 
15 
32 
33 
39 
15 
24 
17 
5 
13 
0 
7 
8 
9 
10 
0 
16 
25 
26 
31 
16 
25 
10 
7 
8 
0 
13 
33 
2 
8 
24 
16 
41 
34 
15 
8 
22 
18 
31 
24 
33 
13 
7 
79 
8 
0 
8 
5 
18 
30 
13 
31 
24 
34 
30 
39 
48 
41 
5 
15 
32 
24 
9 
10 
2 
23 
23 
8 
26 
38 
34 
47 
32 
21 
9 
2 
2 
7 
7 
0 
18 
1 
18 
15 
16 
41 
50 
58 
23 
8 
24 
0 
16 
0 
7 
2 
6 
5 
10 
15 
0 
25 
34 
23 
15 
8 
17 
10 
10 
39 
16 
31 
15 
17 
10 
39 
40 
29 
17 
26 
23 
23 
32 
15 
39 
66 
22 
42 
23 
24 
9 
34 
47 
48 
21 
25 
42 
10 
125 
23 
8 
15 
81 
50 
10 
15 
24 
15 
16 
9 
21 
16 
36 
50 
71 
39 
24 
16 
13 
2 
18 
10 
6 
10 
34 
15 
23 
7 
31 
79 
33 
47 
40 
41 
34 
23 
0 
0 
0 
6 
13 
2 
0 
1 
34 
47 
32 
17 
10 
5 
7 
16 
29 
1 
13 
40 
16 
12 
10 
7 
48 
65 
55 
39 
24 
5 
21 
46 
85 
5 
7 
24 
25 
10 
8 
12 
18 
0 
9 
34 
48 
73 
34 
23 
8 
39 
22 
18 
2 
16 
0 
1 
101 
0 
81 
71 
65 
26 
7 
0 
25 
18 
0 
7 
2 
14 
2 
24 
11 
18 
23 
41 
2 
24 
49 
42 
7 
8 
30 
29 
32 
73 
74 
23 
0 
8 
87 
55 
54 
47 
41 
42 
48 
25 
26 
15 
0 
22 
21 
7 
6 
10 
32 
25 
31 
36 
18 
23 
8 
9 
18 
7 
8 
6 
13 
8 
15 
9 
15 
32 
25 
31 
32 
25 
34 
7 
16 
9 
13 
8 
7 
6 
18 
15 
40 
33 
34 
31 
24 
16 
21 
29 
37 
5 
8 
8 
8 
0 
0 
8 
5 
5 
1 
5 
21 
16 
23 
14 
0 
12 
10 
8 
1 
39 
33 
39 
41 
47 
48 
33 
26 
32 
15 
15 
6 
13 
16 
0 
16 
49 
34 
15 
8 
1 
2 
8 
7 
41 
79 
16 
46 
18 
15 
0 
1 
29 
56 
65 
18 
5 
32 
39 
1 
26 
40 
9 
18 
0 
9 
10 
23 
49 
18 
16 
7 
25 
13 
7 
24 
14 
23 
24 
14 
15 
48 
25 
31 
23 
8 
9 
2 
10 
0 
7 
0 
1 
18 
23 
32 
41 
42 
47 
23 
71 
47 
17 
5 
7 
7 
3 
2 
31 
32 
9 
23 
24 
33 
26 
0 
7 
13 
33 
26 
0 
8 
7 
7 
21 
9 
18 
26 
15 
55 
7 
33 
18 
23 
24 
9 
5 
2 
47 
40 
5 
9 
5 
10 
0 
7 
25 
26 
42 
47 
8 
63 
23 
9 
2 
16 
7 
17 
42 
31 
48 
33 
34 
15 
32 
15 
16 
17 
13 
8 
15 
24 
9 
5 
55 
24 
5 
1 
13 
23 
72 
73 
18 
77 
26 
5 
120 
7 
33 
10 
15 
32 
25 
42 
39 
24 
6 
2 
7 
24 
17 
26 
18 
0 
32 
55 
62 
26 
87 
41 
34 
15 
32 
33 
10 
24 
7 
16 
25 
34 
39 
23 
0 
47 
15 
1 
5 
23 
40 
33 
26 
26 
15 
16 
8 
5 
1 
5 
2 
7 
8 
0 
1 
26 
15 
16 
1 
18 
23 
16 
25 
26 
50 
26 
8 
48 
48 
31 
40 
33 
18 
23 
8 
73 
66 
15 
0 
23 
55 
13 
25 
26 
2 
24 
24 
16 
25 
23 
64 
34 
17 
58 
0 
8 
5 
9 
18 
0 
7 
16 
7 
86 
10 
15 
36 
10 
23 
41 
42 
39 
32 
1 
5 
0 
16 
47 
86 
2 
44 
74 
56 
41 
26 
7 
1 
2 
8 
0 
25 
34 
63 
0 
0 
18 
38 
10 
7 
1 
34 
31 
24 
41 
18 
23 
24 
16 
2 
30 
21 
15 
0 
0 
1 
26 
40 
33 
10 
7 
32 
16 
1 
10 
8 
0 
8 
1 
21 
16 
12 
10 
15 
17 
18 
40 
57 
39 
32 
8 
17 
69 
61 
23 
3 
61 
15 
1 
8 
49 
55 
33 
39 
49 
34 
23 
1 
13 
16 
15 
1 
10 
0 
1 
18 
63 
49 
34 
0 
7 
17 
26 
7 
8 
9 
26 
34 
39 
15 
55 
1 
2 
104 
28 
50 
56 
57 
55 
32 
49 
85 
5 
8 
55 
9 
23 
16 
17 
8 
9 
42 
76 
74 
23 
0 
9 
10 
0 
0 
18 
14 
85 
8 
28 
34 
63 
57 
42 
39 
15 
54 
34 
23 
25 
10 
10 
7 
16 
9 
5 
2 
15 
32 
17 
18 
31 
32 
16 
2 
1 
26 
34 
2 
16 
16 
15 
24 
8 
38 
10 
31 
40 
40 
25 
13 
2 
8 
15 
8 
22 
42 
63 
32 
9 
10 
10 
15 
16 
0 
21 
25 
34 
18 
31 
24 
7 
16 
15 
14 
21 
15 
32 
65 
10 
23 
32 
32 
38 
29 
15 
8 
16 
9 
5 
0 
0 
1 
10 
24 
33 
50 
31 
24 
54 
13 
23 
24 
25 
2 
8 
0 
9 
18 
7 
12 
10 
47 
52 
26 
31 
16 
55 
33 
10 
15 
7 
0 
9 
10 
15 
0 
1 
2 
24 
41 
42 
39 
64 
0 
10 
6 
5 
8 
24 
15 
23 
14 
18 
56 
41 
18 
39 
32 
25 
26 
23 
7 
8 
7 
15 
18 
6 
2 
0 
8 
17 
34 
8 
20 
26 
47 
32 
0 
1 
42 
42 
31 
31 
152 
184 
52 
74 
76 
42 
23 
4 
50 
55 
24 
1 
13 
5 
32 
31 
41 
58 
39 
8 
0 
6 
10 
15 
24 
29 
17 
10 
0 
8 
0 
8 
13 
9 
42 
23 
0 
79 
30 
74 
71 
56 
37 
9 
21 
77 
31 
24 
0 
1 
21 
8 
24 
49 
26 
32 
20 
66 
39 
0 
1 
2 
2 
7 
16 
0 
2 
1 
2 
15 
24 
25 
34 
23 
16 
8 
6 
2 
10 
39 
32 
7 
5 
9 
2 
32 
16 
33 
18 
8 
24 
33 
53 
8 
32 
41 
34 
39 
31 
8 
31 
7 
25 
50 
31 
24 
15 
54 
50 
63 
40 
15 
25 
26 
47 
48 
71 
47 
41 
26 
7 
12 
26 
47 
39 
40 
0 
18 
6 
18 
8 
0 
0 
8 
25 
2 
8 
24 
1 
37 
8 
52 
26 
55 
64 
5 
1 
10 
10 
7 
0 
7 
16 
13 
1 
10 
15 
40 
24 
9 
2 
0 
0 
0 
0 
1 
2 
10 
7 
8 
25 
50 
50 
39 
31 
0 
71 
7 
17 
10 
18 
39 
16 
40 
24 
42 
65 
42 
40 
32 
2 
110 
58 
88 
37 
14 
5 
0 
0 
33 
5 
13 
8 
9 
18 
23 
24 
48 
25 
10 
7 
0 
7 
5 
25 
42 
31 
24 
2 
22 
37 
80 
40 
41 
39 
48 
21 
17 
18 
16 
23 
9 
26 
5 
0 
0 
1 
42 
64 
49 
18 
18 
48 
39 
14 
53 
0 
41 
34 
80 
65 
18 
15 
8 
23 
134 
48 
17 
15 
89 
71 
84 
18 
2 
40 
8 
17 
2 
16 
7 
1 
23 
40 
53 
33 
42 
18 
8 
7 
0 
6 
5 
48 
31 
1 
31 
7 
56 
73 
82 
74 
15 
24 
32 
24 
7 
49 
45 
64 
15 
30 
24 
6 
18 
44 
42 
7 
25 
82 
80 
41 
29 
192 
22 
119 
81 
58 
17 
61 
69 
56 
88 
48 
24 
63 
48 
16 
24 
41 
5 
45 
64 
47 
62 
21 
16 
33 
71 
81 
58 
0 
29 
126 
45 
39 
12 
26 
55 
48 
33 
18 
8 
30 
104 
6 
31 
6 
39 
81 
44 
90 
24 
14 
32 
99 
229 
67 
71 
121 
68 
178 
79 
32 
49 
66 
7 
79 
12 
10 
16 
22 
29 
19 
2 
0 
6 
7 
25 
82 
119 
72 
88 
120 
24 
145 
45 
13 
15 
111 
23 
14 
37 
11 
16 
22 
19 
19 
22 
6 
2 
25 
20 
31 
33 
48 
33 
0 
41 
79 
73 
15 
107 
205 
12 
75 
34 
6 
12 
26 
44 
34 
12 
29 
54 
44 
2 
25 
84 
99 
66 
24 
126 
28 
10 
220 
79 
200 
232 
64 
1 
111 
256 
253 
42 
56 
22 
16 
33 
39 
65 
28 
53 
62 
74 
49 
25 
11 
66 
81 
79 
65 
90 
111 
120 
136 
128 
112 
67 
45 
108 
191 
144 
40 
128 
16 
9 
28 
13 
20 
55 
65 
95 
121 
106 
61 
77 
8 
39 
144 
16 
127 
23 
64 
40 
67 
29 
100 
34 
11 
24 
6 
32 
38 
48 
38 
11 
2 
19 
82 
152 
165 
125 
77 
26 
69 
85 
183 
103 
62 
160 
86 
50 
33 
33 
27 
18 
28 
115 
147 
138 
159 
120 
39 
25 
58 
39 
33 
28 
69 
19 
13 
16 
30 
64 
46 
43 
34 
132 
122 
103 
88 
40 
15 
39 
46 
16 
23 
22 
10 
42 
30 
29 
88 
8 
6 
112 
203 
35 
29 
57 
116 
32 
17 
82 
119 
32 
105 
170 
278 
117 
47 
3 
189 
67 
60 
148 
255 
457 
382 
44 
60 
165 
102 
123 
107 
82 
36 
90 
63 
47 
87 
65 
82 
87 
95 
86 
42 
54 
27 
22 
93 
74 
1 
6 
36 
84 
67 
10 
14 
86 
162 
185 
178 
111 
87 
63 
58 
54 
45 
21 
18 
70 
61 
56 
63 
70 
16 
8 
7 
18 
22 
5 
0 
28 
34 
60 
67 
43 
2 
6 
11 
2 
31 
72 
72 
184 
248 
7 
217 
276 
98 
0 
105 
103 
97 
69 
192 
155 
173 
190 
46 
18 
22 
30 
38 
58 
113 
164 
170 
184 
157 
104 
48 
23 
46 
21 
0 
121 
143 
31 
95 
103 
238 
244 
9 
51 
26 
59 
68 
105 
129 
124 
106 
96 
109 
117 
117 
61 
10 
58 
126 
141 
70 
35 
28 
45 
62 
1 
14 
9 
33 
41 
52 
31 
32 
57 
82 
111 
151 
159 
95 
57 
242 
54 
37 
153 
95 
17 
56 
79 
174 
76 
77 
174 
156 
172 
53 
115 
110 
166 
122 
129 
72 
158 
59 
13 
43 
13 
169 
140 
63 
49 
2 
24 
39 
80 
16 
103 
80 
83 
77 
27 
11 
12 
28 
36 
11 
98 
132 
82 
36 
34 
1 
47 
81 
82 
130 
142 
93 
15 
33 
74 
154 
2 
70 
5 
88 
222 
172 
3 
5 
4 
23 
89 
58 
34 
88 
158 
139 
98 
383 
286 
195 
194 
153 
91 
34 
155 
47 
197 
109 
56 
38 
69 
40 
111 
94 
101 
51 
2 
57 
63 
105 
114 
95 
39 
7 
56 
56 
9 
85 
99 
40 
30 
67 
21 
76 
66 
40 
78 
75 
2 
35 
52 
89 
200 
237 
147 
19 
13 
70 
170 
21 
90 
114 
63 
95 
143 
126 
63 
257 
263 
8 
33 
12 
21 
62 
24 
185 
210 
110 
69 
56 
70 
87 
297 
10 
80 
136 
24 
90 
5 
134 
101 
56 
158 
11 
50 
72 
85 
61 
72 
150 
147 
123 
68 
12 
42 
152 
173 
221 
221 
112 
118 
20 
36 
3 
35 
28 
36 
28 
60 
135 
128 
93 
101 
26 
50 
113 
159 
124 
50 
7 
160 
119 
33 
215 
168 
89 
26 
47 
150 
48 
23 
15 
56 
8 
87 
40 
32 
56 
7 
1 
42 
252 
282 
76 
66 
92 
12 
219 
258 
287 
303 
190 
112 
78 
147 
93 
51 
117 
51 
26 
103 
296 
403 
227 
82 
41 
47 
96 
95 
1 
39 
46 
196 
224 
309 
366 
266 
324 
354 
143 
95 
238 
163 
53 
41 
4 
35 
34 
40 
22 
42 
116 
26 
39 
46 
75 
348 
342 
89 
33 
113 
45 
105 
222 
29 
14 
108 
93 
67 
120 
54 
98 
159 
94 
5 
11 
42 
44 
66 
56 
151 
86 
21 
8 
8 
79 
15 
130 
286 
301 
123 
66 
116 
186 
182 
122 
319 
167 
239 
95 
280 
219 
20 
44 
44 
35 
34 
185 
359 
219 
5 
257 
290 
287 
222 
148 
196 
135 
7 
248 
232 
19 
249 
353 
18 
77 
5 
53 
97 
110 
101 
149 
211 
196 
116 
123 
5 
99 
260 
105 
57 
114 
168 
149 
168 
214 
266 
289 
279 
192 
18 
158 
125 
110 
162 
256 
32 
56 
166 
240 
214 
226 
297 
183 
152 
151 
270 
289 
273 
223 
231 
48 
349 
202 
193 
136 
171 
26 
24 
38 
15 
33 
162 
248 
192 
147 
26 
145 
183 
200 
147 
93 
78 
83 
74 
236 
162 
151 
105 
42 
0 
1 
13 
264 
270 
254 
234 
392 
208 
191 
272 
219 
145 
81 
141 
46 
47 
45 
293 
187 
204 
2 
177 
158 
221 
211 
90 
108 
321 
24 
198 
141 
123 
76 
63 
145 
133 
237 
75 
194 
11 
59 
41 
185 
81 
75 
91 
282 
296 
221 
107 
138 
68 
20 
79 
165 
133 
64 
28 
5 
91 
207 
200 
208 
310 
306 
201 
84 
317 
158 
221 
86 
11 
24 
41 
90 
106 
214 
312 
270 
170 
144 
173 
104 
30 
55 
112 
128 
214 
258 
339 
385 
352 
333 
403 
308 
143 
5 
329 
278 
314 
475 
556 
415 
96 
134 
172 
143 
120 
280 
414 
418 
304 
341 
160 
31 
217 
422 
284 
292 
262 
237 
386 
281 
135 
103 
207 
182 
76 
52 
60 
43 
21 
79 
232 
317 
229 
48 
177 
34 
7 
111 
54 
15 
121 
200 
46 
148 
220 
175 
377 
599 
84 
209 
257 
343 
414 
420 
385 
345 
300 
203 
66 
11 
108 
209 
268 
354 
326 
200 
110 
32 
9 
26 
79 
135 
176 
32 
7 
47 
79 
63 
15 
40 
128 
167 
270 
327 
389 
403 
32 
208 
200 
71 
54 
6 
34 
64 
77 
125 
115 
244 
329 
233 
85 
65 
156 
146 
128 
208 
288 
262 
122 
70 
92 
68 
20 
165 
61 
242 
278 
133 
44 
10 
64 
51 
130 
143 
271 
455 
390 
131 
43 
66 
118 
239 
201 
351 
155 
5 
38 
94 
110 
54 
16 
125 
172 
228 
263 
184 
265 
242 
183 
104 
110 
444 
364 
302 
157 
36 
6 
65 
73 
44 
25 
22 
14 
117 
229 
243 
210 
191 
168 
216 
149 
14 
219 
0 
22 
3 
4 
28 
15 
16 
48 
96 
275 
345 
373 
349 
5 
150 
173 
184 
163 
188 
216 
100 
49 
144 
21 
245 
157 
296 
190 
135 
24 
88 
179 
340 
444 
254 
50 
111 
200 
24 
109 
160 
198 
187 
140 
155 
154 
28 
36 
46 
98 
121 
33 
16 
23 
16 
377 
686 
320 
24 
89 
113 
89 
57 
73 
166 
189 
171 
83 
19 
50 
62 
195 
219 
210 
174 
93 
14 
225 
88 
54 
97 
133 
298 
229 
213 
100 
53 
32 
24 
104 
90 
141 
229 
398 
362 
460 
322 
288 
120 
430 
660 
390 
308 
287 
59 
13 
46 
20 
146 
126 
7 
121 
271 
191 
38 
64 
135 
144 
190 
207 
17 
23 
24 
6 
52 
81 
73 
39 
6 
85 
60 
114 
129 
156 
79 
158 
4 
15 
174 
132 
57 
25 
4 
60 
84 
175 
240 
191 
114 
58 
16 
1 
7 
54 
75 
109 
293 
352 
156 
1 
62 
220 
321 
321 
382 
395 
251 
29 
107 
61 
17 
154 
385 
470 
172 
7 
40 
6 
29 
75 
116 
111 
56 
9 
53 
16 
25 
92 
143 
113 
106 
38 
93 
0 
125 
229 
96 
112 
57 
119 
96 
16 
175 
158 
268 
172 
88 
55 
32 
72 
83 
149 
23 
128 
163 
268 
334 
349 
294 
243 
118 
38 
28 
167 
289 
598 
465 
384 
152 
217 
266 
158 
244 
79 
231 
283 
221 
230 
134 
17 
107 
56 
17 
66 
146 
158 
168 
342 
179 
226 
359 
168 
166 
263 
305 
314 
279 
222 
168 
118 
56 
73 
110 
313 
345 
247 
155 
125 
132 
278 
1 
526 
533 
355 
216 
71 
11 
73 
169 
147 
14 
119 
187 
195 
207 
265 
195 
97 
145 
92 
111 
137 
183 
231 
134 
298 
368 
239 
149 
117 
154 
335 
382 
396 
372 
260 
88 
81 
167 
247 
262 
252 
225 
92 
123 
41 
30 
48 
104 
193 
270 
317 
243 
188 
124 
19 
231 
117 
205 
139 
11 
59 
149 
27 
3 
45 
122 
129 
132 
154 
31 
79 
182 
218 
240 
240 
262 
267 
250 
209 
105 
12 
14 
58 
137 
192 
309 
413 
371 
159 
113 
106 
39 
75 
228 
279 
259 
293 
342 
354 
257 
132 
1 
57 
152 
221 
453 
259 
340 
383 
277 
140 
42 
272 
331 
343 
243 
148 
133 
23 
37 
26 
104 
136 
131 
117 
38 
20 
130 
55 
7 
34 
33 
26 
85 
165 
15 
80 
115 
141 
46 
92 
215 
337 
318 
161 
166 
83 
109 
59 
53 
7 
14 
12 
57 
227 
273 
249 
189 
78 
87 
128 
40 
17 
50 
79 
90 
194 
98 
88 
177 
91 
2 
62 
115 
82 
251 
305 
249 
192 
73 
99 
199 
169 
167 
240 
312 
331 
268 
87 
107 
276 
257 
204 
130 
164 
130 
116 
31 
182 
83 
28 
13 
45 
149 
223 
217 
183 
97 
44 
19 
4 
61 
17 
165 
242 
273 
335 
195 
26 
101 
30 
111 
217 
215 
96 
38 
213 
267 
259 
210 
232 
185 
78 
2 
32 
75 
100 
36 
4 
0 
177 
150 
124 
61 
33 
32 
38 
55 
95 
79 
134 
197 
206 
155 
182 
58 
150 
170 
145 
127 
159 
198 
172 
121 
236 
75 
0 
72 
128 
158 
168 
222 
414 
302 
211 
116 
37 
44 
82 
96 
169 
114 
71 
49 
18 
15 
25 
34 
7 
86 
116 
105 
101 
98 
81 
73 
68 
52 
43 
12 
107 
146 
167 
176 
191 
182 
92 
61 
30 
111 
168 
179 
260 
236 
231 
193 
187 
130 
52 
52 
132 
257 
240 
177 
198 
221 
145 
98 
96 
109 
129 
106 
103 
111 
189 
141 
8 
30 
99 
54 
242 
88 
50 
45 
48 
80 
136 
48 
32 
151 
78 
98 
248 
157 
29 
24 
16 
80 
41 
74 
71 
71 
8 
47 
62 
125 
93 
31 
192 
235 
181 
86 
68 
2 
103 
107 
85 
94 
35 
46 
45 
54 
75 
72 
70 
113 
98 
94 
29 
50 
84 
93 
331 
260 
24 
199 
254 
136 
6 
71 
112 
229 
240 
17 
91 
2 
70 
26 
73 
44 
82 
30 
35 
98 
205 
220 
188 
223 
201 
115 
17 
49 
95 
160 
211 
181 
83 
21 
80 
85 
88 
66 
30 
37 
69 
93 
88 
14 
34 
63 
63 
19 
101 
139 
124 
41 
70 
78 
50 
65 
55 
56 
120 
37 
6 
49 
66 
82 
82 
66 
42 
33 
45 
227 
298 
175 
13 
85 
92 
193 
257 
310 
361 
273 
108 
83 
70 
36 
74 
39 
183 
79 
96 
48 
31 
111 
254 
293 
230 
114 
73 
58 
168 
193 
222 
261 
243 
236 
209 
105 
6 
50 
105 
176 
213 
197 
112 
88 
35 
21 
0 
81 
135 
120 
88 
72 
41 
13 
16 
8 
16 
24 
7 
32 
64 
87 
78 
23 
44 
2 
23 
47 
96 
72 
18 
2 
89 
94 
69 
48 
63 
70 
149 
134 
51 
19 
186 
359 
184 
148 
21 
123 
101 
32 
96 
197 
129 
5 
179 
236 
155 
18 
11 
66 
2 
113 
182 
181 
155 
20 
18 
75 
109 
64 
10 
45 
173 
152 
43 
80 
54 
17 
60 
60 
42 
20 
13 
15 
64 
40 
8 
9 
5 
96 
103 
9 
63 
33 
51 
34 
9 
39 
89 
150 
112 
94 
32 
8 
47 
54 
67 
59 
120 
13 
69 
44 
3 
42 
24 
47 
48 
79 
146 
98 
106 
82 
14 
21 
33 
45 
96 
134 
244 
261 
158 
60 
154 
0 
64 
23 
116 
98 
143 
181 
153 
170 
130 
117 
125 
8 
57 
32 
118 
171 
69 
27 
26 
38 
85 
147 
133 
135 
118 
77 
21 
47 
111 
151 
110 
53 
11 
13 
27 
15 
23 
6 
106 
183 
152 
95 
11 
77 
19 
58 
66 
94 
117 
83 
13 
68 
4 
133 
102 
14 
64 
17 
43 
67 
178 
225 
270 
295 
233 
138 
15 
70 
108 
209 
212 
274 
382 
291 
90 
33 
37 
75 
69 
71 
250 
340 
353 
303 
233 
186 
124 
100 
44 
26 
185 
282 
239 
190 
189 
70 
35 
27 
3 
29 
56 
17 
90 
120 
169 
170 
119 
88 
35 
13 
0 
56 
21 
95 
95 
56 
232 
143 
62 
15 
9 
36 
84 
51 
26 
16 
90 
158 
30 
237 
190 
99 
19 
53 
24 
10 
90 
44 
45 
86 
198 
274 
257 
147 
60 
98 
153 
191 
169 
186 
154 
118 
85 
45 
16 
7 
71 
110 
69 
31 
34 
10 
7 
8 
39 
64 
16 
62 
107 
127 
124 
106 
33 
42 
113 
146 
138 
206 
212 
173 
142 
110 
38 
12 
74 
127 
127 
118 
112 
70 
4 
26 
3 
5 
55 
111 
150 
132 
29 
56 
21 
50 
34 
2 
0 
23 
84 
122 
135 
15 
159 
167 
95 
8 
32 
71 
203 
229 
59 
19 
102 
130 
113 
139 
18 
123 
157 
6 
23 
25 
58 
56 
81 
98 
104 
88 
40 
15 
150 
69 
27 
19 
26 
12 
26 
44 
50 
90 
110 
52 
18 
7 
87 
63 
22 
24 
86 
3 
71 
80 
49 
42 
90 
86 
93 
56 
30 
13 
7 
31 
0 
28 
18 
15 
41 
18 
18 
7 
73 
26 
34 
0 
7 
6 
18 
26 
7 
15 
14 
24 
11 
2 
16 
25 
47 
47 
16 
6 
53 
96 
110 
67 
12 
66 
151 
143 
150 
168 
139 
53 
48 
55 
22 
58 
82 
119 
119 
111 
54 
5 
15 
32 
37 
10 
47 
39 
97 
143 
33 
15 
1 
36 
29 
67 
2 
44 
26 
31 
40 
9 
8 
0 
6 
21 
32 
4 
2 
24 
26 
25 
98 
55 
0 
17 
58 
66 
58 
42 
13 
58 
86 
69 
16 
27 
13 
23 
40 
64 
112 
139 
132 
180 
175 
116 
11 
113 
255 
280 
294 
228 
133 
80 
46 
18 
55 
80 
120 
160 
151 
22 
39 
32 
9 
15 
0 
118 
80 
88 
105 
90 
106 
78 
93 
85 
61 
29 
2 
5 
42 
143 
239 
222 
29 
81 
100 
122 
128 
120 
120 
96 
15 
72 
88 
123 
141 
131 
52 
27 
90 
73 
68 
30 
2 
2 
34 
80 
85 
85 
71 
70 
69 
56 
0 
10 
21 
41 
70 
85 
48 
48 
128 
91 
53 
24 
16 
32 
16 
19 
21 
51 
80 
46 
29 
39 
9 
58 
112 
113 
159 
40 
158 
216 
44 
146 
118 
21 
24 
16 
34 
106 
58 
10 
21 
48 
80 
86 
45 
27 
34 
41 
63 
33 
18 
24 
49 
50 
21 
48 
7 
39 
24 
7 
30 
45 
0 
25 
50 
95 
96 
49 
0 
19 
45 
16 
24 
21 
21 
2 
32 
32 
7 
0 
15 
24 
40 
63 
14 
15 
33 
34 
80 
57 
26 
0 
11 
37 
86 
84 
18 
49 
60 
98 
90 
58 
54 
61 
21 
5 
29 
16 
8 
13 
21 
29 
29 
16 
0 
9 
34 
31 
24 
0 
1 
2 
15 
24 
8 
23 
22 
2 
0 
4 
10 
28 
58 
39 
16 
2 
21 
29 
77 
64 
40 
24 
7 
47 
166 
101 
31 
89 
71 
25 
13 
16 
84 
42 
32 
55 
94 
52 
13 
9 
36 
31 
25 
71 
81 
58 
55 
32 
9 
26 
47 
40 
24 
0 
7 
23 
1 
5 
5 
8 
4 
5 
0 
25 
58 
74 
62 
53 
16 
15 
31 
23 
39 
6 
13 
7 
23 
25 
42 
55 
0 
0 
22 
37 
67 
56 
14 
23 
56 
65 
34 
42 
31 
41 
66 
55 
39 
24 
23 
55 
22 
10 
8 
27 
77 
20 
18 
40 
33 
39 
32 
25 
66 
31 
15 
32 
17 
2 
31 
38 
8 
72 
96 
39 
34 
14 
5 
21 
37 
29 
14 
21 
5 
10 
45 
56 
72 
87 
14 
71 
9 
5 
14 
19 
82 
96 
57 
31 
16 
22 
34 
47 
0 
22 
45 
91 
53 
9 
55 
69 
73 
82 
50 
74 
58 
22 
34 
74 
14 
13 
0 
32 
1 
13 
23 
6 
5 
7 
9 
39 
24 
25 
42 
55 
24 
0 
8 
33 
18 
13 
64 
19 
29 
15 
9 
63 
81 
66 
50 
42 
10 
18 
0 
7 
8 
7 
22 
29 
24 
7 
1 
15 
16 
9 
0 
12 
10 
31 
17 
18 
7 
8 
46 
56 
17 
71 
80 
65 
42 
7 
23 
1 
18 
23 
0 
6 
2 
15 
8 
2 
30 
10 
40 
25 
2 
23 
41 
74 
42 
50 
42 
1 
30 
29 
21 
40 
22 
2 
7 
4 
13 
15 
25 
18 
32 
65 
66 
74 
18 
0 
0 
0 
22 
2 
31 
15 
63 
31 
17 
50 
66 
55 
23 
15 
0 
0 
0 
5 
6 
10 
0 
15 
1 
10 
23 
45 
73 
82 
42 
21 
53 
53 
45 
48 
8 
17 
10 
4 
2 
7 
41 
47 
49 
42 
31 
32 
29 
25 
18 
10 
2 
5 
8 
16 
7 
1 
26 
34 
15 
16 
0 
13 
25 
10 
10 
2 
8 
15 
7 
9 
15 
7 
17 
71 
64 
0 
10 
41 
26 
7 
23 
15 
0 
7 
2 
6 
13 
13 
40 
4 
18 
31 
40 
45 
45 
53 
61 
53 
56 
47 
30 
29 
32 
30 
40 
9 
0 
6 
8 
11 
21 
4 
10 
15 
20 
2 
0 
3 
21 
24 
14 
21 
8 
6 
13 
24 
31 
6 
5 
5 
0 
7 
6 
2 
23 
24 
16 
21 
2 
26 
2 
34 
42 
38 
37 
8 
24 
23 
2 
17 
5 
7 
23 
16 
8 
7 
23 
39 
39 
31 
26 
22 
5 
18 
7 
16 
16 
7 
8 
16 
24 
8 
15 
7 
9 
5 
31 
64 
72 
61 
45 
29 
8 
15 
32 
24 
32 
24 
24 
24 
16 
33 
66 
66 
50 
42 
38 
29 
29 
24 
32 
45 
17 
18 
42 
46 
18 
23 
24 
41 
26 
34 
46 
37 
21 
5 
16 
16 
7 
8 
16 
8 
0 
8 
16 
24 
32 
37 
29 
13 
16 
16 
23 
0 
8 
21 
13 
13 
16 
16 
8 
17 
26 
23 
31 
31 
15 
23 
31 
7 
0 
5 
5 
21 
5 
2 
7 
16 
16 
41 
50 
34 
7 
0 
7 
0 
7 
7 
24 
7 
32 
24 
0 
39 
10 
1 
26 
23 
23 
24 
21 
37 
45 
33 
2 
13 
21 
2 
10 
8 
0 
16 
29 
37 
1 
10 
10 
7 
7 
8 
0 
5 
1 
5 
8 
15 
24 
33 
34 
23 
24 
24 
21 
21 
21 
24 
24 
16 
15 
8 
0 
8 
8 
8 
13 
17 
18 
31 
23 
23 
0 
0 
0 
0 
8 
0 
7 
0 
7 
15 
32 
37 
37 
53 
21 
13 
2 
2 
10 
18 
10 
14 
29 
16 
7 
14 
0 
9 
23 
25 
31 
36 
2 
0 
4 
29 
48 
38 
8 
9 
51 
50 
4 
26 
84 
66 
56 
25 
0 
7 
22 
21 
24 
14 
2 
16 
25 
15 
1 
15 
25 
42 
28 
18 
7 
0 
1 
31 
24 
9 
10 
15 
1 
13 
0 
9 
18 
32 
25 
34 
23 
32 
33 
18 
2 
16 
0 
8 
1 
21 
0 
16 
9 
18 
32 
33 
34 
23 
15 
0 
1 
5 
7 
8 
0 
2 
6 
2 
7 
20 
18 
31 
24 
17 
26 
39 
39 
24 
8 
0 
0 
23 
22 
37 
32 
4 
10 
39 
33 
31 
32 
33 
42 
31 
15 
7 
0 
7 
15 
10 
1 
10 
58 
87 
79 
47 
39 
23 
30 
21 
16 
12 
26 
7 
15 
6 
2 
8 
23 
23 
38 
45 
40 
14 
13 
7 
22 
13 
0 
9 
18 
0 
5 
1 
18 
7 
0 
15 
16 
7 
7 
40 
24 
16 
0 
7 
7 
15 
15 
26 
14 
10 
23 
40 
40 
32 
45 
21 
29 
21 
13 
6 
13 
21 
32 
31 
22 
5 
0 
9 
26 
40 
41 
34 
31 
31 
8 
5 
17 
2 
8 
16 
15 
14 
5 
7 
20 
34 
4 
10 
15 
33 
26 
24 
32 
33 
18 
18 
5 
7 
0 
4 
5 
8 
4 
10 
31 
25 
10 
10 
15 
16 
5 
6 
13 
0 
6 
5 
12 
10 
31 
41 
39 
32 
33 
18 
15 
8 
7 
14 
13 
5 
0 
6 
13 
16 
1 
23 
52 
34 
23 
17 
18 
8 
17 
2 
15 
20 
10 
15 
16 
17 
10 
0 
4 
2 
31 
32 
33 
10 
10 
7 
8 
15 
22 
21 
0 
1 
7 
17 
34 
44 
42 
15 
7 
9 
39 
32 
17 
2 
8 
8 
1 
5 
24 
3 
10 
7 
33 
42 
32 
33 
18 
0 
0 
9 
10 
2 
0 
7 
6 
0 
12 
34 
31 
41 
26 
23 
8 
1 
2 
15 
16 
17 
2 
24 
23 
6 
7 
9 
18 
36 
26 
23 
25 
18 
15 
8 
9 
5 
8 
16 
17 
10 
16 
3 
2 
20 
34 
39 
64 
57 
50 
26 
2 
13 
8 
0 
7 
22 
29 
8 
20 
26 
31 
40 
53 
33 
18 
2 
10 
7 
7 
7 
23 
22 
5 
7 
16 
9 
10 
32 
41 
34 
23 
7 
16 
9 
2 
8 
7 
15 
22 
8 
8 
9 
31 
40 
49 
50 
18 
23 
31 
15 
8 
0 
0 
16 
5 
6 
21 
16 
0 
6 
2 
16 
25 
34 
23 
24 
33 
34 
2 
8 
23 
31 
6 
2 
0 
6 
18 
32 
49 
47 
40 
9 
10 
18 
7 
8 
10 
38 
37 
7 
6 
7 
28 
34 
39 
49 
26 
39 
40 
33 
18 
8 
16 
7 
7 
14 
29 
0 
36 
42 
23 
40 
56 
45 
48 
40 
8 
7 
15 
18 
5 
9 
2 
2 
6 
5 
18 
39 
39 
32 
24 
24 
0 
0 
0 
0 
0 
16 
8 
23 
15 
6 
7 
16 
33 
34 
0 
16 
25 
10 
0 
16 
7 
1 
2 
0 
14 
2 
20 
18 
23 
25 
31 
28 
18 
7 
4 
18 
7 
12 
13 
16 
0 
6 
0 
9 
23 
49 
50 
39 
32 
29 
17 
10 
7 
8 
15 
6 
8 
23 
38 
0 
36 
66 
64 
65 
58 
31 
0 
7 
23 
18 
14 
13 
16 
14 
13 
28 
18 
31 
17 
26 
39 
32 
25 
18 
0 
8 
9 
5 
16 
15 
22 
8 
4 
10 
20 
42 
48 
25 
15 
20 
10 
7 
8 
1 
8 
8 
1 
0 
0 
1 
26 
24 
25 
34 
24 
41 
18 
0 
0 
17 
18 
7 
0 
38 
21 
0 
1 
7 
20 
42 
48 
33 
26 
15 
0 
1 
2 
0 
0 
6 
5 
0 
1 
15 
17 
34 
40 
25 
18 
15 
17 
2 
8 
0 
6 
2 
0 
8 
9 
23 
44 
34 
31 
16 
9 
18 
23 
8 
8 
1 
5 
0 
0 
0 
22 
0 
12 
10 
28 
18 
32 
33 
23 
24 
5 
9 
18 
7 
0 
8 
9 
2 
0 
8 
17 
42 
63 
40 
16 
21 
25 
5 
13 
5 
24 
7 
6 
21 
16 
25 
58 
48 
33 
26 
7 
24 
24 
13 
1 
5 
5 
16 
15 
14 
37 
11 
2 
28 
34 
40 
41 
47 
48 
33 
2 
7 
8 
14 
21 
24 
22 
8 
28 
34 
12 
18 
39 
41 
18 
7 
8 
9 
10 
8 
23 
14 
16 
22 
24 
6 
28 
50 
60 
58 
32 
53 
33 
26 
10 
7 
0 
0 
14 
21 
23 
14 
0 
25 
31 
25 
23 
25 
18 
15 
12 
26 
7 
0 
6 
5 
8 
0 
1 
0 
9 
34 
40 
25 
0 
24 
41 
39 
32 
17 
13 
5 
48 
38 
24 
6 
7 
25 
55 
72 
64 
61 
53 
37 
24 
16 
16 
7 
8 
16 
24 
0 
0 
21 
25 
34 
34 
18 
10 
2 
13 
2 
2 
5 
5 
16 
16 
0 
8 
17 
10 
31 
31 
16 
9 
2 
8 
7 
6 
0 
15 
9 
2 
7 
23 
24 
33 
50 
39 
32 
29 
33 
10 
2 
7 
0 
23 
8 
15 
38 
21 
7 
28 
34 
31 
40 
33 
10 
10 
0 
8 
0 
0 
14 
21 
24 
0 
17 
7 
20 
10 
23 
41 
34 
31 
41 
42 
15 
0 
7 
14 
21 
16 
15 
14 
7 
52 
50 
31 
28 
26 
15 
8 
9 
5 
8 
0 
9 
2 
8 
3 
10 
31 
33 
26 
32 
33 
26 
23 
16 
0 
9 
18 
0 
15 
6 
2 
2 
7 
24 
17 
34 
47 
39 
24 
24 
5 
5 
1 
5 
16 
8 
7 
6 
13 
0 
20 
18 
24 
17 
18 
16 
17 
2 
7 
23 
24 
17 
10 
16 
19 
21 
8 
6 
23 
52 
34 
39 
40 
25 
26 
15 
8 
0 
6 
13 
2 
7 
9 
10 
7 
36 
34 
23 
24 
16 
25 
10 
10 
8 
8 
8 
5 
1 
13 
8 
24 
41 
42 
47 
24 
6 
10 
15 
8 
2 
6 
13 
16 
0 
7 
9 
26 
15 
24 
25 
50 
47 
32 
40 
24 
21 
29 
29 
29 
40 
24 
15 
14 
13 
15 
30 
21 
11 
13 
16 
6 
8 
1 
5 
7 
17 
5 
2 
8 
16 
16 
16 
31 
38 
29 
40 
30 
29 
3 
2 
23 
32 
29 
21 
17 
5 
29 
40 
39 
46 
53 
7 
24 
9 
10 
10 
7 
15 
15 
40 
29 
37 
45 
37 
29 
24 
32 
8 
1 
5 
16 
8 
0 
1 
10 
15 
7 
16 
8 
0 
24 
37 
56 
64 
67 
85 
67 
52 
37 
22 
4 
10 
24 
49 
47 
16 
2 
6 
21 
29 
40 
15 
1 
15 
8 
6 
5 
7 
24 
21 
17 
2 
5 
13 
21 
29 
37 
37 
21 
13 
5 
2 
2 
10 
18 
5 
2 
2 
14 
2 
34 
55 
63 
56 
24 
31 
15 
0 
5 
21 
9 
18 
18 
18 
14 
10 
15 
31 
32 
33 
34 
26 
23 
23 
0 
18 
2 
6 
10 
2 
6 
5 
2 
7 
7 
32 
45 
33 
18 
26 
26 
10 
2 
5 
21 
5 
13 
24 
16 
15 
9 
34 
39 
40 
41 
26 
18 
10 
2 
8 
0 
0 
7 
7 
1 
2 
23 
23 
40 
53 
45 
37 
29 
13 
5 
5 
10 
22 
37 
32 
15 
22 
8 
6 
18 
56 
77 
77 
53 
37 
40 
24 
7 
0 
24 
16 
24 
32 
23 
1 
10 
23 
32 
17 
18 
7 
8 
8 
1 
13 
0 
0 
14 
21 
16 
9 
23 
33 
34 
48 
49 
34 
26 
7 
7 
16 
8 
1 
21 
21 
15 
14 
0 
12 
2 
44 
42 
23 
28 
26 
18 
23 
24 
16 
14 
2 
0 
0 
1 
18 
23 
48 
53 
33 
10 
18 
18 
7 
0 
15 
7 
38 
45 
43 
37 
46 
35 
4 
27 
58 
88 
97 
98 
78 
53 
64 
54 
37 
8 
8 
16 
24 
24 
7 
7 
17 
18 
15 
0 
7 
7 
10 
14 
5 
24 
7 
6 
8 
15 
9 
31 
33 
42 
32 
9 
7 
16 
17 
10 
0 
16 
17 
2 
0 
0 
17 
26 
39 
48 
25 
34 
23 
15 
8 
0 
8 
5 
5 
21 
9 
2 
10 
0 
0 
6 
2 
16 
14 
24 
6 
15 
24 
17 
18 
18 
39 
39 
23 
16 
24 
33 
34 
23 
8 
14 
18 
31 
16 
16 
24 
7 
7 
10 
2 
2 
18 
26 
15 
7 
15 
16 
8 
0 
14 
21 
8 
8 
0 
10 
9 
2 
10 
16 
9 
0 
36 
34 
39 
24 
29 
29 
29 
21 
21 
2 
2 
6 
5 
16 
7 
14 
0 
20 
10 
8 
17 
26 
15 
0 
5 
17 
18 
10 
7 
4 
18 
7 
9 
31 
32 
1 
0 
16 
1 
5 
8 
6 
13 
8 
6 
10 
32 
41 
50 
55 
72 
61 
45 
37 
29 
16 
8 
0 
15 
23 
26 
30 
37 
32 
6 
18 
24 
33 
39 
32 
49 
42 
26 
23 
7 
15 
7 
8 
16 
24 
0 
17 
18 
7 
32 
41 
26 
7 
0 
0 
1 
29 
16 
16 
17 
10 
15 
24 
25 
26 
50 
31 
24 
16 
6 
2 
8 
15 
22 
21 
7 
5 
1 
34 
63 
79 
71 
55 
50 
54 
37 
16 
0 
16 
37 
21 
40 
48 
31 
22 
8 
8 
25 
34 
47 
47 
40 
24 
16 
2 
5 
6 
13 
13 
8 
16 
8 
17 
31 
24 
33 
34 
23 
8 
5 
17 
5 
8 
0 
1 
13 
5 
8 
1 
2 
15 
41 
42 
47 
40 
25 
26 
26 
18 
7 
0 
0 
8 
8 
15 
14 
2 
15 
25 
18 
23 
32 
9 
10 
0 
0 
2 
6 
13 
0 
16 
17 
18 
15 
25 
34 
31 
32 
21 
9 
26 
7 
32 
31 
14 
2 
7 
20 
10 
7 
36 
18 
23 
12 
5 
12 
13 
15 
30 
16 
9 
7 
25 
26 
39 
56 
65 
74 
74 
66 
42 
42 
38 
5 
18 
15 
23 
31 
39 
31 
22 
13 
0 
16 
1 
31 
32 
17 
18 
0 
15 
8 
9 
5 
16 
19 
21 
8 
1 
7 
25 
39 
60 
34 
31 
40 
29 
17 
2 
7 
8 
0 
14 
5 
16 
4 
10 
23 
28 
34 
31 
32 
21 
1 
10 
7 
0 
7 
15 
22 
2 
0 
9 
18 
32 
33 
42 
31 
16 
9 
10 
7 
0 
15 
30 
21 
16 
22 
8 
6 
20 
34 
41 
58 
64 
80 
80 
63 
30 
21 
24 
8 
0 
16 
16 
24 
16 
15 
1 
5 
2 
15 
24 
8 
16 
21 
5 
2 
18 
9 
18 
18 
15 
8 
17 
34 
39 
24 
5 
9 
2 
8 
8 
15 
30 
13 
7 
28 
18 
15 
25 
50 
63 
56 
29 
5 
9 
2 
13 
5 
5 
8 
8 
15 
22 
2 
23 
1 
39 
104 
81 
50 
26 
2 
29 
13 
10 
5 
21 
13 
0 
15 
16 
16 
