31 
28 
25 
14 
8 
16 
31 
44 
28 
17 
3 
20 
20 
1 
16 
0 
7 
7 
14 
13 
10 
16 
34 
33 
41 
30 
33 
28 
16 
15 
7 
0 
5 
7 
19 
28 
7 
2 
1 
15 
23 
41 
28 
26 
25 
10 
21 
19 
12 
2 
4 
14 
13 
19 
26 
29 
40 
40 
37 
31 
28 
12 
8 
5 
21 
19 
2 
10 
8 
7 
0 
25 
35 
40 
37 
32 
38 
34 
14 
1 
13 
39 
50 
60 
54 
47 
8 
13 
38 
58 
77 
107 
103 
83 
66 
31 
23 
1 
21 
35 
27 
5 
7 
10 
12 
2 
21 
35 
32 
25 
15 
0 
8 
1 
7 
14 
20 
13 
10 
7 
6 
7 
21 
36 
42 
27 
32 
35 
24 
20 
5 
3 
3 
0 
7 
16 
1 
9 
0 
1 
14 
5 
6 
10 
14 
18 
25 
36 
36 
37 
21 
37 
27 
31 
31 
32 
32 
28 
24 
6 
7 
2 
9 
12 
24 
31 
31 
22 
9 
5 
8 
31 
36 
47 
50 
32 
37 
27 
3 
3 
31 
38 
25 
40 
48 
58 
17 
1 
32 
52 
72 
95 
100 
88 
73 
50 
44 
11 
1 
27 
31 
20 
23 
19 
14 
5 
9 
10 
13 
2 
5 
20 
8 
7 
0 
15 
8 
3 
6 
2 
0 
26 
38 
29 
37 
16 
38 
29 
31 
12 
4 
0 
1 
26 
17 
16 
8 
22 
31 
36 
30 
41 
43 
42 
32 
25 
15 
10 
2 
5 
21 
4 
1 
3 
14 
17 
32 
28 
17 
7 
0 
12 
5 
3 
0 
11 
0 
10 
0 
5 
1 
30 
29 
24 
31 
26 
37 
15 
12 
14 
13 
14 
9 
24 
19 
2 
21 
38 
45 
36 
41 
42 
45 
39 
28 
6 
0 
5 
1 
16 
23 
27 
18 
12 
10 
0 
8 
36 
36 
37 
13 
24 
28 
23 
8 
4 
1 
19 
31 
32 
43 
43 
51 
49 
51 
28 
19 
15 
3 
20 
32 
25 
23 
34 
40 
47 
33 
18 
1 
9 
25 
53 
45 
28 
23 
16 
31 
24 
12 
1 
0 
0 
0 
0 
7 
12 
42 
39 
32 
7 
4 
15 
0 
4 
7 
8 
1 
6 
1 
6 
3 
26 
37 
45 
49 
42 
45 
35 
27 
7 
3 
11 
7 
7 
27 
43 
16 
4 
22 
21 
20 
39 
28 
15 
16 
4 
7 
8 
8 
6 
4 
3 
3 
12 
23 
34 
29 
35 
28 
16 
0 
1 
1 
8 
7 
6 
7 
3 
5 
16 
12 
15 
20 
34 
35 
20 
31 
32 
18 
6 
6 
0 
1 
18 
33 
30 
11 
6 
25 
37 
46 
69 
57 
45 
21 
1 
17 
9 
1 
10 
26 
20 
9 
6 
2 
3 
24 
31 
24 
23 
24 
30 
28 
17 
1 
2 
5 
8 
15 
19 
6 
13 
22 
21 
17 
26 
29 
32 
26 
20 
1 
5 
3 
0 
0 
3 
0 
3 
11 
8 
26 
27 
16 
19 
6 
6 
5 
8 
3 
6 
14 
6 
5 
9 
26 
35 
40 
43 
44 
39 
35 
24 
28 
8 
3 
7 
2 
12 
17 
26 
9 
19 
32 
39 
44 
13 
15 
22 
5 
4 
7 
1 
7 
0 
0 
6 
15 
24 
25 
22 
23 
32 
31 
20 
13 
3 
16 
12 
0 
9 
23 
2 
4 
0 
3 
12 
38 
41 
38 
21 
24 
24 
21 
1 
8 
3 
11 
5 
14 
6 
2 
10 
13 
1 
15 
4 
17 
16 
26 
17 
20 
28 
33 
19 
11 
20 
16 
21 
28 
20 
35 
32 
24 
13 
3 
16 
35 
23 
20 
31 
18 
16 
6 
6 
15 
27 
41 
44 
50 
37 
32 
21 
14 
2 
9 
26 
23 
5 
1 
9 
12 
37 
53 
44 
45 
29 
22 
13 
14 
2 
0 
8 
6 
4 
5 
3 
19 
16 
13 
10 
21 
34 
33 
20 
0 
1 
0 
0 
2 
11 
3 
8 
4 
17 
17 
26 
21 
42 
37 
11 
8 
3 
4 
2 
3 
0 
3 
0 
2 
1 
6 
9 
25 
32 
34 
15 
16 
18 
13 
8 
16 
21 
19 
7 
3 
4 
2 
9 
18 
19 
28 
43 
40 
17 
9 
2 
12 
9 
10 
25 
22 
15 
2 
9 
24 
34 
47 
48 
43 
24 
13 
4 
0 
5 
0 
1 
10 
8 
11 
5 
1 
16 
34 
39 
32 
34 
33 
24 
16 
9 
12 
4 
0 
10 
12 
11 
9 
5 
14 
5 
21 
21 
16 
6 
2 
1 
8 
11 
12 
11 
8 
11 
24 
25 
34 
33 
40 
28 
23 
20 
5 
15 
4 
7 
8 
7 
23 
4 
1 
2 
10 
11 
32 
34 
33 
30 
29 
22 
9 
0 
4 
2 
11 
11 
2 
18 
9 
2 
4 
28 
47 
48 
47 
36 
12 
12 
1 
4 
7 
11 
14 
9 
6 
9 
2 
7 
29 
40 
34 
27 
32 
11 
18 
1 
8 
7 
8 
15 
4 
4 
21 
33 
62 
69 
64 
40 
27 
15 
4 
0 
0 
0 
4 
20 
20 
15 
2 
9 
11 
16 
19 
28 
29 
20 
4 
2 
3 
11 
18 
38 
31 
31 
11 
2 
25 
36 
56 
67 
64 
47 
36 
42 
38 
26 
14 
1 
15 
26 
20 
35 
12 
8 
22 
23 
24 
22 
13 
11 
16 
15 
8 
0 
9 
0 
0 
0 
5 
18 
19 
16 
30 
27 
20 
11 
14 
9 
0 
0 
6 
15 
15 
12 
4 
18 
27 
24 
38 
27 
16 
14 
9 
0 
0 
3 
13 
18 
3 
0 
8 
22 
29 
36 
46 
41 
44 
31 
28 
21 
11 
4 
2 
1 
11 
22 
21 
26 
3 
17 
21 
28 
42 
33 
34 
25 
16 
12 
9 
1 
14 
26 
26 
25 
6 
5 
21 
37 
49 
56 
61 
55 
40 
28 
16 
5 
23 
24 
23 
24 
23 
6 
2 
12 
29 
41 
44 
27 
36 
23 
24 
12 
1 
7 
8 
4 
9 
11 
24 
24 
29 
19 
27 
11 
7 
13 
11 
14 
14 
16 
4 
27 
23 
23 
8 
0 
11 
16 
43 
48 
50 
38 
30 
36 
23 
5 
0 
6 
7 
11 
11 
7 
20 
14 
32 
33 
25 
17 
25 
31 
14 
1 
15 
11 
3 
16 
12 
7 
7 
4 
19 
36 
50 
40 
25 
17 
0 
4 
3 
4 
8 
1 
1 
2 
0 
5 
11 
26 
33 
31 
32 
20 
5 
1 
1 
0 
0 
7 
4 
2 
12 
13 
10 
8 
26 
37 
45 
36 
48 
45 
27 
14 
0 
0 
0 
7 
11 
22 
0 
28 
40 
41 
45 
53 
43 
30 
16 
4 
0 
14 
22 
34 
40 
23 
22 
13 
4 
24 
30 
49 
38 
25 
16 
20 
17 
7 
2 
6 
4 
0 
0 
0 
8 
27 
40 
39 
32 
23 
20 
0 
8 
15 
12 
11 
2 
9 
10 
2 
15 
20 
29 
41 
54 
53 
47 
32 
20 
5 
10 
6 
2 
3 
1 
6 
4 
4 
12 
11 
40 
36 
25 
15 
0 
8 
3 
10 
20 
11 
12 
19 
14 
1 
6 
33 
49 
68 
56 
33 
43 
39 
16 
4 
27 
23 
36 
35 
21 
18 
7 
26 
37 
52 
60 
65 
61 
45 
35 
26 
6 
4 
15 
27 
43 
30 
17 
18 
2 
7 
28 
46 
37 
35 
22 
21 
11 
4 
0 
2 
20 
9 
18 
13 
2 
25 
44 
54 
53 
39 
32 
36 
17 
9 
12 
11 
23 
20 
13 
18 
10 
33 
42 
45 
47 
44 
36 
18 
14 
4 
5 
2 
12 
20 
7 
7 
6 
7 
4 
5 
30 
41 
38 
33 
13 
7 
8 
3 
6 
7 
23 
16 
7 
6 
1 
20 
38 
37 
32 
23 
28 
23 
14 
6 
28 
7 
1 
2 
1 
3 
8 
35 
36 
31 
44 
48 
41 
23 
11 
8 
0 
1 
14 
28 
39 
33 
26 
22 
14 
15 
27 
45 
61 
61 
63 
60 
56 
44 
31 
1 
2 
6 
14 
20 
19 
4 
8 
26 
25 
10 
21 
26 
9 
12 
11 
14 
1 
6 
7 
14 
2 
8 
16 
24 
34 
45 
41 
42 
37 
15 
24 
20 
16 
5 
7 
1 
0 
7 
6 
5 
10 
31 
32 
23 
16 
5 
0 
7 
8 
23 
4 
3 
3 
12 
23 
28 
51 
56 
48 
25 
27 
32 
12 
7 
13 
11 
10 
24 
33 
26 
14 
7 
22 
30 
45 
62 
53 
45 
37 
33 
9 
13 
5 
26 
28 
31 
24 
15 
1 
1 
29 
37 
36 
19 
12 
0 
12 
0 
0 
16 
11 
6 
2 
0 
10 
37 
57 
56 
59 
40 
42 
32 
13 
5 
3 
1 
5 
19 
26 
44 
11 
6 
9 
13 
20 
19 
32 
23 
16 
17 
8 
16 
19 
6 
14 
12 
0 
15 
26 
21 
42 
41 
32 
24 
9 
12 
8 
6 
8 
23 
27 
26 
34 
37 
28 
6 
18 
33 
45 
57 
69 
71 
67 
61 
38 
32 
21 
5 
10 
22 
27 
19 
1 
9 
8 
11 
12 
11 
3 
11 
2 
2 
8 
9 
6 
1 
5 
8 
22 
9 
25 
32 
32 
22 
25 
30 
25 
11 
8 
19 
24 
27 
15 
9 
5 
12 
28 
40 
50 
51 
56 
44 
33 
31 
22 
14 
10 
1 
7 
30 
14 
6 
2 
17 
13 
20 
27 
28 
16 
2 
0 
15 
6 
17 
16 
15 
5 
10 
17 
17 
41 
49 
40 
34 
21 
22 
13 
3 
4 
2 
3 
3 
2 
6 
17 
2 
14 
22 
22 
29 
37 
30 
29 
20 
4 
15 
16 
4 
4 
2 
13 
19 
28 
30 
17 
36 
24 
15 
10 
14 
0 
7 
14 
29 
42 
20 
12 
3 
23 
37 
64 
64 
60 
43 
32 
34 
8 
5 
12 
3 
7 
2 
12 
13 
1 
12 
13 
37 
38 
15 
30 
21 
0 
15 
8 
7 
8 
11 
2 
14 
0 
30 
33 
41 
46 
45 
44 
28 
21 
0 
3 
11 
16 
35 
26 
20 
2 
4 
26 
18 
45 
61 
56 
52 
45 
25 
25 
13 
1 
18 
8 
8 
17 
18 
5 
3 
20 
30 
37 
12 
21 
14 
1 
5 
10 
19 
18 
18 
8 
0 
5 
16 
36 
53 
57 
70 
57 
47 
35 
20 
4 
3 
5 
15 
30 
32 
27 
9 
5 
17 
28 
34 
27 
24 
19 
24 
17 
8 
0 
2 
7 
8 
4 
9 
7 
32 
47 
40 
50 
38 
42 
34 
12 
3 
16 
0 
6 
18 
26 
24 
5 
9 
15 
16 
23 
32 
32 
21 
7 
0 
8 
9 
4 
19 
35 
18 
10 
3 
8 
10 
30 
46 
39 
44 
39 
48 
40 
26 
0 
9 
19 
28 
25 
30 
20 
7 
23 
31 
33 
28 
47 
44 
21 
17 
29 
25 
19 
6 
6 
0 
1 
5 
24 
20 
15 
18 
5 
2 
6 
3 
4 
1 
2 
8 
3 
11 
7 
16 
27 
32 
47 
56 
44 
33 
11 
0 
7 
10 
12 
16 
21 
25 
23 
11 
7 
12 
24 
11 
16 
11 
3 
0 
0 
5 
14 
1 
2 
6 
11 
15 
6 
19 
33 
41 
29 
41 
33 
24 
18 
3 
8 
2 
14 
26 
39 
19 
1 
7 
31 
37 
65 
65 
44 
43 
12 
27 
18 
2 
6 
22 
9 
8 
15 
5 
13 
33 
33 
36 
34 
25 
25 
22 
5 
1 
10 
3 
0 
8 
19 
21 
1 
23 
23 
21 
32 
20 
22 
17 
9 
18 
11 
12 
8 
23 
43 
25 
12 
5 
10 
26 
49 
64 
78 
73 
43 
59 
55 
31 
5 
0 
15 
30 
44 
47 
45 
5 
10 
14 
13 
21 
21 
42 
41 
32 
16 
21 
0 
1 
10 
10 
6 
4 
8 
18 
34 
39 
44 
37 
23 
16 
10 
4 
2 
25 
46 
31 
13 
9 
3 
14 
19 
37 
37 
33 
33 
54 
37 
19 
20 
4 
5 
7 
0 
1 
8 
7 
20 
26 
17 
22 
17 
18 
1 
5 
34 
17 
22 
16 
10 
11 
20 
40 
48 
58 
49 
62 
49 
43 
39 
8 
8 
1 
1 
19 
14 
12 
1 
2 
1 
1 
17 
28 
22 
21 
20 
20 
21 
17 
7 
8 
0 
0 
1 
10 
9 
26 
29 
30 
25 
14 
21 
24 
8 
6 
8 
0 
0 
2 
1 
2 
19 
16 
29 
17 
28 
32 
27 
20 
3 
3 
3 
0 
1 
12 
4 
12 
12 
23 
18 
21 
42 
53 
39 
36 
16 
0 
4 
5 
19 
22 
16 
15 
16 
11 
9 
5 
29 
29 
33 
16 
30 
25 
28 
16 
1 
11 
8 
0 
0 
0 
3 
20 
26 
37 
22 
45 
39 
20 
16 
1 
4 
2 
2 
16 
27 
24 
11 
9 
9 
17 
45 
58 
49 
47 
32 
24 
22 
14 
0 
14 
6 
16 
17 
18 
13 
21 
32 
30 
37 
18 
17 
10 
1 
0 
15 
12 
15 
5 
10 
1 
24 
38 
43 
52 
47 
56 
52 
33 
13 
8 
4 
15 
23 
22 
16 
19 
4 
4 
27 
32 
51 
52 
40 
37 
23 
7 
3 
7 
11 
26 
24 
21 
28 
15 
3 
4 
16 
32 
38 
37 
37 
36 
28 
17 
3 
16 
5 
9 
18 
17 
5 
13 
24 
38 
27 
44 
43 
32 
16 
1 
7 
8 
7 
31 
36 
23 
13 
9 
5 
8 
24 
32 
28 
30 
33 
13 
30 
21 
15 
3 
7 
4 
3 
12 
15 
36 
53 
52 
48 
29 
9 
3 
3 
15 
14 
12 
13 
18 
22 
18 
1 
13 
21 
28 
46 
43 
54 
37 
11 
3 
11 
16 
23 
25 
22 
18 
3 
12 
30 
37 
61 
60 
45 
34 
21 
15 
8 
8 
5 
0 
11 
7 
10 
5 
1 
1 
20 
34 
31 
24 
39 
28 
4 
2 
8 
0 
7 
10 
13 
6 
4 
18 
25 
21 
28 
30 
29 
12 
2 
1 
10 
9 
0 
6 
13 
0 
8 
14 
17 
19 
33 
48 
50 
33 
12 
8 
0 
11 
24 
23 
1 
10 
1 
8 
25 
33 
36 
50 
45 
32 
20 
17 
19 
16 
0 
6 
12 
23 
22 
18 
19 
1 
14 
30 
37 
33 
32 
39 
24 
13 
4 
0 
5 
15 
15 
9 
2 
1 
7 
27 
45 
52 
43 
24 
16 
23 
31 
20 
2 
7 
6 
14 
9 
10 
5 
5 
17 
28 
26 
21 
21 
26 
13 
1 
10 
14 
9 
1 
14 
15 
21 
29 
36 
37 
33 
34 
29 
10 
10 
13 
2 
5 
6 
23 
6 
9 
20 
30 
33 
46 
69 
75 
63 
43 
23 
17 
1 
10 
26 
42 
24 
13 
22 
1 
14 
12 
37 
41 
30 
21 
19 
24 
1 
4 
19 
12 
11 
10 
14 
23 
9 
18 
30 
38 
53 
45 
34 
15 
8 
7 
24 
20 
21 
21 
21 
13 
21 
19 
12 
16 
21 
16 
0 
4 
7 
4 
0 
2 
4 
1 
6 
0 
8 
8 
1 
29 
34 
33 
24 
15 
30 
29 
19 
0 
7 
6 
0 
11 
15 
1 
5 
26 
31 
32 
27 
32 
29 
20 
0 
2 
4 
7 
10 
13 
32 
11 
26 
33 
36 
35 
56 
60 
49 
37 
1 
0 
0 
11 
23 
34 
25 
30 
31 
9 
9 
25 
49 
52 
55 
40 
44 
33 
11 
0 
15 
16 
13 
22 
19 
14 
13 
20 
26 
37 
37 
24 
31 
30 
21 
7 
11 
12 
4 
0 
10 
20 
11 
5 
5 
9 
27 
25 
24 
22 
11 
24 
40 
29 
17 
1 
11 
3 
3 
3 
6 
9 
18 
27 
20 
23 
22 
9 
3 
1 
6 
9 
18 
21 
14 
2 
8 
22 
33 
41 
37 
44 
35 
28 
15 
16 
20 
18 
14 
4 
0 
0 
8 
3 
1 
6 
27 
32 
25 
3 
4 
4 
2 
2 
3 
7 
8 
7 
6 
6 
12 
26 
49 
49 
38 
19 
26 
13 
1 
2 
21 
20 
11 
13 
2 
10 
16 
38 
49 
57 
52 
56 
49 
27 
16 
8 
3 
6 
16 
17 
30 
17 
16 
10 
4 
16 
24 
28 
38 
19 
12 
27 
22 
13 
7 
15 
8 
11 
10 
0 
4 
19 
27 
39 
31 
21 
20 
30 
33 
32 
28 
36 
24 
8 
1 
3 
4 
0 
14 
21 
18 
29 
19 
24 
16 
5 
8 
13 
22 
24 
31 
9 
1 
8 
20 
34 
41 
45 
30 
31 
8 
13 
6 
5 
0 
7 
14 
13 
4 
3 
6 
29 
45 
40 
46 
33 
16 
12 
7 
7 
10 
1 
2 
5 
14 
9 
5 
13 
31 
29 
36 
34 
33 
26 
17 
11 
16 
17 
11 
3 
0 
2 
12 
11 
16 
25 
44 
44 
21 
3 
13 
18 
9 
22 
21 
26 
26 
23 
11 
2 
19 
29 
57 
65 
60 
51 
36 
21 
15 
8 
1 
0 
15 
8 
11 
6 
0 
17 
21 
32 
30 
23 
32 
27 
20 
9 
15 
7 
0 
19 
28 
17 
2 
4 
13 
21 
44 
46 
29 
16 
1 
18 
9 
2 
10 
9 
22 
15 
13 
1 
1 
33 
49 
53 
28 
38 
33 
38 
25 
7 
0 
3 
2 
7 
0 
13 
18 
21 
27 
24 
23 
36 
25 
15 
8 
4 
1 
2 
12 
13 
34 
13 
14 
0 
8 
22 
49 
53 
50 
25 
11 
16 
13 
0 
11 
2 
3 
3 
0 
0 
17 
13 
38 
41 
42 
17 
20 
3 
0 
15 
12 
0 
1 
0 
4 
4 
4 
22 
33 
33 
32 
39 
28 
7 
6 
2 
3 
0 
10 
33 
34 
8 
1 
16 
20 
32 
58 
57 
54 
29 
19 
16 
20 
8 
2 
8 
13 
18 
13 
10 
6 
24 
46 
55 
36 
15 
14 
9 
0 
0 
0 
1 
22 
31 
21 
14 
15 
37 
44 
58 
59 
52 
50 
40 
17 
11 
10 
0 
14 
26 
44 
9 
5 
14 
9 
16 
27 
36 
27 
28 
9 
3 
7 
6 
13 
26 
31 
17 
14 
5 
27 
49 
62 
55 
48 
41 
36 
24 
13 
8 
9 
18 
25 
34 
31 
13 
2 
25 
37 
49 
50 
41 
48 
42 
32 
13 
9 
2 
12 
19 
19 
12 
18 
21 
23 
24 
49 
47 
32 
12 
6 
3 
0 
0 
10 
18 
4 
3 
0 
5 
18 
29 
38 
37 
22 
5 
20 
12 
13 
0 
7 
2 
4 
15 
22 
15 
6 
21 
33 
29 
32 
51 
54 
38 
26 
26 
14 
6 
7 
26 
24 
13 
10 
1 
9 
13 
46 
49 
40 
20 
13 
9 
19 
4 
0 
10 
0 
2 
18 
14 
6 
0 
18 
30 
17 
21 
18 
19 
26 
17 
7 
12 
4 
1 
0 
4 
17 
25 
30 
29 
26 
19 
16 
5 
2 
2 
7 
4 
2 
7 
7 
10 
1 
18 
21 
32 
35 
40 
37 
24 
8 
17 
25 
7 
0 
11 
3 
11 
10 
1 
2 
16 
38 
33 
26 
29 
31 
36 
4 
10 
24 
15 
2 
1 
6 
1 
7 
24 
34 
37 
38 
33 
34 
17 
3 
7 
1 
19 
16 
8 
1 
7 
23 
28 
20 
13 
19 
34 
9 
1 
14 
0 
3 
16 
11 
15 
0 
22 
25 
27 
20 
39 
52 
44 
37 
35 
35 
27 
11 
10 
18 
8 
15 
18 
14 
24 
11 
3 
8 
26 
27 
32 
23 
16 
5 
9 
10 
21 
18 
30 
22 
14 
6 
18 
42 
66 
71 
72 
73 
53 
41 
27 
18 
5 
35 
42 
45 
46 
43 
25 
4 
7 
29 
37 
48 
62 
57 
51 
39 
24 
24 
24 
32 
20 
11 
1 
2 
6 
34 
44 
32 
43 
48 
37 
27 
12 
1 
29 
65 
92 
114 
116 
115 
98 
74 
51 
40 
23 
3 
28 
36 
45 
41 
43 
39 
35 
27 
18 
18 
6 
8 
22 
29 
29 
22 
21 
21 
14 
0 
3 
2 
14 
2 
2 
1 
16 
26 
45 
56 
51 
44 
53 
43 
20 
12 
3 
15 
11 
21 
23 
14 
9 
6 
3 
1 
10 
26 
5 
25 
20 
22 
13 
2 
2 
10 
7 
6 
13 
1 
31 
32 
52 
74 
71 
60 
35 
36 
33 
3 
16 
19 
15 
7 
6 
2 
5 
25 
33 
37 
49 
63 
58 
55 
27 
2 
12 
16 
29 
41 
35 
38 
32 
19 
1 
2 
2 
5 
13 
26 
30 
31 
36 
39 
32 
34 
36 
36 
36 
3 
3 
23 
47 
31 
80 
57 
19 
23 
16 
4 
21 
35 
26 
25 
56 
64 
52 
31 
4 
12 
23 
30 
76 
108 
87 
50 
58 
100 
64 
51 
17 
48 
23 
27 
63 
38 
16 
34 
31 
36 
43 
4 
13 
18 
6 
6 
21 
39 
49 
58 
61 
80 
68 
57 
59 
55 
51 
39 
27 
1 
23 
43 
40 
36 
35 
39 
30 
14 
8 
14 
22 
37 
25 
26 
21 
17 
16 
19 
4 
18 
27 
34 
66 
99 
18 
81 
58 
0 
36 
72 
78 
61 
47 
24 
0 
22 
53 
94 
22 
26 
14 
86 
91 
11 
54 
115 
94 
103 
26 
13 
47 
48 
44 
37 
0 
27 
11 
14 
52 
41 
41 
90 
77 
31 
52 
13 
24 
83 
93 
49 
22 
61 
13 
54 
62 
26 
53 
57 
89 
105 
75 
60 
23 
4 
27 
54 
33 
99 
79 
76 
136 
80 
45 
38 
24 
58 
13 
1 
34 
52 
60 
68 
42 
18 
40 
44 
36 
44 
94 
109 
125 
143 
133 
85 
14 
34 
78 
185 
81 
38 
59 
144 
127 
51 
4 
36 
61 
106 
93 
137 
181 
177 
75 
24 
0 
109 
183 
261 
29 
52 
31 
95 
81 
87 
94 
2 
122 
124 
123 
151 
17 
117 
171 
114 
36 
84 
125 
96 
44 
26 
33 
13 
11 
56 
20 
123 
97 
83 
101 
10 
34 
40 
35 
28 
52 
69 
66 
74 
17 
38 
17 
137 
215 
104 
3 
37 
114 
48 
99 
74 
24 
9 
34 
64 
100 
159 
119 
82 
67 
49 
16 
13 
26 
18 
22 
23 
11 
14 
6 
40 
83 
101 
66 
3 
4 
0 
61 
61 
166 
27 
31 
133 
167 
144 
27 
126 
29 
121 
167 
88 
28 
28 
85 
64 
19 
150 
202 
313 
307 
71 
234 
297 
286 
200 
203 
105 
377 
416 
15 
107 
128 
183 
54 
106 
1 
28 
117 
84 
95 
81 
88 
60 
17 
58 
52 
20 
14 
70 
94 
41 
11 
36 
48 
6 
8 
0 
15 
3 
11 
8 
15 
4 
1 
85 
115 
138 
24 
20 
163 
119 
234 
248 
55 
229 
221 
187 
143 
90 
57 
22 
142 
163 
142 
174 
1 
105 
158 
213 
77 
86 
165 
180 
41 
226 
137 
149 
109 
77 
230 
195 
28 
36 
18 
0 
32 
50 
63 
112 
182 
197 
217 
147 
66 
85 
130 
119 
41 
14 
5 
102 
320 
286 
32 
43 
32 
30 
29 
36 
21 
59 
175 
135 
127 
91 
36 
160 
47 
156 
129 
30 
222 
106 
53 
46 
75 
13 
0 
32 
118 
62 
5 
49 
6 
19 
54 
12 
22 
41 
20 
43 
98 
74 
67 
13 
62 
77 
73 
8 
74 
61 
21 
72 
32 
24 
20 
63 
75 
121 
119 
34 
11 
44 
154 
289 
181 
49 
68 
53 
398 
859 
404 
118 
251 
320 
186 
92 
90 
157 
119 
24 
4 
16 
92 
93 
155 
42 
82 
89 
54 
45 
21 
369 
165 
81 
103 
149 
31 
66 
115 
8 
150 
120 
159 
145 
31 
99 
119 
13 
107 
124 
134 
95 
53 
20 
5 
56 
67 
92 
159 
147 
158 
117 
18 
24 
71 
229 
479 
452 
32 
111 
217 
241 
157 
29 
251 
309 
135 
29 
216 
340 
362 
312 
242 
226 
230 
26 
228 
64 
46 
92 
71 
222 
312 
150 
39 
53 
76 
96 
79 
74 
83 
94 
29 
27 
11 
41 
128 
90 
14 
249 
184 
116 
144 
71 
116 
108 
55 
29 
9 
121 
211 
221 
200 
193 
110 
48 
152 
197 
173 
201 
200 
80 
58 
175 
117 
102 
24 
60 
64 
8 
49 
196 
322 
342 
49 
167 
72 
83 
184 
182 
145 
103 
120 
42 
228 
44 
24 
8 
18 
4 
112 
54 
330 
175 
71 
95 
242 
127 
228 
43 
125 
104 
45 
4 
13 
159 
64 
314 
108 
26 
56 
67 
60 
47 
102 
116 
102 
47 
17 
25 
15 
164 
29 
65 
38 
29 
18 
14 
24 
45 
98 
37 
67 
39 
12 
22 
58 
228 
180 
433 
35 
192 
319 
239 
133 
112 
50 
16 
58 
148 
223 
385 
143 
43 
107 
19 
68 
5 
71 
171 
147 
106 
150 
189 
155 
3 
6 
15 
61 
32 
39 
97 
196 
165 
152 
173 
54 
28 
66 
64 
19 
37 
118 
163 
138 
72 
115 
137 
58 
146 
45 
109 
252 
128 
32 
10 
17 
169 
418 
253 
311 
138 
188 
147 
177 
83 
176 
250 
196 
174 
236 
6 
72 
89 
511 
82 
63 
34 
73 
46 
50 
0 
32 
24 
57 
272 
195 
76 
15 
44 
7 
18 
14 
32 
7 
2 
22 
110 
78 
11 
310 
245 
177 
76 
55 
108 
35 
5 
11 
51 
44 
25 
16 
16 
113 
167 
148 
180 
24 
20 
167 
162 
77 
443 
429 
125 
40 
292 
285 
30 
356 
415 
293 
107 
2 
80 
48 
383 
161 
61 
221 
162 
97 
79 
83 
15 
140 
153 
150 
35 
48 
83 
136 
171 
153 
11 
98 
56 
178 
78 
169 
316 
37 
212 
123 
36 
204 
286 
149 
45 
13 
42 
36 
154 
308 
254 
23 
177 
24 
63 
20 
48 
283 
87 
295 
189 
146 
101 
72 
2 
31 
192 
202 
216 
141 
59 
510 
278 
269 
153 
102 
36 
56 
61 
33 
20 
73 
120 
155 
192 
180 
211 
107 
129 
167 
159 
177 
115 
44 
60 
139 
98 
134 
191 
132 
45 
85 
61 
7 
175 
526 
433 
165 
135 
169 
80 
135 
253 
168 
134 
61 
8 
29 
74 
36 
40 
40 
5 
38 
91 
42 
34 
297 
221 
344 
317 
226 
5 
226 
163 
56 
74 
140 
43 
92 
67 
53 
17 
49 
315 
451 
98 
239 
144 
105 
132 
273 
94 
100 
84 
36 
13 
216 
326 
243 
160 
19 
247 
90 
88 
8 
183 
235 
182 
307 
328 
35 
342 
332 
449 
174 
107 
152 
81 
19 
79 
31 
42 
71 
71 
26 
46 
37 
65 
151 
198 
108 
232 
224 
397 
303 
132 
8 
67 
38 
6 
16 
68 
139 
168 
259 
375 
526 
463 
342 
114 
43 
129 
400 
815 
351 
59 
88 
37 
73 
31 
13 
48 
221 
86 
176 
267 
220 
104 
12 
22 
49 
161 
194 
165 
7 
137 
183 
198 
274 
200 
131 
83 
47 
84 
85 
70 
2 
14 
9 
52 
184 
533 
338 
47 
119 
58 
50 
215 
206 
144 
108 
161 
200 
213 
157 
44 
7 
9 
19 
141 
184 
168 
117 
131 
155 
132 
102 
122 
240 
125 
58 
18 
16 
80 
162 
212 
461 
402 
371 
322 
265 
404 
307 
85 
25 
225 
536 
257 
241 
476 
84 
198 
124 
71 
53 
22 
70 
123 
7 
49 
130 
142 
174 
70 
134 
148 
114 
248 
283 
281 
150 
163 
141 
73 
64 
79 
161 
164 
5 
4 
150 
86 
149 
174 
117 
145 
192 
188 
180 
139 
82 
37 
132 
95 
78 
53 
91 
52 
88 
101 
105 
70 
13 
87 
150 
241 
113 
95 
9 
10 
82 
50 
60 
130 
124 
36 
4 
38 
72 
166 
223 
295 
152 
230 
543 
361 
168 
446 
358 
309 
80 
24 
77 
93 
71 
80 
172 
292 
84 
22 
45 
102 
106 
74 
30 
9 
35 
13 
48 
169 
146 
79 
4 
67 
19 
52 
179 
116 
20 
31 
37 
8 
65 
187 
16 
169 
176 
118 
1 
49 
14 
77 
41 
15 
177 
28 
91 
25 
37 
49 
126 
154 
20 
140 
100 
153 
235 
142 
28 
37 
83 
118 
448 
148 
243 
526 
194 
207 
367 
532 
526 
395 
209 
104 
83 
1 
159 
597 
234 
94 
33 
47 
153 
129 
2 
48 
33 
32 
73 
27 
29 
32 
96 
296 
247 
42 
1 
28 
18 
379 
452 
2 
75 
157 
117 
97 
235 
272 
143 
55 
118 
129 
95 
47 
149 
176 
477 
269 
110 
19 
192 
265 
143 
97 
68 
30 
123 
54 
65 
27 
36 
46 
13 
124 
56 
28 
131 
162 
25 
527 
524 
51 
198 
65 
134 
142 
199 
216 
146 
87 
86 
61 
138 
265 
301 
98 
363 
199 
206 
220 
31 
78 
91 
19 
72 
90 
13 
145 
154 
101 
100 
87 
16 
62 
113 
124 
81 
106 
213 
70 
1 
48 
130 
8 
24 
124 
11 
118 
101 
41 
56 
3 
215 
263 
32 
6 
63 
201 
476 
333 
153 
27 
204 
323 
393 
325 
284 
299 
19 
351 
155 
146 
132 
105 
3 
15 
163 
174 
61 
10 
53 
9 
90 
127 
140 
88 
36 
93 
156 
110 
59 
68 
167 
90 
24 
200 
282 
150 
58 
68 
115 
179 
213 
181 
191 
203 
262 
256 
214 
120 
550 
315 
42 
6 
150 
258 
294 
177 
12 
111 
41 
89 
183 
223 
158 
121 
270 
209 
62 
21 
72 
64 
34 
31 
136 
179 
4 
39 
333 
7 
170 
28 
53 
195 
694 
653 
304 
129 
153 
143 
124 
161 
227 
244 
292 
239 
224 
87 
345 
371 
149 
206 
128 
10 
5 
87 
215 
198 
134 
27 
48 
99 
320 
529 
226 
97 
68 
110 
6 
22 
73 
122 
118 
46 
25 
73 
163 
248 
86 
137 
119 
58 
95 
14 
187 
150 
78 
142 
146 
162 
220 
171 
41 
2 
28 
18 
45 
20 
69 
121 
107 
22 
389 
61 
9 
23 
71 
28 
26 
16 
0 
26 
38 
15 
94 
138 
127 
127 
139 
126 
48 
6 
12 
113 
169 
226 
237 
249 
254 
142 
105 
151 
227 
264 
265 
170 
97 
185 
174 
105 
45 
20 
80 
71 
156 
160 
179 
56 
138 
204 
293 
327 
142 
329 
117 
67 
205 
155 
2 
130 
165 
101 
36 
81 
134 
304 
144 
447 
415 
192 
31 
25 
20 
57 
148 
237 
115 
35 
131 
5 
44 
4 
134 
14 
179 
199 
153 
446 
482 
476 
392 
263 
1 
128 
233 
24 
47 
76 
43 
72 
138 
222 
200 
30 
54 
21 
17 
4 
61 
9 
104 
139 
80 
5 
8 
92 
177 
216 
184 
25 
92 
125 
359 
440 
422 
314 
181 
153 
98 
83 
85 
238 
288 
317 
72 
3 
148 
33 
33 
33 
26 
54 
8 
98 
52 
106 
143 
101 
92 
45 
60 
51 
8 
131 
54 
205 
170 
11 
277 
107 
67 
78 
124 
77 
109 
139 
136 
44 
20 
86 
143 
140 
45 
52 
158 
267 
257 
244 
208 
104 
43 
77 
331 
452 
391 
319 
247 
88 
164 
33 
19 
70 
182 
325 
416 
138 
9 
25 
222 
228 
155 
183 
308 
393 
443 
309 
218 
80 
140 
63 
103 
21 
74 
23 
61 
127 
147 
79 
30 
23 
24 
84 
60 
11 
36 
39 
79 
193 
250 
88 
35 
12 
15 
95 
62 
23 
96 
107 
35 
5 
45 
38 
34 
32 
72 
0 
173 
245 
183 
162 
116 
144 
52 
75 
67 
174 
317 
463 
383 
228 
146 
4 
65 
199 
215 
170 
162 
117 
104 
147 
177 
60 
95 
33 
57 
228 
303 
46 
116 
128 
36 
217 
116 
77 
56 
104 
135 
60 
51 
99 
2 
143 
344 
397 
315 
108 
87 
147 
24 
58 
83 
58 
34 
40 
62 
98 
113 
173 
148 
100 
91 
5 
93 
59 
28 
92 
28 
88 
42 
220 
309 
354 
150 
128 
157 
219 
228 
176 
137 
94 
113 
151 
128 
85 
11 
61 
92 
188 
228 
236 
257 
137 
38 
132 
274 
217 
145 
105 
49 
4 
56 
17 
15 
27 
25 
50 
111 
109 
168 
69 
32 
19 
4 
4 
34 
154 
190 
337 
154 
50 
14 
62 
112 
107 
71 
49 
190 
85 
1 
42 
74 
385 
526 
102 
162 
196 
112 
96 
145 
295 
269 
192 
112 
24 
8 
6 
20 
23 
97 
81 
12 
41 
57 
56 
53 
52 
7 
32 
99 
137 
188 
172 
21 
22 
105 
62 
87 
208 
315 
303 
216 
165 
122 
65 
57 
231 
456 
282 
26 
13 
2 
40 
132 
263 
367 
300 
135 
20 
92 
178 
234 
192 
14 
123 
42 
126 
126 
20 
91 
177 
189 
119 
73 
16 
6 
1 
10 
9 
62 
25 
5 
20 
42 
6 
47 
86 
26 
39 
57 
10 
15 
31 
50 
8 
0 
87 
54 
12 
1 
3 
15 
66 
191 
211 
239 
178 
169 
165 
34 
162 
348 
274 
56 
53 
215 
133 
40 
12 
74 
129 
109 
135 
102 
18 
33 
94 
90 
118 
105 
46 
90 
143 
154 
82 
69 
62 
103 
244 
119 
172 
160 
88 
47 
99 
126 
151 
129 
81 
49 
4 
2 
38 
14 
84 
108 
108 
120 
125 
46 
21 
99 
162 
289 
360 
301 
204 
113 
19 
19 
77 
79 
160 
230 
234 
247 
222 
32 
88 
95 
106 
50 
5 
62 
82 
50 
3 
79 
166 
120 
40 
122 
222 
315 
322 
210 
168 
59 
120 
117 
150 
298 
231 
107 
29 
44 
145 
175 
9 
134 
266 
283 
214 
222 
230 
79 
334 
271 
2 
36 
38 
51 
85 
95 
131 
139 
39 
2 
127 
50 
54 
95 
47 
167 
182 
18 
58 
37 
53 
97 
64 
24 
171 
151 
101 
97 
103 
120 
104 
0 
59 
63 
43 
43 
79 
101 
182 
198 
62 
75 
235 
255 
261 
227 
134 
77 
84 
10 
4 
94 
198 
264 
134 
78 
35 
20 
140 
180 
93 
2 
49 
35 
48 
42 
103 
73 
48 
148 
258 
370 
98 
50 
94 
113 
99 
148 
165 
232 
141 
6 
5 
65 
70 
13 
215 
164 
156 
171 
76 
1 
11 
91 
149 
169 
194 
61 
3 
7 
91 
131 
72 
3 
17 
87 
190 
127 
77 
121 
70 
120 
161 
168 
128 
73 
95 
24 
43 
81 
60 
52 
61 
30 
14 
80 
16 
4 
37 
112 
118 
73 
0 
48 
104 
148 
130 
86 
32 
16 
64 
96 
124 
64 
26 
53 
47 
35 
43 
39 
1 
35 
4 
108 
167 
175 
210 
137 
30 
67 
137 
50 
36 
172 
1 
83 
114 
38 
65 
25 
1 
140 
10 
127 
116 
41 
65 
279 
140 
128 
248 
54 
4 
8 
97 
195 
193 
172 
100 
76 
126 
96 
168 
221 
189 
128 
68 
50 
81 
86 
61 
18 
1 
2 
22 
45 
66 
129 
214 
259 
83 
9 
59 
42 
140 
110 
110 
48 
24 
48 
121 
101 
18 
127 
168 
147 
70 
15 
122 
145 
72 
53 
188 
81 
63 
103 
123 
26 
19 
70 
7 
43 
118 
114 
1 
3 
65 
142 
196 
152 
195 
120 
50 
36 
23 
78 
28 
56 
106 
118 
70 
72 
67 
67 
76 
105 
11 
97 
97 
130 
157 
159 
103 
33 
18 
4 
51 
71 
43 
60 
31 
68 
47 
47 
20 
48 
16 
18 
53 
10 
119 
121 
63 
109 
57 
93 
31 
20 
39 
31 
11 
11 
74 
118 
114 
88 
47 
1 
48 
4 
36 
36 
32 
13 
87 
3 
7 
19 
36 
48 
89 
68 
47 
33 
65 
28 
17 
17 
42 
126 
23 
32 
78 
65 
43 
39 
35 
35 
22 
12 
24 
48 
26 
65 
80 
70 
46 
15 
90 
34 
6 
1 
3 
30 
30 
9 
7 
0 
16 
38 
37 
37 
18 
5 
48 
87 
70 
43 
30 
42 
39 
27 
10 
9 
29 
66 
61 
41 
19 
89 
163 
178 
107 
57 
17 
14 
5 
1 
3 
0 
52 
51 
10 
54 
72 
113 
112 
35 
122 
89 
39 
7 
55 
99 
68 
4 
40 
4 
3 
15 
36 
16 
42 
159 
104 
4 
29 
62 
27 
0 
20 
21 
15 
47 
67 
62 
40 
31 
6 
93 
77 
36 
43 
48 
18 
4 
23 
55 
13 
11 
3 
59 
32 
3 
60 
104 
54 
1 
2 
53 
55 
11 
47 
59 
19 
5 
13 
70 
1 
57 
53 
31 
40 
35 
44 
47 
36 
3 
39 
7 
7 
8 
8 
10 
20 
33 
46 
25 
10 
29 
31 
4 
2 
11 
18 
26 
26 
29 
0 
24 
10 
15 
12 
31 
40 
52 
36 
33 
19 
29 
29 
0 
21 
16 
15 
12 
31 
28 
24 
11 
26 
37 
47 
22 
45 
31 
4 
13 
3 
10 
11 
4 
2 
49 
66 
37 
7 
1 
13 
46 
86 
77 
63 
58 
76 
67 
15 
45 
2 
27 
18 
35 
12 
46 
101 
64 
53 
84 
76 
64 
2 
5 
38 
17 
7 
31 
22 
32 
44 
8 
40 
43 
20 
1 
8 
1 
9 
20 
50 
21 
16 
3 
5 
18 
15 
22 
37 
44 
46 
52 
49 
25 
7 
0 
4 
15 
12 
3 
21 
5 
13 
7 
1 
15 
10 
0 
3 
20 
21 
41 
43 
32 
10 
3 
6 
26 
12 
17 
17 
50 
49 
50 
65 
55 
0 
46 
52 
0 
8 
2 
29 
49 
10 
20 
53 
8 
7 
3 
3 
5 
35 
48 
74 
65 
51 
20 
0 
5 
32 
4 
1 
12 
60 
39 
15 
9 
56 
72 
85 
59 
28 
7 
23 
6 
3 
27 
115 
141 
61 
21 
65 
101 
89 
71 
92 
103 
90 
64 
19 
2 
11 
20 
28 
28 
36 
51 
40 
15 
12 
34 
49 
56 
28 
27 
33 
28 
26 
23 
7 
18 
31 
43 
35 
21 
13 
13 
17 
25 
13 
31 
33 
24 
33 
45 
55 
56 
8 
11 
7 
4 
12 
3 
0 
6 
10 
9 
10 
0 
3 
6 
13 
13 
10 
0 
0 
6 
9 
9 
3 
11 
22 
17 
25 
21 
19 
11 
6 
31 
39 
25 
7 
37 
6 
81 
5 
54 
73 
34 
38 
22 
21 
2 
14 
1 
6 
6 
17 
25 
9 
30 
66 
81 
59 
39 
37 
20 
0 
13 
41 
5 
5 
1 
21 
25 
27 
28 
12 
33 
67 
57 
59 
45 
62 
8 
5 
1 
22 
40 
36 
22 
23 
20 
30 
45 
42 
43 
20 
2 
18 
3 
3 
8 
19 
32 
20 
0 
21 
18 
13 
30 
18 
16 
24 
28 
42 
45 
41 
54 
45 
19 
8 
7 
22 
8 
13 
2 
4 
13 
13 
28 
29 
29 
16 
12 
0 
18 
5 
0 
8 
35 
34 
2 
8 
3 
13 
37 
26 
14 
45 
34 
38 
65 
64 
12 
18 
9 
18 
15 
27 
21 
0 
17 
9 
33 
21 
37 
39 
41 
40 
25 
29 
18 
22 
35 
22 
6 
3 
25 
20 
26 
17 
25 
8 
6 
2 
17 
15 
23 
13 
34 
34 
30 
30 
5 
19 
29 
0 
17 
1 
19 
33 
0 
2 
30 
29 
21 
23 
17 
21 
28 
12 
9 
17 
30 
54 
46 
11 
19 
11 
20 
23 
16 
3 
7 
5 
2 
8 
7 
19 
37 
36 
34 
25 
13 
6 
7 
0 
12 
7 
1 
10 
8 
3 
17 
20 
36 
36 
22 
13 
17 
26 
3 
3 
2 
0 
4 
1 
17 
3 
0 
15 
31 
37 
52 
34 
31 
16 
11 
8 
0 
22 
22 
14 
21 
2 
5 
16 
38 
49 
72 
68 
57 
27 
20 
32 
12 
4 
6 
24 
27 
11 
0 
0 
1 
17 
28 
42 
33 
38 
45 
30 
1 
9 
2 
8 
16 
9 
10 
1 
9 
20 
30 
33 
9 
4 
5 
7 
48 
47 
35 
32 
8 
23 
18 
5 
2 
0 
14 
25 
29 
38 
49 
38 
5 
4 
3 
7 
4 
2 
9 
8 
11 
13 
14 
12 
20 
18 
25 
21 
24 
31 
32 
25 
15 
10 
13 
11 
7 
11 
7 
12 
14 
13 
5 
16 
17 
21 
34 
21 
36 
48 
29 
30 
48 
41 
14 
14 
0 
40 
66 
45 
20 
15 
44 
18 
17 
14 
6 
13 
9 
33 
14 
17 
37 
16 
12 
3 
46 
49 
18 
37 
28 
19 
18 
2 
14 
21 
2 
8 
10 
13 
3 
5 
12 
16 
30 
43 
48 
13 
29 
27 
0 
11 
6 
2 
9 
4 
13 
29 
36 
21 
13 
14 
13 
5 
6 
9 
10 
17 
10 
0 
3 
1 
1 
10 
34 
42 
34 
29 
29 
34 
31 
20 
12 
9 
2 
2 
2 
1 
6 
5 
6 
19 
14 
21 
29 
40 
34 
17 
18 
3 
0 
15 
4 
3 
3 
9 
10 
6 
43 
40 
19 
6 
5 
19 
20 
39 
48 
0 
10 
12 
12 
14 
22 
17 
30 
29 
43 
56 
38 
1 
17 
25 
41 
35 
42 
1 
1 
14 
29 
37 
33 
32 
22 
27 
20 
19 
12 
4 
3 
4 
19 
45 
49 
27 
20 
10 
28 
64 
112 
122 
100 
69 
22 
24 
11 
4 
28 
47 
39 
46 
30 
17 
1 
29 
45 
32 
27 
0 
0 
11 
6 
10 
7 
6 
17 
6 
11 
5 
26 
62 
82 
77 
25 
3 
3 
6 
11 
18 
26 
4 
30 
6 
20 
3 
14 
17 
16 
22 
31 
24 
27 
0 
5 
5 
18 
17 
6 
30 
19 
9 
2 
14 
9 
41 
45 
46 
26 
21 
25 
24 
19 
2 
1 
10 
1 
1 
1 
3 
2 
9 
13 
0 
1 
7 
28 
40 
24 
3 
9 
6 
7 
26 
19 
12 
10 
38 
74 
46 
57 
57 
40 
11 
5 
6 
5 
14 
5 
5 
14 
6 
13 
9 
23 
53 
54 
39 
4 
7 
15 
0 
0 
4 
5 
17 
30 
9 
18 
35 
56 
47 
12 
7 
14 
12 
8 
12 
0 
1 
5 
12 
19 
20 
15 
1 
5 
15 
23 
25 
52 
74 
45 
11 
8 
11 
6 
5 
0 
11 
1 
6 
10 
15 
9 
17 
9 
33 
24 
22 
22 
11 
42 
45 
24 
29 
9 
1 
22 
31 
1 
33 
41 
24 
0 
36 
67 
48 
33 
3 
15 
15 
22 
28 
35 
5 
17 
21 
36 
61 
61 
52 
20 
6 
3 
3 
2 
12 
15 
22 
11 
8 
0 
22 
15 
36 
53 
49 
51 
48 
2 
23 
8 
9 
23 
7 
2 
13 
38 
2 
28 
33 
41 
48 
3 
42 
29 
19 
12 
3 
0 
0 
10 
9 
22 
32 
31 
0 
2 
13 
26 
25 
30 
25 
23 
16 
4 
2 
4 
7 
6 
15 
2 
6 
0 
22 
41 
49 
42 
29 
30 
17 
11 
1 
10 
7 
11 
16 
11 
18 
45 
42 
37 
34 
25 
35 
24 
12 
11 
25 
4 
17 
0 
2 
17 
11 
3 
10 
17 
10 
25 
36 
31 
32 
35 
39 
27 
15 
12 
16 
3 
5 
10 
21 
14 
24 
41 
61 
34 
21 
36 
24 
2 
0 
7 
4 
4 
14 
60 
27 
18 
33 
45 
34 
41 
40 
44 
25 
0 
4 
1 
2 
16 
15 
14 
2 
3 
2 
29 
33 
24 
35 
32 
31 
24 
12 
0 
0 
19 
16 
4 
3 
0 
1 
6 
20 
50 
57 
60 
40 
33 
13 
28 
36 
11 
4 
17 
6 
14 
5 
1 
12 
26 
25 
20 
27 
54 
45 
19 
24 
2 
12 
10 
18 
24 
5 
1 
8 
20 
31 
28 
29 
28 
20 
9 
7 
8 
11 
14 
25 
30 
7 
5 
25 
34 
33 
48 
44 
31 
24 
20 
9 
20 
4 
6 
10 
1 
19 
6 
3 
3 
7 
8 
34 
17 
36 
40 
29 
15 
0 
15 
30 
32 
31 
29 
1 
21 
24 
22 
43 
48 
51 
40 
32 
12 
9 
3 
0 
3 
22 
29 
22 
2 
3 
10 
50 
53 
48 
36 
41 
27 
11 
0 
4 
7 
1 
0 
15 
18 
20 
3 
10 
21 
20 
30 
29 
42 
41 
24 
4 
1 
0 
31 
32 
43 
5 
13 
11 
15 
33 
72 
90 
65 
27 
0 
4 
5 
5 
16 
13 
22 
8 
7 
6 
1 
20 
26 
29 
17 
14 
0 
4 
14 
9 
3 
21 
14 
2 
0 
8 
26 
23 
28 
34 
11 
16 
27 
16 
27 
20 
5 
1 
26 
25 
34 
17 
1 
3 
17 
28 
36 
46 
35 
24 
14 
17 
10 
2 
2 
6 
19 
22 
30 
16 
17 
41 
57 
61 
45 
53 
64 
28 
2 
20 
19 
0 
2 
2 
10 
1 
1 
21 
32 
21 
21 
46 
33 
20 
8 
4 
7 
0 
12 
7 
13 
2 
0 
14 
29 
33 
41 
34 
31 
32 
13 
15 
3 
0 
0 
6 
21 
26 
19 
3 
3 
34 
42 
47 
52 
42 
26 
16 
6 
12 
28 
24 
3 
15 
32 
23 
9 
5 
16 
34 
29 
46 
37 
31 
12 
6 
2 
0 
11 
18 
35 
10 
7 
17 
24 
38 
45 
49 
38 
17 
0 
4 
3 
6 
2 
7 
23 
2 
6 
4 
14 
25 
41 
40 
31 
24 
35 
36 
8 
1 
12 
3 
7 
12 
1 
5 
14 
29 
24 
31 
20 
31 
28 
5 
19 
8 
2 
4 
6 
15 
15 
4 
14 
13 
24 
35 
36 
35 
36 
4 
14 
15 
8 
0 
2 
0 
7 
10 
15 
5 
9 
17 
30 
31 
40 
35 
28 
12 
7 
8 
11 
16 
23 
18 
10 
0 
10 
21 
45 
58 
49 
51 
39 
28 
8 
3 
1 
12 
17 
22 
13 
22 
15 
2 
2 
12 
8 
0 
3 
39 
25 
21 
22 
18 
22 
16 
16 
16 
18 
14 
10 
17 
7 
5 
16 
10 
33 
37 
26 
11 
8 
17 
6 
1 
6 
10 
2 
13 
21 
28 
22 
33 
21 
10 
5 
6 
13 
16 
0 
16 
15 
1 
17 
17 
20 
24 
38 
29 
21 
8 
9 
2 
12 
7 
4 
8 
7 
6 
5 
4 
34 
37 
41 
33 
22 
9 
4 
15 
4 
3 
3 
8 
7 
1 
2 
0 
16 
14 
33 
37 
41 
30 
29 
22 
5 
7 
0 
2 
1 
18 
13 
10 
5 
8 
18 
34 
45 
37 
20 
15 
12 
5 
9 
14 
10 
9 
2 
7 
2 
5 
21 
20 
32 
42 
27 
16 
14 
25 
24 
1 
12 
3 
2 
6 
8 
0 
15 
28 
42 
53 
44 
40 
35 
16 
0 
8 
11 
3 
10 
19 
11 
4 
3 
14 
25 
49 
54 
35 
20 
5 
6 
1 
1 
1 
12 
23 
14 
10 
5 
5 
29 
48 
59 
56 
47 
32 
20 
9 
4 
7 
15 
16 
19 
20 
11 
1 
9 
21 
22 
25 
21 
28 
39 
32 
19 
12 
4 
4 
5 
18 
1 
1 
8 
18 
33 
40 
43 
50 
37 
19 
11 
4 
4 
3 
7 
10 
16 
9 
14 
2 
17 
28 
41 
41 
32 
24 
15 
8 
0 
10 
7 
0 
0 
6 
6 
2 
21 
30 
41 
34 
37 
27 
24 
13 
7 
4 
0 
5 
24 
37 
34 
18 
7 
8 
24 
46 
43 
40 
44 
36 
19 
16 
16 
5 
8 
19 
27 
6 
6 
14 
17 
33 
36 
31 
28 
17 
16 
16 
5 
7 
11 
12 
9 
14 
15 
2 
13 
23 
41 
32 
46 
37 
34 
25 
11 
16 
2 
7 
14 
17 
14 
9 
1 
7 
23 
33 
36 
45 
25 
16 
12 
11 
12 
0 
0 
3 
7 
4 
4 
15 
28 
34 
45 
40 
28 
19 
6 
18 
14 
18 
9 
6 
10 
1 
11 
24 
49 
51 
50 
56 
45 
25 
15 
14 
2 
13 
23 
18 
24 
39 
28 
15 
10 
13 
28 
33 
49 
43 
36 
17 
23 
16 
4 
1 
0 
14 
19 
23 
18 
1 
20 
50 
45 
38 
21 
19 
20 
5 
9 
22 
19 
10 
2 
10 
9 
18 
29 
38 
33 
46 
53 
47 
40 
20 
6 
1 
1 
7 
22 
24 
21 
22 
2 
11 
12 
26 
41 
38 
17 
10 
5 
6 
9 
15 
12 
0 
2 
5 
2 
2 
25 
29 
46 
43 
28 
11 
16 
0 
4 
7 
7 
12 
15 
18 
14 
7 
10 
30 
41 
33 
36 
40 
36 
27 
19 
16 
12 
14 
1 
11 
2 
0 
8 
11 
20 
25 
36 
32 
25 
11 
15 
3 
6 
8 
27 
28 
23 
21 
22 
6 
9 
42 
61 
67 
56 
55 
40 
32 
20 
8 
31 
26 
37 
41 
25 
13 
26 
41 
61 
59 
60 
60 
56 
43 
21 
11 
1 
9 
29 
39 
38 
17 
2 
0 
9 
21 
32 
31 
32 
23 
6 
9 
7 
2 
10 
24 
15 
9 
1 
5 
4 
28 
42 
47 
40 
19 
32 
12 
7 
5 
20 
11 
10 
18 
15 
