13 
25 
26 
26 
7 
15 
7 
7 
8 
0 
23 
0 
9 
2 
2 
15 
32 
33 
34 
31 
15 
32 
24 
16 
0 
0 
0 
15 
23 
14 
21 
8 
16 
17 
23 
40 
41 
18 
10 
8 
15 
1 
10 
15 
8 
24 
32 
40 
45 
45 
21 
45 
53 
37 
5 
5 
8 
0 
7 
15 
31 
23 
15 
23 
22 
2 
23 
33 
26 
31 
15 
24 
29 
25 
2 
13 
8 
16 
8 
17 
10 
15 
15 
24 
25 
26 
7 
15 
32 
24 
5 
5 
1 
5 
13 
24 
0 
1 
10 
23 
32 
33 
34 
15 
8 
2 
1 
2 
0 
7 
22 
5 
8 
0 
17 
23 
64 
105 
90 
50 
14 
37 
13 
23 
8 
7 
16 
16 
24 
15 
15 
22 
18 
31 
24 
17 
18 
15 
16 
21 
9 
5 
2 
7 
8 
15 
6 
2 
8 
0 
41 
55 
56 
41 
18 
2 
7 
0 
15 
23 
14 
37 
0 
60 
66 
47 
24 
29 
17 
2 
10 
0 
0 
7 
8 
0 
15 
10 
17 
10 
7 
8 
25 
21 
24 
48 
41 
34 
23 
15 
8 
16 
13 
1 
5 
5 
0 
0 
16 
25 
34 
39 
31 
32 
24 
0 
16 
8 
0 
15 
15 
15 
18 
9 
34 
39 
47 
48 
40 
37 
16 
16 
31 
24 
24 
8 
15 
8 
16 
0 
2 
1 
18 
23 
16 
24 
29 
33 
18 
10 
10 
5 
5 
0 
16 
15 
0 
9 
2 
8 
20 
34 
23 
16 
37 
25 
2 
8 
8 
15 
25 
42 
26 
7 
23 
10 
41 
50 
39 
16 
0 
23 
5 
25 
2 
10 
0 
24 
7 
9 
18 
23 
16 
22 
2 
63 
72 
53 
41 
18 
9 
5 
2 
10 
26 
14 
2 
10 
7 
8 
15 
33 
34 
15 
32 
16 
13 
17 
18 
2 
16 
8 
0 
39 
1 
34 
48 
41 
26 
15 
23 
24 
13 
2 
22 
21 
16 
0 
8 
1 
26 
31 
33 
26 
7 
8 
6 
5 
23 
32 
24 
24 
16 
5 
2 
6 
5 
0 
20 
18 
23 
32 
25 
10 
0 
8 
8 
9 
2 
10 
24 
7 
1 
10 
24 
33 
31 
48 
65 
13 
10 
23 
15 
8 
15 
31 
9 
2 
21 
23 
17 
18 
55 
72 
49 
34 
10 
2 
8 
8 
32 
8 
0 
5 
1 
2 
0 
8 
9 
10 
15 
20 
26 
15 
16 
16 
9 
2 
8 
15 
14 
18 
31 
24 
1 
0 
40 
33 
18 
7 
32 
21 
1 
26 
39 
16 
24 
16 
5 
6 
29 
15 
16 
25 
42 
39 
40 
24 
13 
2 
1 
2 
21 
5 
0 
15 
16 
1 
10 
18 
31 
16 
9 
2 
7 
24 
21 
9 
13 
16 
7 
16 
9 
10 
5 
15 
32 
33 
26 
7 
15 
8 
17 
2 
0 
8 
32 
49 
34 
34 
34 
23 
26 
2 
6 
13 
13 
8 
0 
7 
15 
7 
18 
30 
29 
24 
24 
23 
30 
10 
0 
6 
21 
21 
16 
0 
1 
5 
5 
16 
8 
7 
0 
10 
14 
37 
29 
24 
23 
14 
13 
8 
8 
9 
2 
0 
0 
14 
5 
16 
7 
13 
10 
30 
29 
21 
16 
16 
15 
6 
2 
8 
0 
56 
21 
26 
42 
34 
38 
2 
26 
29 
53 
2 
58 
5 
61 
37 
10 
15 
15 
8 
24 
8 
8 
5 
1 
34 
34 
18 
15 
23 
0 
0 
8 
0 
7 
8 
7 
8 
8 
29 
33 
34 
18 
15 
15 
23 
7 
0 
0 
15 
7 
16 
23 
0 
8 
17 
26 
26 
23 
32 
24 
13 
21 
10 
1 
2 
2 
2 
16 
8 
8 
32 
33 
10 
31 
39 
32 
24 
16 
8 
2 
2 
2 
10 
13 
5 
1 
5 
10 
23 
32 
32 
25 
10 
18 
15 
0 
8 
0 
16 
32 
37 
5 
34 
26 
6 
18 
31 
15 
24 
61 
49 
18 
5 
5 
13 
2 
21 
7 
24 
0 
32 
33 
26 
42 
23 
23 
8 
0 
21 
21 
5 
6 
13 
2 
2 
0 
0 
16 
29 
41 
34 
34 
34 
18 
18 
18 
5 
5 
2 
6 
10 
38 
13 
5 
7 
40 
48 
33 
26 
26 
10 
10 
5 
2 
8 
8 
15 
8 
0 
16 
21 
25 
2 
15 
0 
24 
32 
29 
13 
1 
2 
10 
13 
2 
16 
0 
15 
16 
21 
33 
26 
7 
7 
8 
8 
5 
25 
10 
26 
34 
2 
37 
16 
23 
15 
24 
21 
14 
42 
58 
31 
0 
0 
32 
64 
0 
5 
17 
42 
47 
24 
0 
17 
26 
34 
23 
7 
7 
16 
16 
5 
2 
2 
9 
2 
10 
0 
16 
7 
1 
42 
55 
48 
13 
1 
2 
23 
15 
0 
15 
23 
10 
9 
18 
23 
24 
41 
50 
34 
23 
0 
0 
8 
0 
0 
0 
5 
10 
1 
18 
23 
15 
24 
25 
13 
21 
31 
40 
29 
9 
18 
2 
7 
0 
15 
0 
13 
1 
26 
31 
16 
16 
21 
17 
18 
10 
5 
24 
7 
16 
16 
14 
5 
18 
23 
40 
41 
10 
18 
7 
7 
0 
29 
22 
29 
15 
48 
7 
1 
2 
16 
32 
57 
66 
32 
24 
45 
25 
2 
2 
16 
8 
0 
0 
10 
6 
10 
7 
32 
41 
34 
31 
16 
16 
21 
13 
1 
13 
2 
13 
0 
0 
7 
6 
10 
39 
33 
18 
31 
32 
17 
10 
8 
0 
0 
9 
2 
5 
24 
7 
9 
18 
32 
41 
34 
23 
8 
1 
7 
8 
1 
2 
32 
8 
37 
41 
18 
31 
15 
16 
25 
26 
31 
15 
16 
10 
1 
5 
2 
0 
16 
15 
6 
5 
23 
24 
25 
50 
48 
32 
6 
21 
24 
7 
16 
9 
2 
0 
9 
10 
7 
9 
18 
32 
17 
0 
8 
9 
31 
56 
33 
5 
21 
32 
7 
33 
26 
7 
28 
10 
0 
32 
41 
34 
23 
16 
2 
46 
2 
0 
0 
1 
2 
23 
25 
18 
7 
25 
42 
39 
8 
14 
61 
7 
49 
34 
8 
15 
6 
0 
12 
2 
31 
33 
23 
36 
10 
7 
16 
1 
8 
7 
14 
2 
0 
1 
18 
36 
34 
23 
17 
10 
32 
33 
18 
0 
15 
22 
18 
39 
8 
6 
10 
16 
25 
10 
23 
22 
10 
47 
24 
9 
10 
31 
24 
9 
37 
48 
0 
9 
31 
48 
25 
15 
0 
9 
10 
23 
24 
1 
2 
7 
0 
9 
5 
0 
8 
17 
26 
23 
20 
10 
15 
16 
25 
10 
15 
24 
32 
13 
1 
5 
5 
0 
23 
22 
34 
48 
65 
42 
0 
7 
8 
25 
10 
2 
8 
7 
15 
6 
18 
8 
9 
42 
40 
41 
18 
15 
7 
8 
1 
2 
13 
15 
0 
8 
9 
18 
15 
32 
1 
47 
32 
40 
5 
62 
29 
23 
24 
9 
21 
2 
7 
17 
34 
31 
49 
26 
15 
16 
5 
6 
13 
7 
0 
9 
18 
8 
8 
4 
34 
39 
16 
17 
26 
32 
29 
17 
2 
8 
7 
15 
14 
26 
23 
24 
13 
9 
53 
7 
60 
42 
23 
24 
16 
25 
2 
13 
24 
0 
9 
5 
0 
24 
25 
18 
23 
32 
25 
18 
7 
8 
0 
25 
10 
2 
8 
7 
15 
9 
15 
32 
9 
34 
23 
25 
2 
7 
16 
40 
9 
5 
21 
0 
8 
17 
18 
10 
16 
33 
18 
0 
16 
33 
23 
16 
2 
46 
21 
0 
33 
18 
32 
49 
31 
0 
14 
42 
39 
48 
25 
45 
37 
55 
40 
8 
18 
30 
13 
7 
8 
17 
26 
31 
24 
17 
2 
7 
16 
9 
10 
15 
0 
1 
5 
8 
8 
9 
26 
31 
17 
2 
7 
33 
18 
0 
8 
9 
2 
0 
8 
4 
5 
15 
28 
10 
31 
36 
34 
31 
24 
9 
29 
10 
16 
16 
8 
6 
2 
0 
8 
25 
15 
40 
33 
26 
7 
24 
10 
9 
2 
8 
24 
7 
14 
5 
0 
25 
58 
48 
9 
34 
31 
24 
25 
10 
2 
0 
7 
15 
0 
5 
1 
18 
32 
0 
89 
58 
34 
8 
24 
16 
66 
1 
10 
0 
8 
1 
10 
8 
9 
23 
52 
50 
31 
16 
5 
17 
10 
7 
0 
0 
15 
17 
2 
5 
0 
8 
1 
23 
32 
17 
26 
23 
24 
6 
5 
10 
7 
8 
9 
10 
0 
16 
6 
10 
15 
0 
33 
39 
24 
13 
1 
2 
0 
8 
2 
6 
2 
15 
32 
33 
2 
15 
20 
5 
15 
64 
53 
17 
2 
5 
29 
48 
56 
36 
42 
39 
16 
25 
26 
23 
24 
9 
5 
2 
0 
0 
2 
1 
2 
0 
3 
2 
23 
28 
26 
23 
32 
41 
34 
23 
15 
42 
22 
42 
31 
0 
14 
5 
15 
32 
25 
50 
31 
32 
13 
9 
2 
2 
7 
0 
0 
0 
10 
14 
13 
0 
60 
50 
39 
40 
31 
9 
18 
2 
0 
7 
0 
5 
1 
13 
0 
24 
33 
42 
23 
8 
9 
5 
2 
0 
0 
33 
34 
15 
0 
15 
8 
9 
2 
0 
16 
17 
26 
31 
16 
9 
10 
0 
8 
7 
6 
18 
7 
0 
1 
10 
23 
36 
42 
31 
40 
21 
1 
21 
48 
8 
16 
17 
26 
31 
32 
1 
69 
7 
36 
18 
39 
24 
17 
18 
7 
8 
0 
6 
18 
0 
8 
16 
17 
34 
24 
0 
25 
50 
23 
0 
16 
37 
17 
5 
13 
8 
0 
16 
21 
25 
13 
31 
8 
8 
25 
18 
18 
7 
8 
0 
9 
2 
13 
8 
24 
25 
18 
0 
0 
25 
82 
47 
31 
5 
9 
10 
10 
8 
23 
23 
6 
10 
8 
41 
58 
55 
16 
14 
5 
0 
0 
0 
9 
34 
15 
15 
16 
21 
9 
2 
7 
23 
31 
22 
26 
31 
32 
32 
17 
2 
0 
0 
7 
6 
13 
15 
8 
25 
50 
48 
40 
25 
10 
2 
21 
8 
8 
0 
21 
17 
10 
7 
16 
32 
17 
34 
15 
24 
7 
5 
17 
2 
13 
40 
0 
8 
9 
10 
8 
7 
25 
66 
56 
33 
10 
13 
15 
40 
21 
6 
13 
45 
16 
16 
17 
2 
15 
32 
33 
26 
31 
32 
17 
26 
8 
8 
15 
31 
30 
13 
31 
40 
25 
26 
7 
33 
18 
23 
7 
0 
6 
13 
7 
1 
2 
23 
25 
18 
16 
1 
31 
36 
18 
39 
49 
42 
26 
7 
0 
7 
7 
10 
102 
21 
7 
17 
50 
52 
34 
16 
33 
23 
24 
6 
2 
15 
15 
16 
13 
6 
5 
0 
12 
10 
24 
33 
50 
7 
49 
2 
16 
47 
14 
7 
36 
34 
8 
3 
18 
15 
12 
18 
8 
33 
55 
24 
9 
5 
8 
7 
17 
10 
8 
0 
9 
34 
48 
33 
2 
45 
47 
29 
1 
26 
39 
56 
16 
5 
26 
22 
45 
2 
39 
40 
25 
34 
23 
24 
8 
5 
1 
5 
0 
0 
7 
8 
1 
10 
7 
8 
25 
37 
39 
36 
18 
47 
32 
9 
2 
5 
7 
0 
14 
5 
16 
17 
18 
32 
17 
15 
32 
25 
23 
8 
1 
10 
0 
0 
7 
14 
0 
8 
9 
18 
16 
33 
23 
32 
1 
2 
7 
9 
5 
0 
8 
17 
29 
16 
17 
32 
36 
42 
36 
26 
23 
20 
2 
15 
8 
9 
18 
15 
23 
22 
10 
23 
36 
26 
16 
17 
50 
39 
32 
1 
5 
7 
0 
1 
10 
5 
8 
3 
18 
31 
44 
26 
15 
24 
9 
2 
15 
0 
30 
21 
7 
32 
1 
0 
0 
1 
15 
36 
18 
31 
49 
58 
47 
16 
79 
70 
5 
0 
12 
26 
15 
36 
26 
31 
9 
2 
28 
5 
8 
41 
18 
31 
32 
8 
1 
37 
24 
24 
17 
26 
16 
25 
23 
28 
18 
0 
16 
9 
2 
8 
15 
9 
2 
7 
16 
17 
15 
0 
1 
31 
28 
26 
15 
12 
18 
7 
0 
7 
30 
8 
16 
17 
7 
44 
2 
16 
73 
47 
32 
5 
22 
2 
0 
0 
1 
21 
0 
16 
9 
10 
32 
33 
31 
32 
9 
10 
15 
16 
1 
5 
24 
0 
6 
2 
8 
25 
66 
48 
17 
2 
144 
8 
65 
63 
17 
10 
15 
24 
9 
10 
8 
23 
1 
0 
11 
10 
47 
65 
42 
15 
10 
1 
2 
0 
7 
38 
0 
16 
9 
31 
25 
26 
23 
41 
2 
7 
16 
9 
2 
8 
4 
18 
7 
8 
6 
2 
24 
33 
23 
32 
25 
2 
7 
3 
2 
7 
7 
8 
6 
2 
7 
25 
18 
23 
36 
10 
7 
24 
25 
2 
8 
7 
14 
21 
7 
28 
34 
23 
24 
33 
23 
24 
14 
21 
39 
32 
6 
26 
5 
24 
16 
9 
13 
0 
20 
34 
39 
44 
66 
47 
23 
0 
0 
2 
6 
5 
2 
2 
16 
7 
8 
1 
26 
31 
16 
9 
34 
31 
16 
2 
1 
18 
40 
40 
7 
6 
18 
24 
25 
34 
32 
33 
18 
15 
0 
1 
10 
0 
8 
16 
6 
26 
7 
7 
14 
26 
24 
57 
42 
0 
8 
16 
18 
1 
5 
8 
8 
9 
5 
8 
28 
26 
23 
24 
33 
18 
39 
31 
16 
17 
13 
2 
8 
0 
18 
22 
2 
15 
25 
34 
39 
40 
33 
26 
0 
95 
31 
1 
7 
24 
33 
79 
8 
6 
26 
7 
16 
9 
2 
7 
32 
25 
18 
7 
15 
0 
2 
22 
10 
23 
15 
8 
17 
26 
39 
32 
32 
21 
17 
10 
37 
45 
8 
16 
0 
1 
34 
31 
24 
17 
10 
18 
23 
24 
5 
6 
10 
15 
15 
8 
8 
2 
30 
53 
15 
4 
50 
95 
56 
41 
10 
10 
61 
48 
8 
5 
1 
2 
8 
3 
10 
31 
28 
18 
7 
17 
58 
47 
24 
1 
5 
0 
8 
8 
1 
29 
40 
40 
17 
10 
16 
25 
34 
39 
25 
10 
0 
0 
1 
2 
16 
0 
9 
10 
7 
28 
2 
7 
44 
50 
31 
8 
9 
13 
16 
24 
14 
34 
71 
40 
10 
1 
2 
7 
16 
9 
26 
15 
16 
13 
1 
18 
10 
0 
0 
7 
17 
2 
16 
0 
57 
66 
47 
39 
8 
47 
16 
13 
30 
2 
8 
7 
16 
9 
2 
0 
41 
42 
23 
8 
5 
6 
18 
15 
8 
2 
1 
2 
0 
0 
54 
2 
31 
14 
55 
76 
50 
23 
16 
1 
5 
10 
15 
7 
2 
14 
2 
0 
17 
2 
23 
25 
18 
32 
49 
42 
23 
24 
15 
5 
1 
10 
7 
32 
25 
5 
23 
23 
15 
1 
42 
16 
39 
17 
34 
0 
8 
9 
2 
8 
25 
26 
15 
24 
25 
26 
23 
16 
17 
5 
2 
15 
24 
8 
10 
22 
2 
15 
8 
9 
18 
31 
40 
45 
17 
18 
15 
40 
0 
0 
5 
9 
5 
16 
24 
17 
2 
7 
20 
18 
55 
48 
13 
6 
13 
8 
8 
21 
6 
5 
8 
16 
9 
10 
24 
17 
34 
47 
32 
5 
1 
5 
8 
8 
0 
6 
18 
23 
24 
9 
10 
39 
48 
33 
18 
32 
0 
55 
0 
14 
13 
16 
17 
18 
24 
33 
50 
40 
25 
13 
23 
32 
25 
21 
2 
7 
16 
13 
17 
2 
7 
7 
16 
1 
18 
23 
16 
9 
10 
10 
15 
40 
32 
10 
54 
29 
8 
24 
57 
42 
15 
32 
14 
10 
15 
40 
41 
26 
18 
7 
0 
7 
23 
1 
5 
13 
7 
40 
25 
50 
47 
8 
2 
1 
10 
2 
15 
15 
0 
63 
46 
10 
23 
44 
34 
31 
57 
34 
23 
7 
0 
2 
1 
2 
2 
8 
15 
24 
25 
10 
5 
7 
40 
33 
34 
26 
31 
0 
16 
31 
0 
0 
9 
10 
5 
7 
32 
41 
34 
31 
24 
7 
8 
8 
5 
13 
29 
6 
13 
10 
31 
0 
24 
33 
42 
5 
48 
15 
40 
29 
25 
2 
5 
10 
18 
24 
0 
16 
47 
17 
34 
55 
39 
40 
13 
1 
18 
10 
2 
8 
8 
8 
7 
2 
9 
5 
15 
40 
33 
34 
31 
16 
16 
5 
1 
13 
2 
0 
0 
0 
0 
9 
26 
23 
32 
25 
34 
18 
15 
0 
8 
13 
1 
5 
5 
24 
15 
32 
17 
10 
7 
24 
25 
42 
23 
8 
23 
16 
25 
2 
2 
0 
8 
31 
9 
31 
40 
33 
5 
39 
24 
13 
17 
2 
0 
16 
0 
6 
13 
0 
32 
25 
26 
23 
40 
29 
41 
26 
18 
0 
24 
24 
24 
0 
22 
37 
15 
56 
57 
58 
0 
95 
4 
18 
15 
48 
57 
42 
23 
0 
39 
39 
22 
10 
23 
16 
33 
34 
31 
31 
24 
5 
9 
10 
18 
15 
15 
8 
7 
6 
5 
5 
15 
33 
34 
15 
31 
16 
9 
13 
13 
7 
8 
8 
9 
10 
7 
16 
9 
2 
7 
44 
34 
31 
15 
0 
10 
6 
10 
15 
8 
15 
1 
18 
23 
16 
29 
33 
34 
31 
32 
24 
18 
6 
10 
21 
0 
7 
0 
7 
9 
18 
15 
16 
25 
10 
31 
24 
13 
9 
2 
0 
0 
8 
2 
22 
2 
7 
28 
18 
23 
32 
25 
10 
34 
31 
48 
32 
7 
15 
16 
66 
38 
10 
15 
8 
25 
18 
23 
49 
42 
15 
7 
8 
2 
14 
2 
7 
8 
0 
2 
9 
18 
15 
25 
10 
39 
32 
8 
6 
13 
8 
0 
25 
42 
18 
15 
0 
13 
17 
18 
31 
23 
24 
8 
2 
5 
1 
2 
13 
8 
0 
7 
8 
9 
26 
31 
32 
25 
18 
7 
15 
16 
5 
5 
14 
5 
0 
8 
7 
9 
18 
23 
32 
25 
18 
23 
16 
9 
5 
7 
23 
0 
7 
6 
2 
24 
7 
1 
15 
36 
42 
31 
48 
24 
17 
2 
2 
0 
0 
6 
21 
7 
32 
1 
26 
31 
16 
65 
29 
16 
24 
1 
29 
0 
0 
9 
34 
39 
32 
17 
26 
7 
23 
32 
17 
18 
7 
7 
8 
0 
5 
2 
6 
13 
16 
8 
17 
26 
31 
24 
33 
26 
23 
8 
0 
25 
2 
10 
0 
0 
1 
13 
5 
0 
9 
18 
23 
25 
26 
15 
24 
25 
10 
10 
0 
15 
1 
5 
7 
16 
17 
18 
8 
17 
34 
39 
48 
13 
9 
2 
7 
16 
15 
6 
5 
0 
16 
9 
10 
16 
25 
34 
40 
25 
10 
18 
7 
0 
7 
5 
1 
5 
0 
8 
25 
26 
31 
31 
32 
41 
42 
2 
8 
24 
0 
0 
79 
25 
18 
15 
31 
20 
18 
31 
39 
48 
13 
1 
2 
10 
15 
0 
40 
24 
23 
17 
13 
0 
1 
37 
60 
50 
15 
49 
114 
71 
8 
15 
15 
15 
2 
6 
13 
13 
7 
24 
33 
18 
7 
8 
1 
7 
8 
17 
10 
23 
7 
0 
5 
1 
18 
23 
28 
18 
0 
25 
10 
0 
0 
1 
18 
15 
16 
5 
6 
2 
15 
24 
17 
18 
23 
32 
25 
7 
7 
9 
2 
0 
0 
17 
10 
10 
15 
24 
17 
34 
42 
31 
24 
32 
32 
24 
16 
8 
7 
8 
0 
7 
7 
7 
2 
1 
2 
8 
1 
18 
15 
16 
21 
33 
26 
18 
10 
18 
5 
7 
7 
8 
8 
9 
26 
15 
16 
0 
13 
17 
2 
2 
13 
16 
7 
8 
1 
5 
0 
28 
26 
15 
16 
33 
26 
15 
0 
9 
5 
7 
7 
8 
1 
2 
15 
0 
25 
34 
23 
40 
33 
26 
18 
8 
0 
0 
6 
13 
32 
7 
6 
10 
8 
25 
23 
33 
26 
23 
8 
17 
10 
15 
16 
8 
1 
5 
0 
1 
10 
7 
6 
12 
13 
30 
3 
10 
17 
7 
40 
81 
78 
77 
69 
48 
47 
23 
0 
7 
7 
21 
21 
21 
5 
10 
8 
8 
0 
16 
16 
0 
7 
7 
30 
24 
3 
10 
28 
10 
23 
17 
5 
8 
1 
2 
16 
1 
0 
4 
10 
32 
41 
47 
40 
25 
15 
16 
1 
10 
15 
17 
5 
8 
15 
1 
85 
4 
2 
3 
19 
34 
52 
50 
36 
10 
8 
6 
10 
7 
7 
33 
63 
44 
2 
36 
34 
28 
2 
27 
45 
11 
21 
16 
6 
15 
44 
42 
39 
40 
53 
57 
74 
71 
47 
47 
23 
15 
0 
8 
24 
5 
21 
13 
13 
29 
24 
24 
6 
5 
8 
17 
31 
25 
26 
16 
17 
26 
112 
35 
21 
20 
53 
35 
11 
66 
41 
3 
19 
11 
11 
11 
95 
153 
103 
103 
119 
86 
45 
16 
15 
32 
45 
32 
24 
39 
11 
5 
0 
15 
6 
10 
10 
23 
56 
56 
61 
37 
10 
98 
1 
18 
98 
87 
0 
72 
80 
35 
61 
139 
139 
103 
65 
18 
27 
60 
148 
204 
194 
202 
182 
72 
131 
125 
46 
15 
73 
135 
72 
85 
104 
96 
86 
92 
57 
13 
1 
60 
55 
41 
71 
77 
133 
125 
53 
23 
7 
157 
237 
59 
178 
105 
44 
18 
83 
37 
12 
29 
30 
20 
13 
4 
4 
37 
17 
22 
1 
52 
76 
39 
9 
36 
26 
16 
33 
15 
9 
0 
22 
27 
19 
19 
35 
11 
4 
14 
34 
25 
28 
44 
69 
10 
9 
38 
26 
57 
11 
47 
33 
23 
56 
89 
66 
8 
17 
130 
159 
32 
57 
5 
136 
142 
152 
102 
8 
81 
7 
41 
139 
138 
89 
28 
105 
93 
62 
44 
42 
15 
32 
77 
113 
74 
24 
99 
44 
117 
86 
4 
91 
43 
18 
17 
4 
0 
25 
63 
113 
226 
122 
102 
69 
16 
59 
53 
167 
193 
162 
38 
53 
40 
16 
49 
12 
49 
68 
79 
1 
31 
35 
97 
97 
116 
122 
134 
74 
510 
131 
167 
217 
254 
268 
288 
317 
324 
368 
312 
267 
228 
159 
97 
18 
119 
160 
152 
95 
62 
37 
27 
45 
72 
141 
219 
141 
78 
72 
112 
149 
32 
70 
53 
44 
18 
55 
15 
120 
8 
56 
120 
232 
182 
116 
93 
16 
81 
303 
9 
13 
191 
358 
322 
86 
75 
84 
92 
178 
126 
149 
33 
100 
216 
253 
67 
43 
68 
189 
262 
219 
107 
35 
79 
232 
79 
29 
117 
137 
21 
85 
0 
62 
117 
350 
714 
339 
19 
20 
105 
57 
100 
182 
253 
203 
242 
312 
310 
154 
38 
160 
6 
93 
107 
77 
8 
96 
75 
53 
102 
99 
191 
73 
4 
38 
14 
20 
35 
92 
60 
9 
44 
140 
143 
71 
18 
114 
127 
81 
70 
93 
67 
83 
154 
108 
226 
414 
439 
86 
364 
327 
140 
125 
107 
36 
85 
64 
111 
134 
133 
171 
22 
50 
94 
78 
49 
89 
9 
9 
73 
148 
167 
197 
301 
228 
18 
201 
216 
137 
74 
87 
152 
10 
370 
206 
51 
29 
100 
58 
66 
65 
175 
165 
61 
57 
114 
190 
13 
66 
14 
241 
248 
301 
339 
21 
200 
229 
189 
142 
186 
144 
175 
32 
97 
116 
92 
84 
146 
150 
196 
96 
45 
133 
93 
33 
93 
122 
209 
310 
221 
54 
70 
58 
17 
127 
168 
55 
119 
73 
28 
121 
201 
201 
202 
231 
87 
213 
245 
220 
513 
592 
115 
324 
284 
180 
75 
10 
36 
58 
31 
59 
157 
55 
6 
78 
93 
52 
43 
69 
27 
112 
166 
163 
205 
226 
169 
187 
227 
146 
64 
77 
24 
39 
0 
13 
37 
85 
147 
231 
233 
222 
168 
118 
15 
169 
230 
301 
467 
8 
75 
300 
366 
269 
39 
141 
297 
301 
293 
282 
241 
218 
138 
53 
23 
73 
106 
137 
58 
24 
8 
23 
64 
70 
87 
233 
87 
111 
206 
35 
35 
97 
73 
65 
116 
50 
71 
55 
103 
96 
74 
238 
477 
163 
154 
349 
421 
213 
6 
66 
64 
118 
100 
253 
81 
162 
95 
62 
96 
70 
35 
20 
53 
62 
21 
98 
25 
64 
21 
37 
7 
47 
23 
55 
16 
24 
72 
209 
190 
34 
19 
122 
153 
103 
31 
8 
55 
66 
2 
2 
23 
9 
44 
146 
135 
51 
1 
97 
188 
25 
314 
126 
195 
47 
117 
210 
289 
231 
119 
0 
26 
73 
231 
227 
285 
354 
305 
55 
174 
51 
138 
261 
117 
83 
14 
54 
30 
73 
145 
101 
54 
44 
114 
88 
101 
117 
93 
64 
97 
77 
208 
275 
260 
350 
826 
371 
258 
329 
268 
139 
69 
166 
114 
145 
264 
209 
21 
17 
174 
259 
287 
289 
127 
207 
71 
21 
61 
141 
69 
21 
25 
5 
107 
116 
29 
41 
111 
168 
62 
170 
161 
11 
164 
122 
134 
64 
38 
75 
51 
167 
201 
230 
268 
159 
48 
320 
356 
97 
311 
219 
216 
269 
26 
142 
37 
36 
60 
103 
163 
164 
255 
323 
497 
417 
167 
265 
74 
248 
387 
636 
598 
153 
17 
48 
151 
134 
195 
140 
51 
2 
48 
81 
186 
134 
157 
63 
8 
240 
355 
452 
274 
24 
174 
236 
383 
351 
150 
28 
158 
188 
199 
235 
21 
96 
155 
296 
372 
183 
149 
89 
13 
68 
76 
250 
387 
177 
81 
68 
2 
64 
78 
19 
49 
44 
53 
0 
149 
117 
15 
94 
325 
227 
25 
114 
232 
437 
508 
154 
177 
90 
2 
6 
26 
20 
93 
114 
113 
116 
130 
49 
73 
108 
210 
302 
180 
29 
104 
38 
107 
139 
124 
406 
197 
155 
103 
49 
7 
9 
98 
135 
27 
65 
207 
158 
50 
46 
249 
114 
127 
205 
449 
464 
77 
11 
114 
223 
246 
258 
264 
243 
139 
92 
260 
159 
19 
58 
41 
14 
10 
29 
38 
91 
10 
13 
24 
133 
189 
231 
168 
17 
34 
23 
73 
76 
20 
130 
191 
111 
5 
36 
57 
224 
355 
331 
266 
200 
152 
112 
67 
125 
338 
477 
573 
250 
86 
180 
249 
209 
192 
93 
18 
40 
96 
200 
222 
178 
136 
43 
37 
32 
189 
366 
433 
496 
475 
275 
131 
39 
15 
91 
244 
447 
416 
278 
19 
42 
78 
77 
99 
93 
142 
132 
11 
6 
165 
118 
236 
51 
59 
106 
193 
367 
155 
2 
18 
305 
7 
288 
312 
246 
131 
82 
104 
149 
32 
103 
118 
157 
235 
383 
437 
113 
86 
30 
109 
62 
246 
470 
521 
483 
249 
134 
54 
15 
39 
38 
68 
93 
20 
84 
170 
126 
24 
40 
92 
51 
105 
239 
365 
140 
17 
106 
193 
227 
213 
174 
131 
91 
19 
69 
174 
178 
177 
186 
7 
104 
89 
60 
41 
81 
73 
35 
67 
171 
229 
85 
246 
187 
35 
20 
95 
164 
185 
201 
255 
287 
296 
199 
98 
53 
53 
219 
436 
591 
566 
506 
366 
43 
143 
208 
174 
232 
246 
187 
204 
247 
253 
157 
48 
133 
88 
1 
44 
106 
127 
90 
41 
301 
333 
328 
178 
71 
204 
443 
324 
121 
22 
138 
137 
137 
18 
87 
12 
29 
51 
73 
69 
94 
128 
62 
127 
128 
47 
46 
71 
19 
37 
47 
113 
21 
91 
197 
114 
65 
5 
7 
96 
237 
133 
134 
329 
408 
430 
415 
337 
159 
123 
197 
114 
160 
157 
160 
174 
114 
161 
31 
78 
90 
65 
47 
49 
10 
48 
17 
146 
134 
56 
144 
34 
190 
141 
72 
46 
23 
109 
141 
68 
73 
73 
97 
34 
136 
176 
198 
139 
4 
37 
142 
179 
107 
51 
162 
222 
204 
276 
258 
127 
15 
62 
82 
203 
305 
304 
296 
285 
229 
137 
149 
259 
266 
219 
289 
369 
312 
352 
77 
324 
281 
256 
177 
170 
290 
270 
125 
0 
104 
141 
345 
178 
238 
109 
38 
139 
212 
59 
203 
291 
223 
245 
225 
90 
74 
31 
158 
188 
145 
117 
38 
7 
20 
74 
60 
42 
41 
76 
59 
50 
46 
37 
24 
14 
31 
80 
27 
41 
17 
4 
51 
46 
78 
90 
73 
48 
146 
193 
114 
71 
64 
93 
61 
93 
227 
210 
144 
1 
144 
70 
58 
54 
123 
58 
334 
332 
196 
98 
63 
56 
124 
85 
122 
245 
277 
272 
198 
150 
27 
111 
168 
286 
91 
67 
66 
14 
3 
43 
54 
30 
50 
49 
1 
5 
65 
159 
161 
100 
52 
79 
96 
139 
156 
133 
99 
2 
71 
79 
95 
62 
85 
23 
64 
1 
13 
16 
46 
61 
32 
23 
16 
0 
118 
27 
122 
73 
55 
6 
13 
95 
158 
189 
168 
118 
69 
23 
327 
227 
53 
43 
44 
2 
1 
19 
5 
44 
47 
24 
116 
5 
47 
66 
138 
162 
135 
128 
152 
40 
10 
2 
106 
343 
296 
107 
42 
81 
82 
15 
15 
73 
87 
136 
145 
130 
122 
142 
112 
62 
3 
98 
153 
127 
136 
325 
372 
232 
61 
28 
111 
164 
288 
363 
143 
17 
209 
121 
125 
79 
61 
141 
131 
37 
19 
45 
31 
39 
14 
60 
133 
186 
129 
108 
28 
162 
239 
214 
172 
177 
113 
68 
21 
65 
202 
198 
108 
50 
1 
56 
11 
34 
71 
47 
48 
6 
75 
153 
105 
35 
123 
90 
112 
165 
136 
87 
30 
15 
33 
10 
151 
86 
124 
69 
54 
20 
29 
49 
4 
52 
124 
47 
72 
157 
149 
149 
243 
255 
169 
63 
39 
126 
163 
186 
208 
232 
227 
133 
25 
105 
143 
168 
245 
205 
120 
24 
49 
82 
47 
135 
166 
156 
69 
46 
14 
33 
64 
57 
106 
17 
5 
133 
173 
125 
57 
5 
15 
103 
102 
29 
144 
317 
221 
94 
43 
59 
146 
200 
101 
80 
72 
48 
25 
10 
23 
20 
21 
24 
0 
15 
62 
84 
97 
105 
87 
97 
143 
104 
41 
7 
113 
150 
101 
108 
93 
11 
95 
127 
219 
337 
281 
183 
41 
43 
10 
127 
292 
291 
182 
102 
51 
12 
12 
55 
80 
64 
17 
77 
139 
121 
65 
100 
116 
148 
81 
10 
65 
100 
140 
107 
74 
19 
19 
108 
84 
161 
209 
204 
34 
136 
346 
369 
415 
18 
189 
117 
214 
187 
98 
129 
140 
175 
193 
127 
33 
83 
123 
155 
179 
106 
128 
137 
183 
263 
192 
47 
109 
237 
276 
193 
164 
148 
77 
14 
39 
64 
40 
0 
9 
12 
12 
73 
65 
1 
2 
59 
83 
20 
113 
33 
92 
92 
18 
60 
138 
63 
15 
13 
57 
162 
238 
253 
166 
52 
50 
119 
65 
82 
111 
81 
98 
154 
66 
9 
66 
31 
17 
4 
10 
17 
112 
141 
150 
146 
97 
44 
2 
14 
8 
49 
90 
127 
28 
193 
249 
194 
140 
11 
28 
139 
122 
188 
258 
151 
118 
64 
46 
128 
22 
23 
88 
57 
90 
135 
90 
63 
96 
149 
93 
10 
21 
101 
48 
25 
39 
24 
40 
95 
142 
109 
47 
71 
46 
40 
87 
118 
164 
153 
65 
13 
57 
60 
47 
96 
5 
5 
53 
104 
70 
29 
63 
110 
125 
78 
11 
19 
2 
30 
19 
53 
32 
54 
93 
70 
3 
37 
75 
92 
125 
126 
1 
167 
208 
238 
254 
182 
94 
23 
64 
37 
6 
2 
56 
109 
149 
128 
62 
0 
37 
90 
151 
55 
190 
276 
340 
311 
265 
171 
14 
89 
28 
27 
134 
290 
232 
65 
10 
39 
96 
96 
125 
128 
44 
82 
33 
76 
42 
27 
5 
70 
90 
49 
51 
139 
114 
127 
110 
85 
69 
40 
16 
21 
21 
29 
40 
54 
11 
3 
76 
85 
46 
52 
63 
41 
15 
10 
1 
54 
61 
24 
15 
8 
54 
24 
73 
7 
134 
125 
41 
77 
155 
181 
112 
17 
143 
191 
198 
152 
78 
7 
47 
123 
172 
297 
132 
27 
50 
96 
149 
189 
227 
251 
194 
132 
4 
81 
105 
108 
2 
39 
79 
102 
125 
134 
118 
35 
3 
27 
130 
126 
48 
87 
94 
53 
6 
5 
40 
2 
50 
39 
30 
64 
54 
80 
103 
26 
53 
157 
53 
15 
40 
80 
31 
14 
58 
22 
10 
47 
62 
35 
42 
127 
19 
45 
47 
38 
61 
80 
59 
45 
7 
32 
41 
34 
15 
40 
7 
16 
17 
7 
15 
1 
26 
58 
86 
40 
64 
141 
173 
156 
109 
57 
76 
67 
59 
22 
22 
90 
152 
136 
142 
116 
85 
51 
24 
30 
16 
56 
117 
120 
88 
71 
18 
45 
77 
48 
40 
16 
15 
14 
29 
7 
25 
2 
48 
24 
24 
0 
1 
26 
47 
80 
96 
63 
78 
85 
83 
77 
27 
10 
31 
57 
66 
127 
183 
103 
1 
23 
11 
34 
57 
47 
57 
31 
9 
12 
45 
62 
62 
28 
98 
79 
74 
86 
85 
48 
39 
62 
61 
16 
16 
34 
1 
58 
26 
5 
7 
55 
98 
78 
2 
40 
9 
32 
6 
31 
57 
47 
49 
18 
23 
16 
15 
46 
29 
7 
64 
53 
33 
26 
31 
32 
6 
0 
9 
10 
24 
25 
18 
18 
18 
10 
10 
10 
2 
29 
48 
11 
18 
47 
77 
57 
2 
5 
13 
5 
0 
7 
8 
31 
38 
21 
43 
29 
4 
59 
82 
57 
31 
52 
26 
18 
7 
16 
25 
34 
18 
26 
26 
0 
16 
24 
37 
1 
13 
24 
8 
13 
6 
5 
8 
8 
0 
1 
13 
35 
25 
18 
52 
74 
95 
79 
71 
62 
61 
48 
63 
38 
26 
135 
103 
63 
22 
37 
7 
57 
18 
39 
25 
10 
23 
32 
25 
2 
7 
0 
8 
1 
5 
32 
3 
50 
31 
48 
40 
40 
56 
40 
16 
24 
23 
6 
13 
24 
15 
1 
10 
15 
32 
41 
34 
18 
15 
7 
7 
7 
13 
9 
18 
0 
23 
22 
16 
6 
0 
36 
50 
31 
24 
0 
6 
10 
31 
55 
15 
7 
8 
16 
1 
2 
24 
25 
2 
7 
6 
45 
16 
0 
17 
39 
63 
56 
32 
16 
9 
10 
23 
32 
41 
18 
15 
0 
24 
16 
23 
55 
23 
18 
14 
5 
7 
33 
42 
47 
32 
7 
25 
42 
23 
7 
14 
2 
8 
15 
38 
32 
1 
0 
1 
23 
33 
47 
77 
65 
82 
50 
5 
13 
5 
21 
37 
16 
47 
31 
16 
16 
1 
10 
7 
24 
9 
5 
8 
7 
1 
18 
39 
47 
16 
2 
1 
10 
8 
0 
16 
18 
22 
10 
16 
0 
71 
1 
79 
81 
58 
44 
26 
23 
25 
18 
0 
8 
0 
13 
6 
13 
0 
8 
1 
10 
7 
16 
8 
1 
2 
15 
39 
40 
33 
18 
7 
0 
0 
0 
6 
5 
7 
8 
1 
21 
16 
9 
18 
28 
18 
23 
41 
42 
31 
48 
32 
40 
0 
15 
38 
37 
39 
30 
16 
14 
19 
34 
56 
49 
47 
64 
37 
1 
13 
16 
15 
22 
24 
11 
21 
19 
18 
57 
47 
28 
34 
47 
48 
37 
29 
17 
5 
24 
47 
54 
32 
33 
63 
68 
18 
8 
48 
57 
50 
8 
24 
0 
21 
22 
37 
8 
6 
34 
28 
5 
7 
1 
31 
32 
33 
26 
31 
24 
24 
13 
17 
10 
5 
16 
8 
3 
10 
0 
20 
26 
31 
16 
6 
8 
3 
13 
0 
9 
8 
1 
23 
40 
29 
33 
50 
47 
47 
32 
16 
9 
5 
5 
2 
7 
0 
24 
7 
1 
5 
0 
25 
34 
31 
37 
33 
18 
18 
7 
7 
7 
7 
15 
15 
22 
13 
0 
36 
42 
55 
56 
17 
26 
18 
0 
8 
23 
0 
14 
29 
8 
8 
17 
31 
24 
33 
26 
39 
32 
17 
34 
26 
2 
10 
2 
13 
24 
8 
0 
9 
2 
15 
24 
25 
34 
31 
7 
15 
15 
16 
8 
0 
0 
0 
14 
2 
8 
8 
25 
18 
31 
24 
13 
9 
2 
0 
15 
9 
5 
5 
7 
12 
26 
31 
31 
24 
9 
26 
15 
8 
6 
2 
0 
0 
6 
2 
8 
8 
1 
15 
28 
34 
31 
32 
25 
26 
0 
16 
13 
6 
2 
8 
7 
6 
21 
24 
6 
23 
44 
42 
39 
25 
5 
0 
0 
1 
23 
12 
5 
0 
20 
18 
15 
9 
15 
20 
26 
23 
3 
10 
15 
32 
25 
10 
18 
0 
8 
17 
18 
7 
8 
6 
10 
23 
28 
10 
7 
32 
32 
17 
5 
13 
16 
7 
6 
10 
15 
33 
42 
39 
36 
18 
31 
16 
0 
14 
13 
16 
0 
14 
2 
8 
1 
15 
28 
10 
28 
42 
47 
48 
37 
17 
18 
2 
2 
24 
15 
7 
6 
8 
12 
10 
39 
41 
26 
15 
8 
25 
18 
0 
7 
30 
5 
0 
1 
5 
8 
17 
31 
44 
42 
31 
32 
1 
5 
7 
8 
5 
9 
10 
0 
16 
17 
26 
23 
24 
6 
2 
15 
15 
8 
1 
21 
40 
7 
9 
8 
9 
15 
41 
34 
28 
34 
23 
17 
2 
8 
24 
9 
26 
7 
0 
14 
13 
16 
14 
2 
28 
42 
40 
41 
39 
32 
25 
10 
10 
0 
7 
7 
14 
8 
16 
17 
26 
23 
24 
17 
34 
39 
48 
32 
16 
16 
8 
8 
7 
15 
7 
1 
5 
8 
0 
25 
26 
23 
40 
32 
24 
16 
8 
15 
7 
7 
2 
14 
16 
0 
17 
34 
32 
17 
18 
31 
32 
13 
1 
5 
8 
0 
8 
17 
10 
10 
0 
0 
14 
21 
8 
6 
2 
4 
5 
0 
1 
55 
57 
55 
64 
49 
42 
31 
23 
8 
0 
7 
8 
16 
7 
7 
1 
13 
8 
0 
1 
0 
12 
5 
4 
34 
31 
33 
31 
36 
10 
15 
24 
25 
10 
15 
8 
5 
6 
10 
15 
16 
1 
2 
8 
3 
13 
24 
38 
43 
61 
62 
51 
27 
22 
2 
14 
51 
44 
68 
60 
36 
44 
19 
30 
10 
6 
4 
3 
3 
1 
13 
6 
9 
17 
25 
44 
44 
35 
26 
20 
19 
10 
19 
4 
10 
1 
12 
20 
42 
25 
19 
26 
28 
31 
25 
23 
9 
7 
28 
2 
8 
14 
21 
14 
8 
1 
20 
7 
17 
28 
31 
17 
20 
18 
4 
0 
6 
3 
2 
3 
29 
9 
12 
27 
11 
34 
33 
43 
26 
20 
10 
6 
0 
9 
4 
21 
27 
4 
11 
10 
17 
28 
35 
42 
41 
43 
26 
12 
10 
12 
0 
14 
8 
9 
11 
10 
9 
11 
18 
12 
23 
17 
20 
18 
12 
5 
4 
5 
12 
5 
1 
3 
26 
49 
51 
42 
52 
34 
55 
33 
10 
24 
23 
6 
21 
15 
22 
24 
14 
19 
34 
60 
63 
33 
26 
20 
10 
15 
14 
37 
7 
1 
8 
1 
3 
5 
4 
15 
41 
36 
18 
9 
15 
17 
18 
20 
18 
15 
28 
10 
15 
6 
0 
17 
23 
25 
23 
20 
18 
15 
1 
2 
0 
6 
8 
6 
5 
4 
2 
20 
18 
36 
34 
40 
33 
34 
24 
17 
10 
0 
7 
30 
24 
6 
0 
9 
23 
41 
42 
32 
17 
18 
16 
17 
10 
7 
7 
14 
16 
15 
14 
8 
6 
7 
25 
55 
33 
39 
44 
18 
0 
4 
10 
7 
16 
9 
2 
7 
20 
18 
7 
20 
18 
7 
8 
17 
10 
7 
11 
13 
16 
11 
5 
12 
10 
20 
26 
36 
34 
44 
10 
7 
41 
34 
23 
9 
13 
8 
1 
13 
8 
14 
0 
25 
31 
44 
34 
31 
9 
2 
11 
37 
19 
13 
6 
15 
9 
23 
40 
41 
50 
48 
49 
50 
31 
16 
9 
2 
8 
24 
23 
22 
0 
0 
1 
7 
12 
18 
24 
25 
23 
20 
18 
23 
24 
25 
18 
7 
7 
7 
14 
13 
0 
33 
39 
40 
17 
34 
31 
8 
7 
14 
5 
0 
0 
14 
5 
23 
44 
34 
31 
16 
32 
17 
18 
18 
0 
8 
8 
5 
1 
13 
13 
16 
1 
2 
16 
9 
31 
41 
26 
16 
25 
34 
34 
23 
23 
0 
0 
0 
0 
6 
5 
15 
24 
17 
26 
23 
32 
5 
9 
18 
2 
0 
7 
0 
6 
13 
15 
24 
17 
18 
31 
48 
40 
32 
21 
13 
2 
6 
13 
32 
24 
3 
5 
7 
12 
26 
39 
48 
53 
29 
33 
18 
10 
2 
0 
0 
8 
23 
7 
6 
5 
15 
24 
33 
26 
23 
24 
13 
9 
5 
2 
0 
7 
8 
1 
5 
0 
40 
41 
34 
23 
23 
24 
24 
2 
2 
6 
5 
5 
5 
24 
7 
1 
10 
23 
40 
41 
42 
39 
32 
24 
13 
13 
10 
42 
30 
13 
0 
8 
25 
26 
23 
32 
41 
34 
18 
23 
7 
0 
7 
15 
10 
6 
5 
0 
8 
25 
18 
23 
32 
25 
26 
15 
15 
8 
5 
1 
2 
0 
8 
15 
14 
2 
7 
25 
34 
39 
48 
41 
26 
2 
0 
0 
0 
6 
10 
0 
0 
0 
9 
2 
31 
40 
41 
34 
34 
15 
23 
7 
7 
8 
7 
7 
15 
23 
22 
5 
0 
9 
34 
40 
48 
37 
29 
33 
10 
10 
10 
8 
8 
23 
14 
13 
0 
1 
34 
40 
25 
15 
8 
1 
2 
0 
8 
17 
18 
2 
0 
0 
9 
18 
31 
48 
41 
18 
10 
15 
16 
5 
17 
10 
2 
16 
7 
1 
2 
8 
8 
25 
34 
31 
40 
33 
10 
2 
2 
7 
7 
0 
7 
14 
5 
8 
0 
9 
15 
36 
26 
7 
12 
2 
23 
24 
17 
18 
18 
18 
7 
7 
15 
24 
37 
25 
18 
7 
0 
13 
6 
5 
8 
7 
1 
13 
16 
23 
6 
15 
36 
34 
15 
44 
34 
10 
15 
16 
17 
18 
10 
0 
7 
14 
13 
7 
25 
26 
7 
33 
42 
31 
16 
5 
9 
10 
7 
8 
9 
2 
8 
7 
22 
8 
20 
26 
40 
49 
42 
42 
42 
26 
0 
0 
7 
0 
15 
14 
13 
15 
16 
9 
10 
8 
25 
34 
15 
16 
5 
17 
18 
10 
16 
16 
0 
14 
0 
3 
10 
40 
49 
42 
23 
24 
24 
5 
1 
13 
16 
0 
6 
2 
0 
4 
10 
31 
32 
25 
15 
16 
17 
10 
0 
7 
16 
1 
2 
0 
3 
13 
8 
9 
23 
36 
26 
31 
33 
10 
0 
16 
9 
10 
7 
16 
9 
10 
0 
24 
33 
34 
23 
8 
5 
1 
10 
7 
0 
0 
5 
17 
2 
2 
0 
0 
9 
15 
32 
25 
26 
23 
32 
16 
2 
1 
2 
16 
24 
19 
37 
0 
1 
23 
33 
47 
52 
18 
7 
0 
1 
18 
23 
24 
13 
5 
17 
2 
0 
8 
17 
34 
32 
17 
2 
8 
9 
2 
0 
8 
6 
2 
8 
8 
9 
18 
31 
33 
18 
16 
9 
18 
8 
1 
2 
0 
9 
10 
7 
0 
6 
10 
15 
33 
26 
23 
33 
26 
15 
8 
2 
9 
2 
7 
7 
3 
13 
0 
12 
10 
24 
33 
39 
28 
10 
15 
16 
21 
9 
10 
0 
0 
6 
21 
8 
9 
18 
16 
17 
31 
32 
41 
34 
15 
0 
2 
1 
5 
16 
15 
14 
0 
12 
18 
31 
33 
58 
47 
32 
13 
17 
10 
2 
2 
16 
0 
0 
1 
2 
7 
24 
25 
42 
23 
8 
17 
10 
2 
8 
11 
13 
8 
7 
1 
15 
32 
41 
42 
50 
39 
32 
24 
17 
5 
13 
16 
15 
22 
13 
7 
1 
18 
15 
24 
25 
42 
39 
37 
25 
18 
0 
8 
8 
2 
5 
6 
5 
0 
0 
1 
10 
40 
33 
34 
23 
16 
0 
1 
5 
16 
0 
9 
5 
8 
7 
1 
23 
36 
42 
39 
32 
33 
26 
10 
15 
8 
24 
8 
10 
14 
5 
8 
0 
17 
10 
23 
40 
33 
34 
15 
0 
8 
5 
1 
5 
13 
0 
0 
8 
17 
15 
24 
33 
34 
31 
8 
24 
21 
9 
5 
5 
5 
8 
7 
6 
5 
15 
36 
26 
31 
40 
24 
17 
2 
8 
23 
1 
5 
8 
0 
17 
18 
31 
32 
41 
34 
39 
32 
21 
17 
10 
2 
2 
2 
0 
16 
8 
15 
14 
5 
12 
10 
31 
41 
42 
26 
39 
23 
15 
15 
0 
7 
0 
8 
7 
6 
18 
7 
28 
26 
15 
23 
16 
17 
2 
5 
0 
7 
15 
14 
0 
4 
10 
15 
25 
26 
39 
33 
26 
34 
23 
7 
8 
8 
1 
2 
2 
7 
8 
9 
18 
34 
39 
32 
24 
13 
21 
6 
21 
29 
16 
7 
6 
8 
12 
2 
23 
28 
26 
23 
33 
26 
23 
31 
32 
16 
32 
16 
0 
0 
7 
1 
10 
0 
8 
6 
26 
24 
21 
9 
18 
10 
7 
7 
7 
7 
7 
14 
13 
3 
5 
24 
33 
39 
24 
13 
25 
26 
18 
15 
7 
0 
0 
6 
21 
16 
17 
18 
31 
41 
34 
23 
23 
24 
21 
5 
1 
5 
5 
16 
16 
8 
9 
15 
24 
33 
34 
31 
24 
16 
13 
5 
1 
5 
5 
16 
15 
1 
2 
0 
1 
10 
44 
34 
39 
32 
21 
1 
2 
10 
15 
15 
8 
24 
29 
9 
10 
18 
23 
23 
23 
15 
7 
0 
8 
8 
15 
30 
29 
24 
14 
16 
1 
7 
9 
23 
33 
26 
32 
49 
50 
47 
40 
45 
29 
25 
26 
10 
5 
5 
5 
5 
2 
10 
2 
0 
0 
0 
0 
1 
5 
5 
7 
6 
5 
3 
18 
20 
10 
32 
9 
31 
25 
10 
15 
4 
10 
0 
15 
14 
24 
1 
15 
17 
23 
33 
47 
41 
34 
8 
9 
2 
0 
1 
13 
16 
14 
8 
12 
2 
9 
23 
41 
39 
52 
42 
31 
31 
16 
1 
2 
2 
16 
23 
22 
8 
28 
26 
36 
26 
7 
20 
2 
4 
13 
7 
9 
7 
9 
5 
0 
17 
23 
36 
26 
36 
42 
31 
9 
2 
0 
1 
13 
16 
38 
20 
21 
11 
0 
25 
36 
66 
68 
50 
31 
32 
33 
18 
7 
4 
5 
7 
8 
6 
5 
7 
9 
31 
24 
25 
15 
24 
25 
10 
0 
0 
9 
2 
8 
19 
37 
19 
13 
4 
15 
41 
63 
64 
53 
33 
26 
26 
18 
7 
0 
16 
15 
22 
13 
8 
9 
18 
24 
17 
18 
15 
32 
9 
10 
10 
16 
23 
22 
16 
3 
18 
39 
48 
49 
42 
31 
32 
16 
9 
5 
8 
7 
0 
1 
13 
16 
4 
2 
7 
1 
23 
41 
26 
24 
17 
10 
15 
7 
8 
9 
2 
7 
8 
17 
10 
23 
48 
49 
34 
26 
23 
15 
0 
23 
30 
29 
24 
7 
6 
7 
16 
41 
50 
55 
55 
48 
56 
24 
8 
8 
8 
0 
7 
15 
15 
15 
14 
5 
8 
17 
18 
31 
32 
9 
16 
15 
14 
13 
11 
21 
11 
2 
15 
17 
31 
25 
55 
68 
42 
23 
24 
25 
26 
18 
7 
15 
15 
7 
0 
0 
0 
1 
10 
15 
12 
10 
15 
16 
5 
17 
2 
18 
18 
2 
5 
24 
0 
1 
15 
12 
10 
23 
33 
18 
15 
0 
9 
5 
16 
23 
22 
8 
4 
10 
28 
18 
48 
49 
39 
32 
33 
42 
26 
7 
0 
7 
8 
6 
2 
0 
0 
17 
26 
31 
48 
29 
25 
10 
10 
0 
8 
7 
0 
7 
6 
13 
18 
15 
17 
18 
23 
24 
33 
26 
0 
0 
8 
6 
21 
16 
11 
2 
7 
16 
9 
23 
33 
26 
24 
9 
15 
32 
29 
25 
18 
10 
2 
5 
5 
16 
7 
17 
23 
32 
33 
34 
31 
23 
16 
7 
10 
1 
5 
16 
15 
1 
2 
7 
20 
18 
31 
49 
34 
23 
16 
13 
1 
5 
8 
15 
7 
1 
10 
7 
17 
26 
39 
44 
26 
7 
8 
13 
1 
2 
0 
7 
6 
21 
16 
22 
2 
44 
42 
56 
53 
49 
50 
34 
34 
2 
2 
2 
5 
8 
16 
32 
23 
6 
10 
23 
25 
34 
31 
24 
13 
9 
18 
10 
7 
16 
15 
1 
5 
8 
6 
0 
52 
42 
47 
40 
37 
37 
29 
1 
13 
29 
16 
16 
0 
9 
10 
42 
50 
47 
47 
31 
39 
23 
7 
0 
8 
16 
16 
23 
23 
22 
5 
0 
8 
1 
15 
40 
41 
31 
24 
5 
9 
2 
10 
8 
0 
8 
16 
25 
18 
