19 
3 
14 
27 
45 
37 
53 
52 
35 
28 
8 
15 
0 
0 
10 
9 
2 
14 
21 
38 
33 
44 
36 
33 
3 
0 
4 
2 
4 
11 
27 
20 
19 
9 
10 
5 
29 
37 
37 
32 
18 
13 
13 
10 
1 
10 
13 
6 
2 
5 
1 
25 
28 
30 
37 
33 
36 
23 
8 
3 
13 
10 
5 
10 
23 
13 
11 
20 
34 
41 
32 
43 
36 
19 
4 
6 
14 
11 
10 
6 
5 
10 
2 
0 
0 
12 
32 
52 
58 
49 
44 
50 
34 
26 
16 
0 
13 
23 
22 
5 
16 
3 
10 
18 
25 
13 
28 
27 
4 
8 
19 
2 
6 
21 
22 
8 
13 
24 
40 
53 
41 
52 
51 
32 
21 
6 
2 
0 
11 
12 
11 
6 
20 
25 
23 
30 
41 
39 
36 
17 
3 
8 
2 
3 
6 
8 
4 
3 
11 
12 
19 
6 
17 
24 
22 
13 
21 
0 
13 
29 
33 
28 
6 
5 
0 
12 
16 
46 
53 
65 
52 
71 
72 
57 
39 
35 
23 
10 
1 
0 
23 
43 
51 
46 
44 
34 
7 
3 
9 
6 
27 
29 
36 
39 
40 
44 
37 
37 
29 
15 
3 
12 
27 
24 
26 
9 
18 
13 
0 
3 
10 
7 
11 
16 
19 
18 
10 
4 
12 
30 
18 
49 
49 
42 
23 
18 
17 
12 
7 
16 
27 
6 
2 
15 
27 
13 
6 
6 
11 
16 
15 
43 
49 
52 
52 
49 
43 
42 
38 
26 
3 
9 
19 
16 
1 
6 
3 
3 
4 
5 
10 
20 
15 
16 
11 
2 
9 
8 
18 
30 
37 
45 
48 
47 
36 
18 
8 
5 
1 
16 
20 
7 
8 
11 
2 
9 
21 
28 
30 
25 
18 
9 
10 
5 
0 
3 
10 
2 
9 
10 
5 
15 
23 
35 
37 
16 
6 
5 
6 
6 
8 
5 
16 
2 
13 
9 
28 
42 
39 
28 
22 
37 
29 
24 
15 
16 
29 
23 
15 
0 
8 
0 
0 
3 
8 
19 
24 
27 
24 
1 
4 
8 
13 
3 
23 
28 
15 
4 
7 
2 
5 
23 
33 
28 
26 
17 
29 
32 
15 
4 
0 
0 
6 
6 
5 
14 
0 
10 
14 
13 
25 
47 
37 
26 
19 
4 
11 
0 
2 
6 
5 
5 
0 
10 
13 
21 
24 
41 
33 
14 
19 
24 
9 
5 
18 
25 
22 
20 
4 
6 
1 
29 
45 
53 
57 
40 
61 
55 
39 
27 
7 
15 
15 
8 
12 
21 
18 
9 
0 
0 
5 
25 
26 
13 
8 
10 
1 
6 
0 
7 
4 
8 
17 
17 
38 
35 
48 
39 
28 
15 
20 
20 
17 
4 
15 
27 
24 
9 
6 
19 
1 
17 
25 
29 
36 
26 
29 
21 
14 
2 
6 
1 
5 
4 
3 
9 
10 
5 
9 
11 
23 
41 
32 
38 
23 
4 
19 
22 
9 
0 
0 
1 
3 
6 
4 
8 
9 
21 
37 
25 
44 
52 
45 
37 
17 
3 
0 
0 
15 
16 
35 
9 
2 
5 
2 
1 
19 
17 
21 
16 
19 
28 
41 
31 
36 
32 
28 
25 
21 
11 
16 
33 
28 
16 
5 
8 
11 
19 
24 
17 
30 
9 
1 
1 
4 
10 
26 
49 
37 
28 
9 
13 
20 
12 
7 
4 
5 
2 
2 
0 
5 
25 
32 
42 
37 
22 
33 
31 
16 
10 
7 
6 
12 
23 
16 
23 
1 
7 
9 
4 
12 
40 
45 
41 
28 
16 
17 
11 
0 
7 
6 
12 
8 
18 
17 
14 
37 
44 
36 
3 
4 
16 
13 
0 
4 
3 
11 
4 
1 
2 
5 
9 
17 
12 
26 
1 
7 
2 
0 
3 
9 
21 
28 
12 
11 
0 
26 
23 
28 
34 
25 
38 
25 
20 
12 
4 
2 
1 
12 
23 
22 
11 
2 
1 
16 
14 
30 
33 
37 
16 
21 
21 
10 
1 
19 
21 
10 
12 
6 
3 
8 
32 
48 
46 
49 
33 
30 
25 
10 
1 
2 
1 
1 
6 
2 
8 
8 
21 
29 
12 
22 
37 
28 
18 
5 
1 
5 
0 
0 
7 
12 
0 
15 
12 
10 
17 
41 
42 
35 
24 
17 
10 
9 
3 
3 
18 
13 
10 
7 
5 
6 
19 
25 
28 
26 
18 
25 
29 
26 
15 
8 
5 
10 
1 
2 
2 
0 
14 
13 
15 
29 
36 
38 
29 
26 
17 
15 
3 
4 
0 
10 
12 
11 
1 
3 
1 
8 
20 
22 
21 
25 
12 
9 
1 
1 
20 
3 
10 
9 
9 
16 
20 
28 
26 
33 
19 
24 
34 
37 
32 
22 
26 
38 
46 
16 
15 
9 
0 
9 
5 
3 
1 
15 
10 
8 
11 
8 
4 
7 
20 
35 
32 
27 
30 
21 
27 
12 
6 
8 
13 
7 
12 
4 
3 
2 
12 
19 
32 
31 
27 
29 
11 
25 
34 
42 
54 
45 
48 
32 
33 
31 
19 
8 
7 
18 
9 
2 
1 
5 
17 
12 
30 
25 
17 
8 
7 
4 
11 
7 
12 
27 
2 
5 
12 
10 
22 
33 
45 
36 
34 
17 
19 
16 
11 
5 
18 
9 
10 
9 
2 
0 
19 
25 
28 
24 
26 
31 
24 
18 
5 
5 
0 
4 
5 
10 
14 
11 
6 
15 
19 
23 
43 
29 
28 
14 
19 
20 
23 
20 
15 
10 
1 
19 
16 
11 
28 
23 
32 
27 
8 
3 
0 
1 
7 
19 
32 
19 
5 
6 
4 
9 
12 
28 
36 
32 
26 
25 
21 
12 
10 
1 
18 
17 
6 
9 
10 
1 
16 
22 
25 
24 
30 
17 
16 
11 
1 
9 
2 
6 
1 
4 
15 
1 
1 
17 
12 
14 
26 
6 
1 
5 
4 
12 
14 
10 
25 
32 
46 
50 
42 
38 
50 
58 
42 
36 
32 
11 
11 
6 
30 
34 
34 
36 
43 
28 
27 
1 
13 
19 
13 
24 
34 
29 
17 
0 
6 
5 
5 
0 
9 
6 
13 
21 
28 
42 
37 
48 
57 
44 
36 
13 
7 
8 
3 
26 
24 
13 
10 
5 
2 
3 
22 
29 
33 
26 
15 
20 
19 
8 
7 
7 
3 
1 
14 
19 
9 
13 
21 
28 
34 
29 
49 
40 
24 
7 
4 
4 
13 
8 
3 
12 
7 
0 
4 
10 
9 
25 
50 
37 
31 
28 
14 
16 
5 
4 
15 
7 
12 
15 
2 
2 
10 
21 
29 
28 
26 
29 
28 
16 
9 
0 
4 
6 
5 
14 
9 
1 
9 
12 
22 
21 
33 
32 
26 
5 
2 
7 
4 
0 
11 
18 
10 
7 
6 
3 
19 
37 
41 
33 
25 
3 
9 
4 
9 
1 
14 
21 
26 
17 
27 
24 
45 
54 
57 
35 
24 
28 
4 
5 
19 
38 
36 
23 
20 
27 
5 
2 
21 
24 
20 
26 
49 
41 
34 
17 
8 
4 
0 
7 
12 
7 
6 
9 
12 
22 
11 
28 
46 
37 
22 
17 
19 
18 
8 
9 
8 
0 
7 
8 
23 
17 
2 
1 
1 
2 
5 
19 
27 
21 
32 
23 
32 
33 
23 
18 
5 
31 
32 
33 
17 
22 
21 
14 
1 
5 
10 
1 
6 
11 
11 
21 
2 
3 
3 
4 
12 
40 
44 
38 
41 
22 
13 
2 
14 
22 
19 
23 
11 
0 
12 
12 
32 
44 
54 
49 
37 
42 
33 
19 
20 
4 
13 
7 
11 
23 
22 
10 
8 
12 
14 
10 
25 
17 
6 
10 
10 
4 
6 
2 
10 
4 
0 
11 
11 
19 
7 
21 
37 
57 
48 
34 
27 
24 
22 
9 
7 
2 
6 
9 
2 
6 
3 
3 
24 
36 
26 
37 
29 
20 
11 
7 
0 
3 
13 
18 
22 
3 
16 
22 
30 
25 
41 
28 
26 
5 
0 
14 
7 
0 
2 
6 
8 
25 
25 
26 
35 
40 
47 
32 
17 
4 
2 
6 
12 
23 
18 
10 
5 
14 
0 
4 
15 
23 
31 
33 
24 
40 
39 
28 
19 
10 
9 
3 
11 
28 
39 
10 
30 
34 
34 
33 
49 
36 
33 
16 
0 
3 
2 
3 
3 
10 
1 
9 
7 
24 
31 
56 
52 
37 
29 
19 
0 
3 
7 
11 
30 
24 
15 
12 
7 
2 
11 
24 
34 
33 
24 
43 
46 
21 
11 
3 
15 
10 
9 
14 
13 
6 
3 
15 
19 
23 
33 
28 
38 
29 
23 
28 
20 
21 
13 
3 
0 
3 
0 
7 
2 
13 
28 
35 
20 
15 
18 
20 
17 
17 
1 
3 
3 
0 
7 
4 
18 
33 
34 
25 
11 
20 
22 
4 
6 
16 
3 
5 
8 
15 
10 
5 
12 
26 
29 
28 
44 
36 
23 
16 
1 
4 
0 
2 
5 
22 
2 
0 
4 
10 
29 
41 
46 
43 
26 
13 
3 
10 
1 
3 
6 
6 
8 
15 
5 
1 
14 
29 
37 
42 
29 
34 
21 
7 
2 
18 
8 
3 
10 
13 
8 
8 
26 
33 
32 
31 
44 
35 
20 
3 
2 
9 
11 
0 
3 
19 
2 
6 
9 
26 
19 
36 
43 
32 
17 
11 
12 
0 
1 
0 
0 
4 
1 
1 
7 
4 
17 
20 
19 
20 
11 
20 
7 
6 
10 
13 
18 
18 
11 
13 
1 
9 
46 
41 
50 
37 
58 
45 
35 
12 
5 
8 
3 
6 
11 
27 
1 
6 
1 
1 
17 
16 
38 
37 
33 
38 
25 
23 
12 
3 
6 
0 
10 
2 
6 
5 
10 
27 
32 
27 
16 
23 
12 
5 
0 
7 
10 
5 
14 
19 
6 
1 
11 
25 
24 
36 
38 
27 
24 
27 
0 
7 
10 
2 
13 
2 
6 
0 
6 
14 
27 
40 
46 
49 
47 
51 
43 
27 
9 
4 
1 
13 
7 
14 
12 
5 
13 
20 
20 
19 
6 
9 
15 
8 
0 
2 
0 
8 
2 
1 
10 
6 
15 
28 
30 
27 
40 
35 
28 
16 
5 
3 
0 
23 
32 
35 
21 
1 
5 
17 
33 
52 
66 
53 
31 
32 
25 
13 
7 
4 
0 
11 
15 
14 
2 
5 
16 
29 
25 
18 
13 
18 
17 
12 
0 
2 
4 
8 
1 
0 
0 
5 
16 
25 
29 
18 
33 
28 
21 
10 
5 
4 
0 
1 
7 
23 
2 
5 
10 
5 
17 
32 
42 
37 
26 
5 
18 
17 
7 
1 
14 
8 
0 
0 
4 
13 
17 
28 
33 
25 
30 
21 
14 
1 
2 
18 
1 
2 
5 
2 
10 
13 
26 
31 
32 
21 
37 
38 
21 
0 
0 
0 
2 
2 
11 
27 
2 
9 
14 
29 
54 
45 
47 
40 
29 
21 
7 
7 
0 
7 
22 
12 
25 
26 
19 
17 
14 
34 
41 
49 
30 
37 
31 
24 
5 
0 
12 
4 
2 
8 
15 
3 
12 
26 
9 
12 
30 
15 
4 
2 
4 
0 
7 
0 
0 
4 
15 
24 
21 
21 
34 
25 
28 
19 
12 
4 
8 
15 
8 
3 
2 
0 
8 
4 
7 
0 
25 
29 
38 
29 
22 
13 
23 
12 
0 
18 
7 
3 
16 
15 
6 
1 
12 
26 
29 
17 
36 
26 
21 
8 
3 
4 
3 
4 
8 
11 
7 
16 
18 
13 
13 
28 
30 
25 
17 
5 
0 
0 
2 
10 
7 
2 
1 
5 
0 
22 
43 
52 
52 
52 
39 
32 
24 
5 
2 
8 
0 
4 
6 
12 
23 
0 
4 
14 
17 
13 
32 
15 
12 
7 
3 
5 
1 
5 
18 
23 
7 
6 
6 
26 
29 
53 
53 
54 
25 
22 
21 
7 
7 
8 
19 
6 
6 
3 
1 
1 
29 
40 
42 
45 
28 
40 
37 
25 
3 
8 
0 
3 
15 
20 
27 
5 
9 
16 
18 
29 
32 
35 
32 
21 
3 
12 
3 
12 
27 
22 
6 
3 
10 
21 
17 
40 
51 
32 
23 
12 
7 
0 
3 
2 
6 
9 
1 
6 
9 
10 
31 
36 
39 
36 
23 
24 
24 
1 
0 
13 
10 
12 
23 
25 
22 
1 
12 
28 
42 
33 
45 
42 
33 
23 
14 
9 
3 
3 
23 
24 
11 
6 
9 
17 
12 
30 
30 
7 
0 
6 
19 
16 
15 
8 
8 
10 
13 
6 
1 
13 
22 
25 
25 
24 
10 
9 
17 
18 
13 
0 
7 
4 
11 
6 
10 
0 
2 
15 
27 
33 
28 
18 
25 
24 
33 
32 
24 
9 
0 
2 
13 
9 
5 
10 
1 
17 
22 
19 
20 
19 
22 
14 
20 
19 
10 
2 
7 
5 
2 
10 
22 
18 
24 
28 
20 
14 
17 
13 
23 
17 
5 
10 
10 
2 
10 
18 
42 
43 
33 
45 
45 
32 
26 
17 
11 
28 
21 
3 
5 
6 
1 
1 
0 
9 
11 
25 
36 
29 
21 
2 
7 
4 
8 
19 
17 
10 
4 
1 
3 
0 
28 
40 
54 
53 
29 
16 
19 
8 
3 
0 
7 
0 
0 
7 
3 
4 
10 
17 
9 
16 
30 
23 
16 
9 
5 
14 
5 
5 
14 
19 
21 
5 
1 
12 
12 
32 
44 
40 
34 
11 
16 
22 
17 
6 
0 
0 
7 
0 
10 
7 
12 
26 
29 
19 
0 
18 
17 
2 
15 
21 
14 
10 
10 
10 
2 
23 
39 
61 
66 
69 
72 
56 
40 
13 
2 
0 
8 
11 
27 
40 
27 
10 
4 
5 
8 
28 
36 
30 
23 
16 
23 
20 
15 
2 
2 
5 
2 
2 
9 
0 
22 
25 
19 
21 
12 
22 
25 
18 
9 
10 
2 
2 
10 
7 
9 
15 
24 
34 
29 
33 
32 
31 
8 
0 
23 
6 
1 
2 
6 
0 
11 
20 
19 
24 
19 
32 
47 
40 
31 
24 
13 
3 
3 
11 
30 
21 
10 
19 
17 
6 
5 
17 
33 
37 
44 
47 
36 
25 
16 
12 
5 
3 
3 
2 
19 
1 
17 
22 
17 
21 
28 
27 
8 
7 
0 
0 
0 
14 
19 
6 
2 
22 
27 
32 
35 
36 
39 
28 
11 
8 
7 
6 
1 
4 
7 
7 
2 
6 
5 
4 
22 
29 
36 
39 
30 
25 
23 
4 
3 
10 
0 
4 
15 
16 
3 
2 
1 
8 
10 
21 
25 
25 
20 
17 
2 
14 
21 
14 
6 
9 
0 
16 
6 
22 
9 
33 
50 
49 
40 
34 
30 
22 
12 
0 
19 
11 
26 
29 
26 
20 
6 
13 
33 
45 
37 
36 
44 
33 
15 
1 
1 
0 
15 
1 
1 
6 
19 
28 
34 
29 
47 
36 
30 
8 
5 
1 
8 
7 
22 
21 
6 
4 
11 
12 
26 
29 
32 
27 
24 
11 
18 
9 
0 
5 
6 
8 
3 
8 
7 
5 
14 
25 
37 
29 
26 
19 
24 
11 
4 
0 
0 
3 
10 
1 
7 
23 
32 
31 
32 
37 
36 
20 
21 
15 
4 
4 
4 
7 
18 
16 
5 
2 
2 
5 
1 
24 
42 
37 
26 
25 
19 
28 
10 
0 
10 
0 
2 
10 
5 
1 
4 
17 
29 
20 
14 
21 
26 
9 
10 
5 
3 
0 
4 
7 
2 
6 
4 
16 
12 
32 
34 
35 
28 
11 
7 
7 
8 
3 
1 
2 
3 
13 
5 
12 
4 
30 
42 
45 
32 
21 
27 
31 
27 
19 
13 
1 
6 
12 
16 
11 
0 
8 
14 
5 
5 
7 
0 
1 
10 
0 
9 
17 
8 
10 
5 
5 
25 
29 
27 
21 
28 
6 
19 
20 
10 
21 
18 
9 
1 
10 
2 
1 
5 
24 
21 
33 
42 
37 
28 
12 
54 
7 
20 
22 
13 
14 
13 
10 
5 
2 
15 
20 
27 
40 
9 
19 
24 
22 
6 
3 
10 
0 
11 
11 
8 
0 
14 
21 
28 
35 
32 
31 
32 
20 
5 
9 
0 
0 
11 
19 
4 
14 
5 
22 
17 
30 
37 
32 
16 
3 
12 
8 
5 
0 
0 
3 
2 
8 
3 
1 
17 
21 
16 
26 
19 
16 
15 
16 
15 
4 
8 
9 
0 
7 
5 
5 
18 
29 
33 
30 
49 
47 
31 
16 
8 
4 
0 
1 
15 
22 
8 
3 
0 
0 
11 
20 
35 
32 
19 
0 
1 
2 
1 
12 
3 
8 
3 
5 
5 
8 
10 
26 
29 
37 
24 
22 
21 
18 
5 
4 
3 
4 
4 
7 
0 
19 
28 
35 
28 
27 
32 
25 
19 
12 
1 
0 
6 
12 
17 
14 
2 
9 
4 
9 
9 
20 
38 
21 
30 
21 
32 
22 
12 
5 
1 
7 
8 
4 
3 
5 
0 
4 
22 
25 
20 
27 
20 
5 
0 
11 
4 
3 
10 
21 
10 
2 
1 
9 
29 
33 
51 
56 
47 
28 
33 
21 
15 
7 
7 
27 
16 
15 
9 
1 
13 
20 
33 
29 
22 
13 
26 
17 
7 
3 
12 
7 
10 
10 
3 
3 
22 
30 
33 
45 
28 
39 
36 
28 
13 
3 
4 
3 
8 
1 
14 
8 
21 
17 
34 
17 
26 
9 
7 
8 
0 
10 
5 
0 
15 
8 
0 
14 
13 
16 
34 
35 
36 
27 
26 
5 
15 
18 
1 
0 
3 
7 
8 
0 
8 
3 
26 
31 
28 
34 
13 
28 
16 
3 
0 
7 
7 
10 
2 
0 
3 
7 
20 
30 
21 
26 
39 
32 
13 
8 
11 
1 
3 
7 
20 
15 
5 
2 
3 
13 
16 
42 
51 
44 
31 
24 
32 
25 
7 
8 
3 
2 
4 
3 
11 
1 
17 
26 
21 
16 
3 
16 
11 
0 
0 
7 
8 
3 
1 
6 
0 
6 
9 
13 
17 
29 
33 
29 
24 
29 
25 
19 
16 
25 
0 
0 
0 
0 
0 
4 
22 
21 
24 
11 
4 
1 
5 
4 
7 
8 
0 
12 
23 
24 
23 
4 
23 
30 
21 
19 
20 
32 
33 
13 
13 
2 
14 
10 
8 
8 
5 
17 
23 
32 
25 
31 
44 
44 
24 
8 
8 
0 
11 
4 
26 
28 
12 
3 
5 
10 
15 
28 
35 
22 
13 
3 
16 
18 
12 
2 
6 
0 
12 
4 
0 
0 
21 
29 
26 
29 
6 
21 
15 
8 
8 
10 
16 
13 
2 
12 
11 
4 
11 
20 
27 
18 
25 
28 
16 
1 
4 
20 
12 
2 
12 
9 
1 
7 
12 
19 
14 
25 
46 
29 
19 
10 
4 
1 
0 
0 
15 
6 
4 
8 
3 
3 
18 
25 
24 
29 
13 
32 
16 
7 
4 
0 
1 
7 
2 
2 
1 
5 
14 
27 
32 
28 
48 
49 
35 
19 
5 
11 
6 
9 
11 
18 
8 
1 
1 
6 
9 
36 
44 
37 
27 
8 
8 
1 
11 
26 
25 
22 
17 
10 
3 
13 
40 
55 
64 
63 
48 
52 
36 
12 
0 
15 
7 
15 
15 
19 
14 
0 
12 
23 
32 
33 
28 
24 
9 
7 
3 
0 
2 
16 
17 
18 
7 
5 
13 
8 
26 
45 
56 
49 
35 
24 
24 
10 
6 
3 
6 
8 
7 
3 
8 
9 
19 
16 
23 
20 
11 
24 
19 
24 
12 
1 
11 
7 
4 
3 
7 
7 
22 
13 
22 
5 
24 
8 
11 
7 
0 
0 
0 
3 
16 
15 
1 
9 
29 
28 
34 
49 
54 
41 
27 
8 
13 
7 
11 
4 
8 
8 
4 
4 
16 
16 
25 
31 
36 
24 
9 
7 
0 
3 
11 
22 
16 
1 
6 
12 
7 
11 
24 
21 
17 
14 
25 
21 
6 
0 
3 
2 
5 
10 
9 
10 
17 
34 
29 
38 
33 
40 
40 
33 
3 
7 
12 
5 
8 
23 
19 
10 
5 
6 
5 
0 
32 
54 
41 
36 
21 
24 
28 
17 
3 
3 
0 
11 
10 
5 
4 
0 
12 
3 
3 
6 
29 
25 
24 
29 
20 
20 
26 
22 
14 
11 
6 
1 
18 
19 
13 
4 
12 
12 
8 
16 
22 
15 
16 
23 
12 
11 
4 
11 
16 
15 
40 
60 
32 
27 
7 
3 
44 
21 
5 
0 
39 
16 
4 
16 
6 
14 
39 
32 
58 
17 
80 
20 
65 
56 
47 
25 
43 
71 
123 
57 
68 
63 
157 
146 
64 
8 
36 
54 
15 
16 
14 
2 
11 
21 
26 
9 
10 
9 
12 
12 
11 
30 
49 
65 
59 
52 
16 
78 
72 
23 
14 
98 
63 
9 
28 
13 
7 
31 
68 
107 
117 
112 
108 
92 
4 
39 
4 
69 
17 
17 
69 
54 
90 
76 
33 
1 
119 
2 
14 
40 
49 
52 
24 
14 
37 
107 
35 
9 
9 
34 
50 
69 
96 
106 
65 
55 
115 
107 
96 
87 
66 
54 
47 
17 
5 
7 
9 
2 
6 
2 
9 
34 
6 
22 
17 
17 
12 
27 
0 
5 
30 
59 
17 
119 
121 
73 
24 
124 
132 
107 
118 
85 
34 
17 
5 
6 
82 
119 
44 
84 
127 
53 
46 
18 
107 
133 
77 
114 
106 
99 
89 
37 
170 
222 
197 
284 
228 
73 
116 
347 
415 
92 
4 
8 
34 
0 
28 
47 
52 
12 
12 
24 
66 
110 
130 
124 
119 
67 
76 
12 
4 
15 
73 
88 
150 
117 
123 
122 
92 
39 
32 
108 
157 
195 
186 
206 
189 
191 
180 
65 
126 
45 
78 
126 
62 
59 
24 
11 
26 
34 
64 
37 
45 
81 
37 
42 
58 
30 
10 
69 
1 
4 
119 
136 
99 
108 
64 
184 
184 
135 
57 
89 
85 
25 
100 
33 
19 
43 
381 
259 
118 
121 
2 
80 
188 
89 
86 
118 
41 
47 
91 
113 
74 
87 
149 
220 
156 
100 
113 
102 
108 
73 
29 
39 
142 
162 
135 
154 
115 
113 
73 
15 
55 
61 
113 
173 
214 
194 
154 
37 
36 
35 
21 
20 
41 
18 
19 
47 
109 
183 
159 
119 
122 
120 
16 
68 
101 
134 
169 
245 
258 
247 
182 
142 
348 
70 
185 
55 
53 
87 
139 
7 
0 
91 
201 
25 
66 
13 
11 
25 
31 
45 
9 
74 
105 
81 
91 
56 
25 
95 
13 
134 
49 
85 
64 
0 
92 
51 
23 
40 
43 
48 
107 
145 
199 
248 
261 
115 
76 
37 
15 
155 
4 
111 
156 
384 
872 
488 
5 
184 
223 
155 
146 
190 
215 
227 
231 
257 
254 
206 
224 
131 
121 
40 
126 
242 
523 
462 
255 
155 
31 
13 
22 
26 
13 
27 
124 
291 
274 
226 
251 
236 
143 
72 
75 
127 
312 
103 
34 
74 
15 
17 
176 
242 
105 
45 
93 
52 
58 
16 
103 
182 
181 
81 
66 
41 
4 
34 
156 
178 
39 
37 
39 
77 
78 
147 
134 
109 
74 
100 
46 
136 
284 
279 
210 
0 
171 
157 
69 
35 
3 
61 
62 
35 
45 
42 
35 
42 
7 
42 
36 
98 
41 
182 
38 
130 
2 
91 
132 
151 
8 
129 
144 
93 
315 
311 
27 
90 
221 
227 
213 
253 
219 
76 
182 
62 
203 
229 
42 
17 
51 
116 
133 
189 
268 
345 
206 
71 
79 
138 
226 
6 
79 
55 
42 
208 
167 
108 
226 
120 
44 
186 
82 
74 
208 
165 
98 
1 
33 
80 
106 
212 
232 
146 
86 
7 
129 
206 
240 
316 
273 
202 
246 
13 
132 
314 
385 
280 
38 
110 
187 
229 
224 
216 
83 
78 
146 
130 
73 
35 
89 
368 
617 
290 
156 
234 
91 
355 
262 
252 
204 
120 
50 
98 
114 
75 
67 
36 
26 
240 
284 
136 
33 
33 
23 
12 
18 
94 
46 
123 
150 
129 
73 
125 
166 
294 
419 
257 
26 
157 
141 
29 
1 
76 
93 
257 
333 
531 
286 
9 
154 
199 
225 
265 
310 
310 
243 
260 
275 
371 
82 
393 
152 
306 
635 
204 
110 
234 
84 
26 
3 
134 
262 
175 
155 
292 
207 
90 
97 
90 
287 
221 
1 
285 
504 
231 
677 
414 
137 
250 
255 
264 
302 
435 
206 
7 
123 
180 
355 
39 
97 
167 
271 
283 
166 
88 
207 
498 
772 
632 
257 
304 
466 
406 
346 
364 
387 
318 
107 
99 
237 
204 
95 
107 
148 
27 
47 
31 
44 
397 
54 
429 
329 
135 
1 
204 
208 
320 
305 
101 
20 
218 
268 
44 
73 
110 
113 
202 
142 
192 
128 
339 
123 
114 
1 
332 
134 
111 
406 
389 
261 
276 
73 
116 
159 
142 
182 
159 
257 
200 
278 
373 
12 
80 
174 
228 
197 
7 
172 
270 
226 
45 
79 
132 
463 
675 
191 
199 
259 
257 
174 
142 
103 
163 
89 
48 
177 
279 
212 
6 
68 
58 
53 
183 
311 
281 
229 
132 
40 
434 
546 
8 
17 
139 
171 
231 
210 
172 
267 
86 
369 
315 
159 
40 
122 
286 
455 
405 
252 
34 
42 
192 
526 
643 
295 
0 
38 
61 
126 
165 
203 
152 
24 
90 
182 
91 
190 
457 
604 
571 
488 
283 
7 
177 
183 
250 
264 
187 
172 
6 
142 
69 
205 
358 
323 
268 
379 
455 
260 
73 
179 
217 
239 
361 
426 
476 
489 
395 
234 
64 
47 
189 
17 
369 
358 
316 
229 
342 
189 
10 
82 
135 
153 
206 
11 
738 
212 
487 
635 
660 
493 
148 
28 
23 
154 
330 
433 
388 
308 
4 
191 
44 
191 
238 
242 
155 
286 
202 
60 
86 
18 
62 
213 
209 
212 
166 
69 
19 
19 
33 
104 
140 
143 
130 
110 
6 
153 
247 
366 
510 
593 
545 
120 
139 
2 
119 
247 
275 
360 
339 
268 
159 
4 
85 
141 
158 
138 
40 
232 
231 
53 
258 
234 
241 
307 
227 
329 
311 
220 
5 
291 
760 
695 
403 
53 
91 
138 
198 
296 
405 
434 
281 
74 
20 
183 
103 
130 
241 
332 
317 
214 
154 
12 
63 
99 
178 
222 
107 
220 
188 
34 
24 
55 
35 
50 
9 
81 
267 
110 
0 
86 
69 
89 
286 
120 
69 
52 
13 
20 
110 
5 
69 
6 
247 
319 
53 
155 
316 
165 
527 
629 
213 
67 
94 
134 
10 
130 
196 
116 
133 
322 
106 
155 
53 
19 
21 
36 
187 
305 
196 
7 
65 
48 
91 
157 
142 
308 
266 
166 
62 
52 
176 
188 
83 
52 
115 
240 
232 
619 
578 
8 
198 
185 
217 
277 
12 
155 
92 
32 
328 
543 
625 
410 
246 
197 
57 
729 
1376 
826 
0 
43 
27 
120 
64 
92 
97 
122 
53 
7 
250 
281 
194 
336 
408 
176 
207 
170 
2 
115 
207 
59 
62 
105 
153 
155 
46 
54 
139 
87 
117 
53 
95 
242 
28 
318 
306 
190 
59 
36 
102 
174 
652 
204 
123 
70 
403 
620 
311 
109 
11 
127 
42 
17 
57 
157 
266 
309 
299 
293 
235 
83 
46 
196 
348 
442 
492 
386 
187 
40 
49 
150 
250 
197 
112 
231 
176 
178 
204 
365 
36 
191 
397 
588 
767 
639 
463 
272 
61 
223 
863 
1073 
448 
111 
110 
266 
478 
2 
592 
461 
55 
0 
89 
255 
262 
132 
15 
64 
137 
304 
110 
162 
50 
226 
178 
106 
304 
623 
470 
53 
107 
107 
62 
60 
50 
26 
4 
17 
270 
523 
582 
477 
371 
92 
174 
45 
116 
521 
600 
400 
165 
29 
58 
27 
136 
173 
159 
54 
15 
52 
41 
77 
9 
306 
436 
303 
123 
43 
140 
462 
211 
71 
118 
40 
315 
369 
78 
70 
154 
70 
87 
120 
62 
129 
158 
262 
347 
318 
213 
2 
57 
35 
124 
220 
119 
46 
209 
280 
77 
128 
200 
188 
51 
83 
18 
24 
141 
235 
230 
224 
123 
70 
40 
20 
71 
43 
269 
295 
234 
224 
230 
85 
95 
254 
59 
126 
210 
128 
73 
50 
3 
32 
150 
187 
219 
241 
299 
373 
382 
163 
185 
223 
193 
141 
219 
297 
245 
97 
71 
36 
101 
110 
285 
142 
47 
203 
69 
33 
97 
99 
145 
119 
87 
102 
170 
22 
202 
235 
144 
169 
19 
64 
173 
325 
373 
268 
50 
452 
4 
263 
268 
128 
37 
121 
95 
34 
36 
50 
246 
263 
14 
191 
160 
127 
16 
333 
539 
395 
197 
1 
39 
34 
94 
50 
22 
53 
156 
105 
134 
118 
43 
45 
112 
241 
436 
447 
254 
49 
28 
96 
49 
1 
198 
291 
357 
313 
274 
142 
33 
129 
491 
313 
15 
2 
162 
200 
64 
50 
228 
290 
195 
135 
164 
153 
57 
5 
64 
143 
122 
59 
13 
88 
112 
112 
256 
309 
194 
9 
89 
154 
270 
308 
430 
435 
246 
132 
90 
284 
419 
495 
583 
619 
480 
104 
184 
99 
45 
25 
11 
20 
67 
98 
81 
195 
138 
122 
96 
83 
101 
121 
103 
71 
161 
175 
161 
163 
140 
99 
85 
212 
214 
108 
81 
198 
218 
252 
186 
25 
77 
119 
45 
15 
74 
60 
4 
47 
43 
46 
132 
128 
77 
21 
87 
190 
135 
4 
136 
143 
16 
86 
3 
123 
237 
57 
210 
51 
43 
131 
62 
13 
22 
38 
141 
55 
23 
45 
12 
80 
80 
31 
94 
78 
37 
27 
77 
56 
16 
31 
8 
93 
159 
108 
24 
36 
18 
79 
41 
75 
117 
144 
91 
34 
64 
74 
57 
63 
40 
15 
2 
13 
104 
169 
141 
41 
55 
123 
209 
236 
206 
145 
91 
88 
28 
126 
225 
247 
237 
220 
137 
39 
116 
222 
205 
336 
325 
237 
130 
121 
37 
159 
421 
243 
202 
16 
168 
70 
171 
346 
339 
230 
27 
15 
16 
32 
107 
237 
239 
229 
169 
113 
85 
102 
130 
85 
9 
92 
177 
209 
116 
144 
87 
71 
23 
53 
69 
4 
88 
174 
191 
240 
174 
58 
16 
17 
111 
65 
64 
86 
32 
144 
207 
130 
96 
66 
18 
41 
87 
44 
119 
44 
0 
74 
123 
188 
155 
83 
139 
74 
122 
95 
68 
161 
5 
168 
318 
311 
230 
60 
123 
221 
259 
245 
88 
58 
75 
130 
122 
141 
233 
309 
211 
82 
11 
16 
91 
150 
143 
243 
345 
277 
270 
284 
123 
21 
254 
443 
473 
409 
279 
155 
11 
220 
457 
397 
171 
201 
179 
70 
108 
322 
360 
199 
119 
48 
192 
213 
60 
105 
234 
198 
136 
90 
22 
101 
141 
87 
72 
112 
112 
111 
69 
90 
130 
137 
132 
166 
150 
25 
93 
17 
116 
209 
233 
141 
57 
28 
106 
124 
97 
126 
197 
229 
223 
207 
162 
30 
92 
215 
339 
343 
277 
272 
190 
76 
90 
141 
172 
205 
232 
304 
368 
308 
150 
24 
120 
167 
106 
84 
78 
109 
173 
240 
344 
206 
98 
87 
6 
198 
230 
170 
36 
89 
95 
18 
211 
321 
285 
220 
138 
94 
0 
22 
7 
24 
164 
155 
83 
83 
24 
144 
190 
185 
12 
57 
62 
197 
23 
43 
45 
44 
165 
46 
45 
22 
40 
11 
68 
44 
34 
161 
150 
107 
1 
50 
58 
11 
68 
108 
79 
22 
2 
10 
38 
18 
85 
10 
0 
54 
12 
3 
4 
55 
45 
108 
34 
59 
119 
129 
107 
95 
83 
0 
54 
111 
128 
163 
107 
77 
54 
34 
3 
169 
250 
325 
338 
320 
283 
172 
63 
4 
131 
390 
381 
349 
335 
236 
49 
207 
247 
222 
110 
117 
141 
83 
10 
122 
299 
249 
149 
3 
75 
121 
143 
158 
215 
263 
150 
12 
38 
122 
105 
158 
101 
257 
186 
50 
41 
89 
122 
114 
110 
9 
2 
122 
77 
5 
29 
99 
206 
196 
115 
15 
19 
48 
142 
121 
38 
15 
71 
261 
247 
132 
6 
34 
49 
121 
203 
166 
140 
99 
75 
57 
10 
51 
151 
198 
156 
113 
34 
22 
37 
52 
112 
25 
94 
78 
101 
50 
93 
141 
57 
18 
186 
214 
211 
164 
157 
77 
54 
141 
183 
200 
123 
38 
109 
187 
209 
146 
71 
7 
12 
14 
18 
21 
49 
90 
113 
4 
44 
77 
94 
87 
125 
43 
19 
45 
30 
4 
46 
48 
35 
56 
32 
20 
22 
25 
61 
217 
176 
75 
76 
25 
210 
228 
98 
194 
176 
60 
28 
35 
30 
47 
28 
49 
47 
76 
40 
60 
118 
178 
110 
31 
76 
35 
27 
0 
15 
5 
37 
136 
103 
104 
60 
100 
83 
20 
58 
31 
12 
4 
43 
30 
28 
14 
12 
13 
35 
48 
33 
44 
54 
44 
3 
7 
50 
44 
53 
113 
99 
88 
61 
18 
43 
56 
46 
68 
80 
34 
40 
89 
89 
100 
126 
81 
2 
45 
71 
111 
119 
41 
17 
6 
14 
12 
79 
79 
83 
92 
67 
7 
29 
76 
31 
23 
110 
178 
188 
69 
87 
22 
30 
41 
22 
64 
2 
48 
114 
105 
38 
69 
63 
36 
28 
33 
26 
47 
7 
7 
3 
3 
31 
83 
65 
35 
18 
61 
60 
106 
52 
56 
102 
178 
242 
209 
125 
23 
28 
62 
1 
61 
89 
72 
116 
76 
43 
117 
77 
6 
71 
72 
73 
55 
50 
97 
78 
11 
48 
77 
19 
7 
12 
12 
147 
166 
59 
75 
100 
38 
9 
35 
29 
118 
113 
103 
75 
24 
3 
8 
24 
56 
32 
16 
7 
15 
29 
3 
25 
21 
17 
68 
96 
126 
89 
1 
67 
83 
100 
84 
51 
32 
59 
116 
101 
50 
14 
2 
17 
4 
11 
0 
56 
78 
94 
49 
0 
28 
92 
137 
124 
35 
60 
103 
46 
48 
3 
49 
104 
168 
114 
102 
10 
13 
0 
74 
95 
112 
31 
91 
87 
13 
18 
13 
54 
42 
7 
2 
33 
23 
52 
76 
54 
42 
30 
20 
44 
34 
26 
42 
47 
57 
48 
3 
7 
19 
13 
6 
1 
18 
17 
76 
55 
36 
7 
15 
28 
25 
15 
24 
0 
7 
27 
40 
43 
41 
57 
9 
21 
24 
30 
33 
18 
49 
71 
35 
35 
2 
10 
22 
47 
24 
2 
5 
4 
16 
35 
69 
69 
45 
22 
31 
21 
44 
51 
79 
61 
40 
56 
23 
19 
21 
17 
24 
23 
106 
148 
78 
26 
94 
81 
60 
98 
109 
100 
94 
52 
1 
41 
17 
78 
90 
86 
42 
37 
26 
4 
21 
22 
54 
4 
69 
31 
81 
97 
73 
73 
28 
1 
18 
53 
86 
94 
47 
24 
19 
15 
39 
97 
127 
126 
108 
71 
51 
28 
8 
27 
59 
50 
41 
22 
15 
0 
20 
44 
44 
11 
0 
11 
12 
15 
16 
21 
20 
4 
8 
31 
21 
9 
37 
32 
31 
28 
22 
13 
2 
1 
10 
6 
46 
0 
26 
1 
22 
11 
6 
9 
13 
83 
71 
61 
80 
3 
51 
57 
62 
5 
17 
26 
61 
66 
42 
6 
45 
53 
36 
34 
17 
26 
59 
64 
32 
2 
1 
27 
27 
11 
0 
13 
9 
46 
18 
7 
14 
17 
30 
25 
38 
17 
18 
5 
14 
58 
45 
17 
5 
3 
24 
51 
65 
63 
60 
39 
55 
55 
27 
22 
6 
25 
27 
18 
4 
0 
14 
5 
12 
10 
13 
12 
0 
2 
14 
12 
16 
25 
10 
23 
24 
14 
15 
23 
53 
2 
45 
58 
51 
62 
61 
22 
0 
31 
28 
3 
0 
5 
43 
76 
28 
20 
15 
91 
27 
23 
27 
22 
42 
49 
46 
49 
11 
11 
26 
26 
0 
22 
46 
63 
44 
50 
38 
18 
6 
11 
15 
19 
15 
6 
12 
20 
28 
29 
19 
20 
36 
42 
36 
29 
13 
10 
22 
12 
15 
35 
26 
11 
2 
17 
28 
39 
44 
46 
32 
13 
27 
20 
3 
3 
10 
25 
34 
43 
11 
0 
38 
47 
52 
51 
16 
9 
15 
28 
16 
8 
5 
18 
27 
9 
2 
35 
53 
54 
43 
32 
33 
23 
15 
19 
23 
38 
50 
36 
4 
3 
19 
20 
56 
58 
55 
56 
45 
24 
0 
8 
35 
47 
67 
86 
23 
2 
25 
5 
9 
66 
75 
70 
44 
28 
38 
29 
23 
0 
3 
8 
1 
5 
6 
31 
16 
26 
12 
18 
9 
25 
43 
50 
28 
6 
30 
16 
0 
31 
22 
14 
0 
12 
22 
42 
58 
69 
21 
6 
13 
12 
16 
4 
7 
3 
62 
12 
12 
6 
17 
41 
68 
59 
48 
61 
11 
3 
36 
4 
34 
32 
15 
23 
11 
13 
13 
18 
13 
7 
12 
1 
37 
78 
11 
68 
72 
36 
2 
14 
2 
2 
1 
2 
5 
3 
39 
49 
40 
51 
48 
37 
27 
11 
3 
35 
43 
38 
21 
14 
10 
37 
49 
53 
53 
36 
31 
24 
15 
10 
2 
4 
19 
12 
10 
11 
14 
10 
13 
15 
28 
39 
34 
17 
0 
4 
8 
13 
4 
0 
7 
1 
14 
9 
26 
37 
44 
52 
6 
1 
16 
27 
23 
30 
7 
12 
11 
20 
13 
17 
42 
53 
28 
34 
21 
9 
15 
48 
58 
22 
27 
28 
16 
7 
17 
15 
10 
5 
3 
14 
34 
33 
54 
41 
12 
14 
22 
18 
0 
55 
43 
55 
4 
16 
38 
9 
2 
24 
54 
51 
28 
12 
31 
46 
18 
40 
30 
31 
32 
28 
24 
29 
27 
23 
12 
26 
24 
25 
9 
0 
0 
0 
7 
11 
16 
17 
28 
0 
10 
11 
8 
18 
33 
44 
40 
27 
20 
8 
9 
16 
12 
7 
6 
2 
7 
12 
39 
50 
45 
33 
1 
6 
21 
0 
57 
119 
38 
49 
69 
30 
46 
31 
14 
70 
85 
37 
8 
17 
17 
3 
16 
11 
20 
1 
16 
11 
3 
1 
21 
46 
32 
28 
52 
41 
25 
20 
44 
48 
39 
7 
9 
27 
2 
0 
12 
10 
25 
34 
17 
4 
4 
15 
16 
3 
8 
19 
27 
16 
11 
10 
25 
12 
37 
37 
42 
25 
14 
9 
18 
5 
3 
7 
11 
16 
13 
6 
10 
6 
5 
16 
23 
28 
39 
44 
45 
35 
8 
11 
49 
11 
16 
29 
9 
35 
48 
31 
8 
7 
5 
9 
22 
9 
15 
44 
17 
49 
130 
33 
2 
26 
30 
34 
40 
32 
44 
64 
54 
25 
30 
17 
7 
15 
23 
22 
5 
10 
3 
9 
9 
28 
30 
9 
21 
40 
25 
11 
0 
13 
15 
32 
34 
14 
12 
4 
6 
6 
9 
40 
48 
45 
19 
4 
4 
0 
3 
6 
28 
37 
38 
31 
13 
10 
58 
73 
65 
46 
6 
11 
24 
29 
11 
20 
4 
7 
26 
41 
22 
2 
25 
29 
40 
35 
20 
23 
36 
21 
3 
3 
7 
6 
20 
8 
19 
0 
17 
6 
6 
34 
21 
12 
12 
3 
6 
17 
7 
32 
8 
15 
10 
22 
45 
4 
1 
20 
2 
41 
41 
36 
26 
13 
2 
3 
8 
0 
7 
1 
6 
12 
18 
5 
32 
34 
35 
24 
15 
4 
0 
12 
11 
6 
10 
12 
0 
6 
13 
24 
26 
45 
42 
33 
3 
4 
17 
23 
11 
7 
33 
22 
9 
5 
4 
14 
45 
65 
64 
39 
8 
9 
12 
3 
3 
18 
8 
8 
7 
3 
8 
8 
34 
43 
44 
47 
36 
35 
0 
8 
4 
14 
16 
19 
23 
22 
9 
18 
17 
69 
66 
53 
36 
7 
9 
2 
8 
1 
1 
4 
7 
0 
13 
16 
49 
0 
32 
42 
35 
44 
30 
41 
28 
4 
24 
23 
11 
10 
4 
8 
17 
34 
29 
28 
32 
27 
4 
8 
23 
28 
4 
5 
0 
4 
6 
16 
15 
4 
4 
17 
17 
34 
39 
44 
24 
21 
15 
11 
7 
0 
14 
16 
0 
11 
12 
27 
28 
31 
40 
37 
7 
16 
8 
0 
1 
23 
2 
8 
5 
2 
5 
17 
18 
25 
22 
29 
38 
25 
19 
12 
9 
12 
2 
1 
11 
28 
15 
12 
9 
24 
40 
45 
37 
27 
9 
1 
2 
0 
5 
7 
18 
30 
44 
11 
5 
17 
32 
50 
45 
36 
20 
17 
12 
4 
1 
0 
0 
4 
1 
10 
0 
11 
16 
26 
17 
16 
24 
33 
35 
15 
0 
16 
0 
10 
20 
51 
22 
2 
4 
8 
52 
90 
89 
75 
36 
0 
4 
3 
19 
38 
36 
27 
10 
5 
14 
2 
29 
43 
53 
46 
63 
52 
21 
0 
7 
15 
30 
20 
47 
26 
18 
16 
34 
45 
49 
56 
47 
26 
17 
23 
4 
1 
0 
1 
5 
8 
2 
1 
10 
17 
30 
25 
23 
24 
11 
4 
4 
7 
0 
3 
4 
0 
6 
11 
1 
5 
24 
22 
57 
64 
31 
36 
21 
0 
12 
11 
15 
16 
13 
2 
9 
13 
21 
32 
41 
33 
24 
24 
23 
16 
3 
5 
0 
11 
18 
13 
4 
4 
14 
25 
25 
44 
43 
24 
17 
12 
4 
7 
6 
2 
24 
15 
5 
17 
14 
15 
20 
52 
52 
37 
25 
0 
0 
0 
7 
0 
9 
18 
17 
6 
6 
45 
33 
32 
35 
16 
23 
36 
3 
1 
11 
28 
24 
1 
16 
44 
23 
4 
0 
14 
5 
33 
40 
38 
21 
14 
5 
4 
0 
12 
27 
6 
21 
40 
20 
42 
41 
24 
15 
18 
1 
11 
36 
21 
16 
19 
19 
20 
23 
22 
30 
2 
18 
38 
52 
58 
57 
56 
42 
24 
21 
5 
10 
1 
10 
15 
11 
1 
1 
12 
14 
33 
24 
18 
1 
1 
18 
11 
6 
1 
19 
9 
5 
25 
29 
25 
40 
48 
38 
21 
5 
4 
0 
2 
13 
19 
2 
2 
5 
1 
5 
4 
26 
35 
40 
42 
41 
28 
45 
49 
52 
16 
2 
28 
47 
55 
16 
11 
6 
9 
15 
41 
38 
31 
15 
8 
3 
6 
7 
4 
1 
1 
1 
14 
12 
2 
29 
57 
54 
33 
37 
31 
29 
8 
5 
22 
14 
19 
5 
10 
27 
32 
30 
37 
36 
31 
40 
35 
14 
6 
8 
0 
8 
0 
2 
14 
14 
23 
19 
8 
24 
44 
36 
18 
17 
29 
18 
5 
10 
0 
19 
13 
13 
14 
38 
43 
25 
16 
46 
37 
26 
29 
27 
32 
3 
6 
13 
46 
45 
6 
2 
11 
37 
52 
58 
49 
44 
20 
9 
4 
7 
4 
0 
14 
13 
16 
0 
14 
17 
25 
20 
38 
27 
20 
7 
8 
15 
4 
4 
15 
40 
11 
9 
2 
14 
22 
37 
61 
53 
24 
22 
33 
28 
3 
16 
9 
1 
0 
23 
21 
18 
7 
27 
45 
48 
37 
29 
27 
12 
15 
14 
25 
22 
6 
21 
6 
9 
30 
1 
16 
30 
49 
34 
41 
55 
20 
16 
13 
0 
13 
14 
2 
3 
4 
2 
1 
4 
21 
25 
14 
2 
14 
17 
26 
13 
15 
16 
12 
9 
6 
9 
14 
25 
22 
31 
16 
27 
22 
6 
0 
0 
5 
3 
11 
16 
19 
1 
13 
14 
33 
33 
52 
39 
24 
11 
0 
8 
7 
4 
11 
26 
9 
10 
9 
5 
9 
20 
16 
26 
31 
20 
26 
49 
50 
21 
11 
18 
1 
7 
11 
15 
4 
0 
7 
8 
15 
26 
29 
20 
8 
17 
12 
20 
9 
8 
31 
18 
10 
7 
0 
26 
41 
37 
24 
32 
31 
30 
25 
39 
43 
16 
23 
55 
28 
15 
18 
17 
24 
22 
17 
17 
26 
29 
30 
1 
8 
0 
7 
12 
7 
2 
2 
22 
47 
48 
15 
16 
23 
22 
9 
8 
3 
7 
16 
19 
20 
3 
21 
25 
26 
31 
40 
27 
24 
23 
14 
13 
3 
5 
14 
33 
18 
3 
6 
9 
17 
40 
59 
60 
29 
15 
23 
24 
22 
8 
9 
21 
1 
4 
11 
11 
7 
10 
5 
18 
41 
32 
16 
1 
8 
19 
24 
27 
18 
14 
15 
2 
30 
54 
53 
57 
60 
48 
33 
29 
9 
0 
3 
3 
5 
19 
4 
1 
2 
18 
33 
34 
57 
52 
8 
10 
14 
0 
4 
5 
10 
4 
1 
10 
17 
2 
20 
25 
29 
20 
22 
29 
16 
11 
8 
6 
6 
2 
7 
4 
6 
29 
1 
15 
9 
2 
33 
37 
33 
44 
34 
9 
2 
10 
25 
42 
3 
18 
26 
25 
17 
32 
38 
35 
12 
6 
17 
8 
3 
0 
6 
1 
2 
14 
10 
16 
24 
46 
51 
56 
47 
40 
24 
12 
9 
1 
0 
0 
7 
23 
30 
13 
1 
12 
26 
37 
38 
29 
19 
12 
9 
11 
20 
29 
4 
19 
2 
7 
4 
1 
10 
25 
48 
24 
19 
20 
28 
22 
10 
0 
10 
1 
12 
15 
19 
12 
16 
21 
29 
34 
17 
26 
13 
8 
12 
7 
0 
1 
9 
10 
15 
1 
23 
17 
20 
26 
30 
33 
42 
21 
11 
20 
20 
12 
4 
0 
12 
8 
8 
17 
6 
17 
26 
37 
24 
7 
29 
27 
19 
0 
15 
23 
22 
17 
26 
13 
13 
33 
44 
43 
42 
41 
35 
24 
1 
7 
6 
7 
3 
14 
20 
11 
5 
13 
26 
25 
40 
35 
40 
31 
0 
3 
6 
4 
8 
18 
2 
17 
8 
3 
8 
20 
50 
45 
44 
44 
41 
11 
19 
19 
31 
14 
8 
3 
1 
0 
32 
43 
50 
49 
31 
36 
16 
4 
1 
12 
15 
15 
24 
25 
26 
14 
3 
22 
37 
33 
56 
59 
56 
24 
4 
9 
0 
7 
11 
2 
3 
0 
0 
13 
10 
21 
42 
45 
30 
5 
7 
14 
1 
4 
8 
0 
10 
20 
31 
8 
20 
42 
47 
48 
43 
40 
36 
13 
6 
10 
14 
4 
7 
23 
2 
2 
9 
12 
37 
25 
50 
41 
15 
12 
0 
9 
0 
0 
3 
3 
2 
0 
0 
11 
16 
42 
45 
43 
32 
24 
17 
13 
4 
3 
20 
15 
15 
18 
17 
6 
12 
29 
41 
36 
33 
21 
12 
4 
3 
6 
5 
7 
0 
3 
10 
1 
5 
20 
41 
45 
48 
55 
40 
18 
8 
1 
2 
14 
14 
28 
12 
1 
2 
9 
9 
20 
49 
41 
31 
36 
10 
14 
6 
3 
6 
3 
4 
7 
12 
1 
17 
40 
36 
35 
22 
9 
11 
4 
3 
7 
16 
16 
7 
5 
6 
7 
8 
13 
20 
20 
27 
16 
12 
9 
0 
4 
4 
6 
1 
34 
17 
0 
12 
12 
30 
37 
50 
35 
32 
13 
28 
28 
17 
1 
8 
0 
0 
7 
10 
9 
7 
16 
26 
23 
20 
18 
13 
6 
5 
5 
2 
0 
3 
0 
0 
17 
21 
26 
33 
28 
39 
42 
37 
16 
16 
5 
12 
23 
26 
21 
16 
19 
11 
0 
0 
32 
58 
63 
44 
33 
36 
30 
24 
13 
5 
5 
2 
16 
15 
19 
13 
21 
30 
25 
30 
25 
16 
0 
1 
4 
0 
3 
14 
21 
10 
9 
21 
37 
36 
26 
35 
24 
11 
22 
2 
23 
32 
9 
24 
4 
1 
20 
33 
26 
3 
30 
45 
37 
28 
15 
40 
25 
21 
0 
8 
0 
7 
16 
11 
10 
1 
15 
29 
32 
38 
49 
31 
20 
22 
6 
16 
9 
1 
12 
9 
6 
2 
1 
8 
17 
29 
24 
26 
5 
14 
2 
18 
30 
27 
11 
10 
25 
34 
33 
34 
61 
72 
44 
23 
16 
16 
5 
8 
15 
7 
11 
2 
11 
15 
5 
1 
0 
38 
69 
64 
43 
32 
14 
3 
10 
18 
20 
23 
27 
10 
6 
0 
10 
18 
25 
35 
40 
38 
25 
6 
13 
18 
9 
0 
19 
26 
10 
11 
2 
22 
46 
57 
57 
46 
33 
7 
7 
12 
13 
10 
13 
0 
12 
5 
13 
18 
26 
31 
32 
38 
29 
24 
12 
5 
0 
3 
2 
4 
11 
8 
7 
1 
5 
17 
25 
57 
48 
31 
28 
5 
0 
15 
9 
20 
23 
9 
2 
5 
12 
26 
53 
65 
54 
45 
31 
40 
20 
8 
3 
3 
3 
1 
3 
4 
7 
16 
35 
36 
28 
17 
27 
28 
4 
14 
18 
12 
4 
14 
24 
35 
9 
1 
7 
23 
45 
36 
38 
29 
34 
25 
12 
4 
4 
11 
18 
22 
11 
15 
5 
11 
49 
60 
54 
45 
40 
24 
25 
11 
12 
7 
20 
13 
0 
11 
11 
7 
16 
23 
18 
5 
14 
13 
8 
7 
0 
0 
3 
11 
17 
14 
0 
8 
18 
22 
25 
29 
25 
32 
21 
1 
10 
11 
0 
12 
19 
2 
5 
12 
26 
33 
41 
58 
45 
40 
20 
17 
0 
11 
24 
31 
14 
10 
5 
1 
9 
16 
42 
39 
44 
38 
37 
47 
40 
24 
16 
4 
9 
19 
22 
24 
11 
1 
9 
18 
15 
40 
27 
16 
7 
0 
4 
7 
16 
19 
27 
9 
9 
9 
4 
16 
48 
64 
60 
56 
45 
43 
31 
7 
0 
19 
10 
9 
18 
21 
18 
13 
34 
39 
28 
35 
32 
25 
4 
3 
20 
7 
0 
1 
8 
31 
5 
2 
21 
37 
51 
48 
39 
32 
23 
12 
16 
13 
4 
11 
6 
13 
1 
2 
5 
