9 
5 
5 
8 
0 
0 
16 
24 
7 
15 
15 
34 
38 
29 
16 
15 
6 
2 
10 
0 
7 
0 
7 
7 
7 
7 
31 
31 
47 
46 
29 
24 
6 
10 
7 
15 
14 
37 
24 
0 
33 
34 
39 
40 
16 
15 
39 
42 
42 
42 
10 
2 
10 
10 
2 
0 
7 
7 
15 
23 
15 
31 
31 
22 
21 
16 
15 
14 
2 
0 
0 
2 
1 
2 
13 
16 
24 
15 
15 
22 
29 
24 
7 
1 
2 
7 
0 
7 
0 
10 
18 
6 
21 
13 
24 
24 
23 
22 
21 
16 
7 
14 
21 
8 
8 
9 
13 
16 
8 
7 
6 
13 
15 
1 
5 
0 
0 
1 
18 
1 
10 
2 
10 
7 
15 
16 
40 
40 
24 
31 
39 
46 
13 
8 
9 
5 
8 
0 
0 
6 
5 
5 
8 
8 
7 
18 
38 
29 
23 
22 
13 
8 
7 
1 
2 
2 
8 
7 
7 
14 
21 
37 
39 
14 
13 
0 
8 
17 
10 
5 
5 
0 
0 
8 
7 
7 
31 
30 
29 
29 
32 
15 
6 
5 
8 
1 
2 
2 
0 
0 
7 
18 
6 
13 
13 
24 
24 
15 
6 
13 
8 
0 
8 
8 
8 
8 
0 
7 
7 
23 
23 
31 
50 
30 
5 
8 
7 
0 
16 
21 
8 
0 
7 
8 
24 
24 
31 
23 
23 
26 
30 
29 
16 
0 
8 
5 
6 
13 
2 
5 
5 
13 
24 
32 
32 
31 
22 
37 
24 
7 
1 
2 
0 
0 
1 
5 
5 
16 
7 
7 
14 
21 
16 
16 
15 
14 
13 
0 
8 
16 
16 
10 
18 
22 
13 
13 
24 
24 
23 
22 
29 
24 
23 
14 
2 
8 
13 
17 
18 
6 
5 
2 
2 
18 
26 
30 
29 
37 
32 
23 
6 
5 
0 
0 
0 
2 
6 
13 
13 
13 
24 
24 
23 
22 
21 
24 
23 
14 
2 
7 
8 
8 
2 
1 
5 
13 
40 
23 
22 
29 
32 
23 
30 
13 
8 
25 
26 
23 
23 
24 
8 
23 
34 
50 
54 
53 
48 
23 
14 
5 
7 
2 
1 
2 
7 
0 
2 
22 
21 
16 
15 
30 
37 
32 
14 
13 
0 
16 
17 
2 
7 
0 
0 
15 
7 
18 
22 
29 
48 
31 
22 
29 
7 
2 
9 
2 
2 
7 
7 
8 
16 
23 
15 
30 
29 
24 
24 
11 
21 
16 
7 
6 
13 
8 
0 
9 
2 
16 
16 
23 
22 
21 
23 
14 
13 
8 
1 
5 
8 
0 
8 
9 
5 
5 
0 
16 
31 
15 
6 
13 
32 
15 
6 
13 
0 
0 
7 
2 
5 
9 
10 
5 
21 
24 
24 
31 
31 
38 
29 
16 
7 
6 
5 
0 
0 
0 
9 
5 
5 
16 
7 
15 
30 
29 
8 
7 
6 
13 
8 
8 
7 
6 
13 
13 
8 
0 
2 
6 
2 
2 
7 
15 
18 
2 
1 
10 
18 
7 
7 
8 
16 
2 
9 
2 
10 
0 
0 
6 
2 
15 
24 
17 
26 
31 
32 
21 
17 
26 
15 
15 
16 
8 
0 
2 
1 
2 
0 
0 
0 
1 
2 
0 
1 
2 
7 
16 
25 
18 
23 
31 
32 
37 
25 
10 
2 
0 
0 
0 
0 
1 
10 
15 
16 
24 
21 
29 
29 
41 
18 
26 
26 
10 
2 
13 
2 
2 
10 
10 
7 
7 
0 
23 
39 
31 
26 
18 
30 
13 
2 
0 
0 
0 
0 
0 
8 
16 
16 
16 
23 
31 
18 
14 
21 
13 
0 
0 
0 
7 
0 
0 
8 
16 
16 
24 
23 
31 
34 
30 
29 
8 
0 
0 
0 
2 
2 
17 
13 
5 
13 
21 
24 
32 
31 
26 
22 
2 
8 
0 
0 
8 
8 
13 
2 
2 
10 
10 
34 
26 
38 
21 
32 
24 
15 
10 
6 
2 
2 
0 
0 
0 
7 
0 
0 
5 
10 
26 
34 
38 
29 
24 
15 
7 
9 
2 
2 
2 
2 
13 
5 
16 
16 
32 
31 
26 
22 
21 
16 
8 
0 
8 
0 
2 
2 
2 
14 
21 
29 
24 
16 
0 
2 
1 
5 
2 
5 
13 
21 
13 
2 
5 
13 
17 
10 
22 
37 
29 
32 
24 
15 
2 
9 
2 
5 
5 
5 
5 
8 
16 
8 
24 
24 
31 
23 
6 
21 
5 
16 
8 
0 
2 
2 
1 
5 
2 
5 
5 
21 
24 
32 
31 
23 
22 
21 
0 
0 
0 
7 
2 
9 
2 
2 
5 
5 
13 
24 
32 
32 
31 
23 
2 
6 
13 
8 
0 
7 
0 
16 
31 
15 
14 
21 
24 
23 
7 
10 
14 
13 
0 
0 
0 
0 
0 
0 
10 
10 
6 
21 
29 
29 
32 
23 
31 
22 
16 
0 
2 
1 
2 
2 
8 
0 
0 
0 
18 
22 
21 
32 
31 
15 
14 
2 
0 
0 
7 
8 
0 
7 
7 
10 
26 
22 
37 
29 
24 
15 
10 
14 
5 
24 
15 
8 
1 
5 
2 
0 
8 
16 
15 
15 
14 
21 
21 
8 
7 
0 
10 
6 
2 
5 
16 
8 
7 
15 
18 
22 
29 
32 
23 
18 
6 
2 
8 
8 
7 
2 
9 
13 
13 
16 
15 
14 
29 
29 
32 
22 
5 
0 
0 
0 
9 
2 
5 
5 
0 
8 
15 
23 
14 
21 
24 
23 
14 
13 
5 
0 
0 
8 
2 
2 
1 
5 
13 
24 
32 
31 
34 
38 
40 
23 
6 
5 
0 
2 
1 
2 
7 
0 
2 
6 
5 
8 
31 
30 
29 
24 
19 
29 
24 
23 
6 
2 
7 
16 
17 
18 
15 
0 
14 
37 
29 
32 
23 
34 
22 
13 
0 
8 
8 
5 
1 
5 
5 
24 
16 
15 
30 
29 
32 
22 
13 
8 
0 
1 
2 
5 
0 
7 
14 
21 
32 
23 
38 
48 
11 
5 
8 
6 
2 
0 
1 
2 
8 
8 
9 
2 
8 
16 
31 
38 
24 
23 
30 
13 
8 
1 
2 
0 
0 
8 
9 
13 
24 
24 
27 
21 
24 
23 
22 
24 
7 
6 
8 
7 
1 
2 
8 
15 
14 
8 
7 
6 
21 
32 
46 
21 
11 
13 
8 
6 
10 
8 
1 
5 
0 
4 
13 
24 
19 
29 
24 
30 
21 
7 
6 
0 
4 
2 
7 
8 
1 
5 
16 
23 
14 
21 
24 
23 
22 
16 
0 
6 
5 
7 
6 
5 
8 
0 
1 
5 
13 
24 
22 
37 
32 
6 
2 
0 
3 
5 
0 
0 
1 
2 
0 
0 
15 
30 
29 
24 
11 
21 
24 
7 
14 
5 
8 
7 
1 
10 
23 
0 
10 
18 
22 
21 
24 
23 
27 
37 
16 
7 
14 
5 
7 
8 
5 
6 
5 
8 
16 
23 
38 
37 
40 
11 
13 
8 
0 
1 
2 
0 
0 
2 
1 
5 
0 
24 
23 
22 
29 
32 
31 
14 
5 
0 
8 
5 
9 
5 
13 
8 
15 
22 
13 
24 
23 
46 
32 
0 
6 
5 
0 
0 
9 
5 
0 
0 
0 
6 
13 
24 
31 
46 
29 
24 
6 
13 
0 
0 
1 
2 
5 
0 
0 
1 
13 
13 
16 
23 
14 
13 
24 
31 
6 
5 
0 
7 
10 
6 
5 
8 
0 
7 
22 
21 
24 
23 
30 
8 
7 
9 
5 
8 
7 
0 
2 
14 
13 
8 
16 
23 
30 
37 
32 
19 
13 
8 
0 
6 
5 
0 
0 
9 
10 
5 
0 
23 
31 
30 
29 
24 
31 
30 
5 
7 
1 
5 
0 
0 
1 
21 
24 
19 
29 
32 
6 
5 
16 
3 
21 
7 
8 
5 
9 
2 
7 
7 
7 
10 
6 
21 
37 
32 
19 
21 
24 
15 
6 
5 
8 
0 
1 
5 
0 
0 
7 
22 
29 
40 
19 
21 
24 
23 
1 
8 
0 
1 
2 
7 
0 
6 
13 
16 
15 
30 
21 
31 
30 
21 
7 
6 
5 
7 
24 
9 
2 
0 
8 
7 
14 
21 
32 
39 
30 
21 
8 
3 
5 
0 
7 
8 
1 
2 
2 
8 
15 
22 
29 
40 
35 
29 
16 
4 
5 
0 
8 
2 
1 
10 
10 
8 
8 
7 
7 
14 
29 
29 
32 
15 
14 
5 
0 
0 
0 
0 
14 
21 
16 
15 
38 
29 
32 
27 
29 
16 
1 
10 
7 
8 
1 
2 
2 
0 
8 
0 
10 
30 
29 
32 
31 
30 
21 
16 
3 
2 
0 
0 
7 
6 
5 
0 
7 
18 
22 
13 
16 
23 
30 
13 
7 
14 
13 
0 
0 
1 
10 
0 
0 
0 
14 
21 
32 
31 
22 
21 
16 
15 
6 
13 
0 
8 
5 
9 
10 
2 
8 
40 
39 
22 
21 
32 
23 
14 
2 
16 
7 
1 
2 
7 
0 
0 
14 
29 
32 
23 
22 
29 
23 
22 
13 
7 
6 
5 
15 
16 
16 
1 
13 
8 
23 
23 
30 
29 
24 
11 
5 
8 
0 
0 
5 
1 
2 
5 
8 
8 
15 
23 
30 
29 
32 
31 
14 
2 
7 
0 
10 
1 
2 
0 
0 
0 
2 
14 
29 
24 
23 
22 
37 
16 
8 
8 
14 
13 
8 
0 
9 
5 
2 
8 
16 
15 
34 
38 
29 
16 
1 
13 
8 
7 
5 
1 
5 
0 
0 
0 
22 
21 
32 
23 
30 
21 
23 
14 
5 
7 
0 
1 
5 
2 
8 
15 
6 
21 
16 
0 
6 
29 
29 
23 
14 
5 
8 
7 
1 
5 
8 
0 
9 
5 
8 
0 
23 
22 
37 
16 
7 
6 
5 
0 
0 
0 
10 
1 
13 
2 
0 
16 
15 
15 
6 
13 
37 
24 
7 
7 
14 
13 
8 
0 
0 
5 
14 
13 
24 
40 
23 
30 
21 
16 
14 
2 
0 
0 
0 
1 
2 
13 
16 
8 
15 
22 
37 
32 
19 
21 
0 
0 
1 
2 
2 
0 
7 
6 
5 
5 
8 
23 
15 
6 
13 
13 
16 
7 
7 
22 
13 
16 
15 
1 
2 
5 
24 
23 
15 
22 
21 
24 
14 
5 
0 
0 
2 
1 
10 
5 
0 
16 
15 
15 
14 
21 
21 
32 
23 
14 
13 
16 
0 
16 
5 
1 
5 
2 
2 
16 
23 
31 
38 
29 
16 
19 
29 
16 
7 
1 
5 
8 
0 
8 
2 
1 
5 
21 
24 
23 
30 
21 
15 
14 
21 
8 
0 
1 
2 
10 
0 
0 
7 
7 
22 
21 
32 
30 
29 
8 
7 
14 
13 
8 
0 
1 
13 
16 
7 
14 
24 
39 
38 
32 
19 
13 
15 
6 
0 
16 
9 
10 
7 
15 
16 
8 
7 
26 
54 
45 
43 
61 
48 
30 
8 
4 
10 
31 
41 
26 
18 
8 
15 
23 
38 
37 
40 
31 
38 
5 
7 
14 
16 
15 
1 
10 
0 
6 
13 
0 
6 
13 
7 
22 
29 
31 
22 
16 
4 
2 
0 
8 
1 
5 
8 
0 
6 
8 
7 
14 
21 
24 
15 
6 
2 
16 
7 
6 
2 
0 
0 
0 
0 
2 
2 
14 
45 
32 
15 
14 
21 
21 
8 
0 
2 
9 
2 
2 
8 
16 
15 
26 
30 
29 
24 
15 
14 
32 
15 
6 
13 
16 
0 
1 
5 
8 
15 
14 
21 
32 
23 
30 
24 
19 
5 
0 
1 
5 
0 
8 
9 
5 
8 
7 
6 
21 
32 
19 
21 
16 
6 
21 
8 
1 
2 
0 
0 
14 
13 
16 
6 
21 
32 
27 
21 
31 
30 
8 
1 
10 
8 
1 
10 
0 
0 
6 
5 
24 
23 
22 
21 
31 
38 
13 
7 
1 
8 
7 
9 
10 
7 
0 
7 
14 
21 
16 
31 
30 
21 
23 
30 
21 
8 
1 
2 
0 
8 
9 
5 
16 
15 
14 
29 
32 
14 
21 
23 
22 
0 
12 
2 
0 
7 
16 
0 
22 
21 
23 
38 
29 
15 
38 
40 
27 
21 
8 
9 
18 
24 
17 
18 
0 
0 
18 
14 
37 
48 
27 
45 
40 
14 
2 
0 
6 
10 
15 
9 
5 
5 
0 
0 
22 
29 
23 
14 
29 
32 
22 
13 
7 
14 
0 
8 
9 
10 
0 
7 
6 
37 
32 
22 
29 
31 
22 
8 
4 
5 
0 
8 
17 
10 
8 
7 
7 
22 
13 
32 
30 
29 
16 
14 
21 
8 
1 
5 
0 
0 
1 
5 
13 
16 
11 
21 
24 
11 
13 
16 
15 
6 
2 
32 
22 
5 
0 
6 
2 
8 
14 
21 
16 
0 
14 
21 
15 
14 
16 
19 
13 
7 
16 
9 
5 
16 
15 
6 
13 
24 
22 
29 
15 
6 
16 
7 
14 
7 
8 
9 
5 
8 
7 
14 
29 
32 
19 
13 
24 
14 
21 
8 
1 
2 
0 
0 
9 
2 
0 
15 
14 
21 
16 
23 
38 
16 
23 
14 
2 
8 
1 
2 
10 
8 
7 
22 
21 
23 
14 
21 
23 
14 
13 
8 
0 
6 
5 
15 
8 
14 
5 
0 
7 
18 
38 
29 
31 
30 
13 
15 
22 
2 
7 
8 
8 
8 
2 
1 
5 
13 
16 
16 
23 
22 
37 
32 
23 
6 
5 
8 
0 
0 
17 
10 
2 
24 
23 
22 
21 
32 
35 
21 
8 
7 
14 
5 
0 
8 
1 
2 
0 
7 
6 
13 
24 
23 
27 
21 
8 
7 
6 
10 
15 
0 
7 
14 
21 
24 
7 
1 
13 
0 
7 
14 
13 
24 
23 
30 
13 
16 
7 
2 
1 
10 
0 
8 
15 
14 
21 
32 
23 
22 
16 
7 
6 
2 
7 
0 
7 
14 
13 
8 
14 
13 
16 
23 
38 
21 
8 
1 
2 
15 
0 
10 
22 
5 
0 
16 
8 
1 
13 
21 
32 
31 
26 
14 
5 
8 
0 
2 
2 
6 
5 
2 
13 
16 
15 
14 
21 
29 
32 
15 
14 
13 
8 
0 
0 
1 
2 
13 
8 
8 
0 
2 
22 
29 
37 
31 
30 
29 
7 
13 
9 
10 
2 
16 
16 
7 
1 
13 
24 
23 
38 
45 
39 
22 
8 
0 
1 
8 
0 
1 
2 
15 
7 
0 
2 
14 
21 
48 
35 
29 
16 
11 
13 
8 
15 
14 
2 
0 
0 
1 
2 
8 
23 
30 
21 
23 
22 
21 
15 
6 
2 
0 
0 
1 
2 
8 
7 
14 
5 
8 
23 
14 
29 
16 
0 
1 
10 
0 
7 
0 
5 
1 
21 
16 
16 
15 
15 
30 
21 
16 
7 
6 
5 
7 
0 
0 
23 
23 
18 
22 
13 
8 
15 
14 
29 
24 
15 
14 
13 
0 
8 
9 
21 
16 
0 
0 
1 
5 
16 
24 
31 
38 
40 
27 
21 
7 
17 
2 
8 
7 
1 
2 
0 
0 
0 
6 
29 
48 
47 
46 
16 
4 
2 
7 
0 
1 
10 
0 
7 
7 
1 
21 
37 
24 
7 
14 
21 
24 
15 
1 
2 
7 
7 
22 
13 
8 
7 
14 
13 
8 
15 
30 
29 
16 
14 
5 
7 
0 
2 
1 
2 
0 
0 
0 
10 
6 
21 
29 
40 
31 
14 
13 
8 
0 
1 
2 
2 
0 
24 
0 
0 
6 
29 
29 
32 
23 
30 
21 
31 
6 
2 
0 
0 
1 
2 
8 
8 
7 
6 
13 
24 
23 
22 
21 
16 
3 
5 
8 
0 
0 
1 
5 
5 
8 
7 
18 
14 
29 
32 
23 
22 
24 
7 
9 
2 
18 
15 
0 
23 
6 
21 
32 
31 
30 
32 
19 
21 
24 
7 
9 
0 
8 
2 
6 
5 
7 
8 
7 
14 
5 
21 
32 
31 
22 
13 
8 
0 
0 
1 
5 
0 
8 
7 
10 
2 
22 
21 
32 
31 
38 
16 
0 
10 
30 
13 
0 
5 
1 
2 
7 
0 
16 
23 
15 
14 
21 
24 
23 
14 
13 
8 
0 
0 
1 
2 
2 
7 
8 
16 
15 
31 
54 
45 
39 
30 
8 
8 
6 
2 
7 
16 
16 
5 
6 
5 
24 
16 
31 
26 
14 
21 
24 
15 
1 
5 
5 
7 
7 
7 
0 
7 
15 
34 
54 
37 
24 
7 
6 
5 
7 
23 
24 
0 
7 
10 
26 
18 
22 
29 
29 
32 
16 
23 
14 
5 
2 
0 
16 
7 
5 
2 
1 
2 
5 
13 
24 
16 
24 
15 
31 
22 
13 
24 
15 
7 
2 
1 
5 
5 
2 
0 
16 
39 
23 
22 
29 
24 
15 
6 
2 
8 
0 
0 
2 
1 
5 
2 
5 
24 
16 
23 
22 
37 
24 
7 
15 
14 
13 
0 
0 
0 
0 
2 
6 
5 
21 
32 
31 
22 
21 
16 
16 
15 
6 
2 
7 
8 
7 
2 
6 
13 
16 
32 
31 
30 
29 
8 
11 
5 
8 
0 
8 
6 
5 
2 
16 
15 
10 
14 
5 
16 
11 
21 
5 
16 
15 
1 
13 
5 
7 
0 
0 
15 
15 
26 
38 
29 
32 
22 
5 
0 
8 
23 
22 
13 
15 
17 
10 
15 
7 
8 
15 
23 
22 
13 
16 
7 
22 
13 
8 
7 
15 
6 
5 
5 
8 
0 
15 
23 
26 
30 
29 
24 
15 
14 
5 
0 
0 
2 
6 
2 
0 
24 
15 
14 
21 
16 
31 
22 
21 
24 
7 
6 
2 
7 
8 
0 
6 
21 
5 
8 
7 
14 
13 
8 
16 
15 
22 
29 
16 
8 
0 
0 
2 
1 
2 
2 
16 
16 
15 
26 
38 
29 
24 
7 
14 
2 
8 
7 
1 
5 
2 
8 
7 
7 
14 
29 
24 
31 
14 
13 
0 
0 
6 
13 
7 
16 
8 
0 
0 
15 
15 
42 
46 
21 
32 
19 
21 
24 
0 
14 
5 
0 
8 
16 
9 
10 
5 
24 
24 
23 
14 
29 
24 
15 
22 
5 
8 
0 
1 
5 
5 
16 
7 
14 
5 
8 
15 
7 
6 
13 
5 
8 
0 
7 
2 
2 
1 
5 
2 
5 
16 
32 
31 
30 
29 
24 
23 
14 
2 
2 
7 
0 
0 
5 
1 
13 
13 
24 
31 
23 
30 
21 
23 
22 
5 
0 
0 
2 
1 
10 
0 
0 
23 
30 
21 
24 
23 
14 
5 
0 
1 
5 
8 
15 
18 
22 
13 
16 
7 
1 
5 
13 
15 
1 
21 
16 
15 
18 
14 
13 
8 
7 
6 
5 
7 
0 
22 
16 
7 
10 
14 
29 
24 
15 
1 
2 
5 
0 
0 
8 
8 
10 
14 
21 
21 
24 
39 
38 
29 
8 
1 
5 
5 
8 
7 
10 
14 
13 
0 
7 
7 
22 
29 
24 
15 
22 
24 
7 
1 
10 
7 
7 
14 
5 
16 
24 
15 
22 
13 
16 
6 
13 
8 
15 
22 
5 
0 
7 
1 
13 
5 
8 
7 
7 
22 
13 
16 
27 
45 
24 
11 
5 
0 
0 
1 
18 
15 
0 
0 
0 
14 
29 
21 
24 
23 
22 
29 
24 
15 
1 
2 
2 
7 
15 
7 
8 
0 
39 
46 
29 
32 
31 
14 
5 
8 
0 
2 
9 
2 
2 
2 
8 
8 
32 
23 
23 
46 
48 
23 
14 
24 
30 
8 
4 
10 
15 
7 
8 
8 
8 
5 
18 
22 
21 
24 
40 
55 
38 
29 
23 
1 
18 
23 
24 
17 
10 
24 
24 
31 
30 
21 
32 
63 
54 
29 
0 
9 
23 
24 
25 
18 
7 
0 
0 
14 
29 
37 
48 
47 
38 
21 
7 
6 
21 
8 
0 
9 
26 
15 
0 
6 
13 
16 
23 
23 
6 
13 
0 
0 
0 
0 
0 
0 
0 
7 
7 
23 
23 
23 
55 
63 
38 
29 
32 
0 
17 
23 
32 
32 
21 
1 
13 
21 
29 
45 
37 
48 
40 
15 
1 
5 
8 
8 
0 
13 
17 
2 
5 
13 
24 
16 
15 
26 
54 
61 
40 
6 
2 
0 
9 
5 
16 
0 
5 
1 
10 
0 
15 
18 
30 
21 
32 
31 
22 
0 
8 
6 
2 
5 
24 
8 
7 
18 
14 
21 
16 
19 
37 
32 
22 
13 
0 
1 
15 
32 
41 
5 
45 
40 
23 
6 
21 
16 
23 
54 
88 
91 
77 
14 
4 
34 
73 
100 
82 
87 
85 
33 
14 
18 
90 
103 
120 
104 
56 
8 
53 
61 
37 
29 
21 
21 
15 
31 
48 
56 
56 
56 
55 
46 
45 
15 
6 
7 
9 
18 
0 
22 
0 
16 
14 
16 
27 
37 
16 
9 
0 
19 
21 
15 
14 
21 
16 
1 
13 
8 
16 
1 
13 
16 
11 
29 
64 
78 
36 
2 
4 
15 
9 
16 
6 
50 
40 
25 
10 
15 
54 
85 
80 
86 
48 
54 
32 
1 
15 
33 
55 
33 
31 
52 
26 
16 
14 
13 
24 
31 
22 
13 
37 
48 
16 
8 
15 
23 
0 
0 
10 
13 
13 
21 
45 
45 
56 
39 
46 
0 
35 
45 
7 
17 
15 
28 
34 
8 
47 
46 
8 
38 
48 
22 
59 
148 
137 
57 
38 
102 
130 
105 
84 
66 
95 
39 
16 
81 
98 
119 
48 
24 
29 
32 
16 
7 
1 
2 
0 
40 
17 
18 
15 
7 
39 
31 
10 
5 
13 
2 
46 
5 
8 
48 
64 
40 
71 
126 
180 
177 
89 
3 
101 
140 
157 
158 
130 
81 
66 
14 
34 
79 
57 
43 
42 
60 
50 
64 
61 
69 
72 
51 
53 
14 
28 
67 
19 
34 
52 
87 
88 
57 
14 
2 
7 
48 
117 
173 
189 
134 
27 
16 
14 
47 
41 
16 
30 
11 
26 
20 
24 
94 
99 
68 
35 
59 
11 
18 
25 
44 
39 
25 
32 
27 
13 
51 
85 
107 
76 
61 
54 
14 
25 
41 
33 
4 
4 
2 
14 
67 
75 
4 
52 
52 
75 
47 
41 
76 
66 
56 
30 
93 
120 
55 
1 
8 
79 
151 
134 
26 
60 
106 
140 
66 
12 
53 
99 
165 
158 
131 
61 
17 
84 
147 
154 
145 
95 
56 
31 
154 
206 
149 
107 
13 
60 
59 
25 
61 
30 
19 
20 
75 
82 
44 
34 
44 
18 
0 
5 
49 
55 
15 
30 
29 
23 
25 
30 
13 
13 
56 
134 
277 
326 
183 
14 
3 
34 
87 
222 
275 
231 
153 
66 
65 
202 
374 
249 
260 
262 
293 
311 
317 
317 
338 
128 
120 
94 
82 
84 
50 
16 
96 
23 
16 
7 
54 
88 
89 
351 
296 
72 
113 
267 
242 
127 
16 
178 
194 
38 
15 
89 
138 
47 
24 
24 
80 
104 
80 
28 
202 
188 
82 
67 
181 
43 
170 
199 
459 
681 
334 
81 
45 
282 
345 
34 
293 
429 
573 
506 
381 
220 
5 
129 
185 
131 
118 
126 
330 
353 
191 
0 
152 
53 
198 
181 
61 
111 
23 
206 
124 
201 
299 
185 
121 
67 
259 
343 
221 
181 
236 
377 
327 
187 
116 
68 
45 
195 
348 
295 
185 
239 
280 
160 
70 
44 
137 
225 
27 
301 
371 
115 
89 
29 
33 
6 
35 
30 
74 
145 
120 
253 
309 
200 
24 
253 
277 
72 
54 
35 
63 
281 
350 
105 
78 
317 
386 
296 
91 
139 
194 
209 
242 
160 
45 
22 
64 
110 
91 
20 
43 
20 
68 
3 
19 
44 
59 
178 
120 
37 
45 
51 
20 
18 
22 
69 
56 
31 
29 
21 
238 
284 
212 
56 
286 
323 
228 
90 
15 
34 
38 
93 
77 
6 
66 
410 
494 
407 
197 
74 
196 
239 
181 
141 
236 
329 
375 
23 
368 
379 
297 
57 
234 
337 
386 
414 
362 
176 
2 
210 
358 
293 
307 
324 
218 
190 
100 
28 
52 
211 
138 
16 
23 
95 
190 
152 
142 
107 
107 
50 
31 
24 
56 
141 
205 
155 
191 
284 
289 
209 
89 
2 
65 
127 
17 
53 
95 
97 
183 
241 
322 
190 
140 
18 
57 
39 
41 
156 
194 
9 
75 
59 
204 
73 
57 
151 
152 
32 
15 
95 
112 
173 
229 
316 
289 
257 
182 
82 
164 
170 
132 
138 
118 
57 
505 
767 
466 
233 
22 
226 
472 
509 
567 
517 
196 
44 
13 
64 
208 
368 
347 
316 
308 
82 
47 
16 
112 
168 
75 
77 
35 
21 
64 
110 
156 
89 
17 
35 
123 
98 
65 
239 
272 
144 
103 
8 
109 
185 
90 
73 
72 
150 
297 
258 
198 
149 
51 
42 
204 
251 
186 
167 
147 
61 
12 
5 
6 
51 
100 
27 
115 
179 
218 
248 
237 
29 
31 
48 
120 
96 
184 
24 
49 
86 
133 
128 
102 
52 
82 
119 
95 
24 
72 
181 
205 
216 
131 
37 
145 
263 
295 
358 
275 
151 
273 
198 
142 
669 
826 
672 
396 
172 
53 
224 
392 
491 
396 
242 
231 
91 
19 
99 
157 
187 
180 
177 
232 
277 
200 
118 
99 
91 
60 
196 
204 
83 
114 
177 
87 
24 
2 
5 
40 
15 
65 
34 
0 
9 
59 
62 
168 
243 
243 
244 
157 
115 
100 
105 
68 
56 
230 
373 
211 
51 
94 
86 
43 
31 
168 
88 
61 
5 
2 
98 
146 
226 
222 
144 
38 
180 
260 
298 
376 
299 
116 
20 
373 
434 
329 
198 
133 
59 
3 
18 
121 
168 
333 
453 
482 
71 
80 
192 
339 
354 
464 
634 
645 
484 
239 
30 
180 
485 
554 
479 
430 
386 
264 
35 
155 
144 
115 
45 
0 
7 
166 
234 
326 
235 
194 
79 
62 
120 
26 
81 
185 
87 
28 
34 
58 
41 
114 
136 
216 
152 
122 
102 
144 
227 
265 
265 
127 
4 
290 
589 
669 
450 
231 
81 
527 
680 
706 
568 
298 
112 
222 
365 
444 
369 
313 
279 
219 
140 
183 
137 
40 
163 
181 
278 
210 
121 
191 
192 
93 
15 
104 
57 
2 
25 
140 
199 
253 
361 
313 
190 
10 
90 
170 
158 
128 
222 
148 
132 
32 
302 
267 
27 
114 
353 
395 
393 
209 
8 
115 
277 
358 
346 
265 
214 
140 
217 
212 
266 
226 
54 
178 
311 
686 
738 
683 
572 
50 
341 
565 
708 
632 
429 
303 
213 
64 
225 
295 
363 
380 
295 
235 
105 
110 
206 
258 
319 
382 
284 
116 
27 
252 
300 
199 
233 
186 
122 
26 
109 
117 
119 
14 
133 
176 
259 
332 
409 
276 
74 
56 
272 
488 
643 
519 
311 
50 
14 
23 
47 
162 
306 
334 
228 
160 
133 
172 
108 
45 
91 
108 
135 
88 
133 
39 
135 
224 
323 
332 
343 
223 
38 
375 
781 
964 
646 
367 
136 
233 
465 
497 
504 
408 
302 
210 
80 
124 
426 
369 
150 
61 
64 
49 
99 
5 
30 
68 
108 
35 
81 
25 
98 
1 
12 
138 
191 
214 
275 
243 
178 
119 
7 
123 
89 
249 
207 
32 
98 
95 
63 
150 
60 
145 
273 
374 
243 
116 
340 
439 
877 
988 
646 
239 
976 
749 
603 
466 
343 
139 
29 
412 
866 
798 
450 
86 
314 
375 
339 
373 
294 
186 
216 
149 
118 
27 
52 
159 
73 
51 
22 
1 
1 
20 
12 
132 
67 
2 
96 
151 
206 
213 
211 
179 
11 
189 
374 
306 
9 
220 
251 
171 
74 
302 
522 
463 
355 
235 
5 
136 
175 
183 
224 
197 
181 
232 
198 
162 
283 
385 
171 
154 
505 
288 
24 
137 
140 
58 
50 
73 
240 
125 
127 
336 
221 
131 
82 
289 
383 
531 
564 
418 
146 
141 
443 
671 
748 
609 
385 
100 
108 
3 
252 
340 
500 
383 
231 
94 
72 
46 
76 
187 
186 
172 
242 
200 
104 
84 
298 
239 
126 
5 
76 
194 
263 
310 
340 
180 
42 
15 
39 
65 
57 
442 
670 
527 
147 
78 
123 
133 
167 
262 
292 
239 
197 
165 
171 
156 
108 
141 
315 
268 
172 
2 
23 
22 
8 
112 
249 
94 
114 
95 
125 
42 
46 
21 
20 
250 
240 
213 
176 
238 
35 
204 
492 
455 
120 
11 
90 
33 
4 
67 
118 
162 
249 
332 
350 
277 
186 
33 
136 
400 
507 
492 
586 
494 
127 
135 
274 
322 
318 
325 
316 
337 
263 
206 
172 
175 
95 
480 
424 
203 
8 
78 
53 
37 
120 
169 
167 
104 
210 
262 
101 
42 
190 
92 
195 
114 
78 
222 
38 
89 
40 
174 
205 
173 
96 
67 
61 
68 
180 
363 
226 
87 
158 
168 
150 
83 
36 
58 
300 
354 
110 
21 
60 
162 
311 
360 
310 
147 
13 
102 
126 
11 
116 
91 
197 
315 
323 
85 
168 
15 
77 
117 
341 
292 
153 
15 
110 
213 
179 
92 
156 
287 
409 
306 
214 
50 
65 
71 
31 
255 
454 
412 
304 
117 
53 
68 
171 
282 
337 
319 
179 
81 
65 
6 
27 
12 
2 
166 
107 
43 
27 
196 
148 
75 
69 
315 
268 
5 
409 
464 
208 
65 
252 
335 
233 
106 
55 
23 
65 
98 
16 
47 
30 
5 
16 
15 
105 
183 
224 
7 
263 
243 
141 
51 
36 
98 
132 
122 
130 
79 
81 
186 
212 
178 
159 
31 
24 
33 
24 
62 
44 
99 
18 
51 
28 
202 
480 
360 
86 
239 
365 
277 
157 
136 
39 
71 
215 
95 
213 
373 
141 
96 
184 
22 
236 
186 
112 
216 
203 
2 
112 
66 
118 
10 
142 
61 
28 
42 
1 
75 
21 
112 
165 
229 
450 
525 
228 
418 
1008 
946 
356 
6 
251 
268 
236 
356 
479 
357 
93 
8 
25 
223 
201 
5 
136 
187 
197 
75 
4 
44 
228 
433 
425 
143 
12 
69 
99 
140 
244 
268 
268 
258 
190 
5 
52 
107 
146 
111 
33 
18 
80 
183 
198 
96 
94 
59 
76 
177 
169 
175 
205 
50 
47 
35 
2 
92 
186 
178 
134 
101 
4 
20 
148 
164 
92 
20 
269 
318 
154 
31 
23 
42 
149 
416 
178 
30 
93 
120 
187 
252 
233 
159 
64 
0 
22 
12 
91 
194 
56 
114 
162 
122 
64 
63 
41 
103 
151 
99 
69 
12 
12 
27 
187 
234 
177 
106 
1 
58 
90 
154 
154 
218 
86 
122 
183 
67 
10 
135 
117 
109 
20 
29 
81 
161 
80 
221 
218 
175 
151 
106 
70 
53 
15 
33 
178 
183 
167 
166 
149 
158 
211 
5 
12 
10 
143 
150 
133 
184 
193 
102 
64 
4 
127 
329 
215 
111 
126 
99 
101 
379 
468 
316 
29 
443 
549 
406 
219 
131 
73 
297 
305 
159 
31 
146 
230 
85 
142 
51 
169 
265 
169 
124 
12 
20 
92 
13 
86 
131 
60 
153 
121 
81 
139 
59 
63 
6 
229 
251 
84 
58 
176 
261 
213 
28 
113 
6 
139 
144 
46 
107 
173 
203 
196 
9 
78 
38 
20 
79 
46 
117 
96 
39 
15 
72 
261 
213 
60 
188 
265 
308 
300 
242 
79 
71 
351 
283 
48 
70 
115 
36 
172 
148 
76 
145 
65 
46 
11 
51 
74 
65 
31 
49 
103 
135 
16 
150 
178 
106 
57 
203 
130 
116 
32 
19 
101 
56 
31 
1 
5 
45 
30 
213 
152 
139 
109 
30 
12 
407 
613 
300 
27 
244 
300 
212 
108 
122 
152 
22 
133 
384 
430 
123 
205 
396 
373 
174 
42 
1 
80 
22 
103 
107 
21 
28 
98 
204 
58 
24 
38 
82 
47 
248 
240 
104 
15 
21 
34 
37 
157 
149 
20 
194 
232 
152 
16 
120 
201 
250 
191 
9 
138 
55 
119 
102 
11 
43 
131 
131 
115 
106 
111 
109 
69 
93 
48 
88 
177 
258 
223 
54 
20 
66 
46 
83 
107 
250 
305 
290 
254 
109 
12 
122 
65 
48 
9 
3 
91 
299 
458 
304 
147 
107 
371 
411 
346 
80 
71 
166 
61 
31 
152 
149 
69 
20 
194 
304 
205 
144 
128 
147 
133 
38 
221 
347 
397 
326 
123 
85 
86 
30 
4 
24 
6 
69 
61 
0 
0 
45 
64 
168 
166 
27 
98 
46 
136 
190 
164 
148 
12 
228 
321 
201 
202 
23 
145 
186 
159 
127 
2 
93 
181 
285 
163 
17 
82 
49 
84 
35 
26 
57 
76 
106 
128 
153 
118 
13 
42 
207 
248 
159 
102 
4 
106 
308 
386 
286 
101 
127 
217 
130 
44 
178 
223 
36 
162 
244 
242 
271 
271 
102 
12 
164 
393 
273 
127 
157 
181 
172 
137 
86 
180 
237 
211 
171 
119 
137 
98 
135 
143 
110 
116 
67 
150 
102 
218 
404 
150 
98 
95 
128 
217 
222 
197 
95 
208 
269 
232 
19 
34 
76 
162 
199 
205 
109 
2 
34 
63 
152 
128 
7 
128 
153 
142 
85 
88 
46 
87 
193 
298 
135 
30 
55 
148 
106 
7 
32 
89 
66 
15 
38 
29 
15 
111 
168 
143 
59 
50 
15 
48 
129 
138 
110 
2 
112 
173 
141 
53 
28 
20 
177 
77 
30 
86 
51 
276 
383 
264 
35 
90 
132 
107 
74 
92 
154 
159 
112 
10 
103 
152 
120 
77 
34 
82 
47 
95 
119 
119 
70 
31 
108 
50 
63 
55 
24 
103 
78 
50 
55 
55 
72 
56 
17 
29 
15 
65 
95 
57 
39 
16 
6 
21 
8 
39 
54 
77 
71 
70 
27 
21 
19 
85 
75 
77 
46 
35 
35 
338 
353 
103 
69 
57 
18 
63 
56 
77 
73 
10 
15 
32 
41 
26 
10 
10 
7 
8 
23 
30 
53 
72 
30 
29 
19 
13 
12 
2 
24 
41 
31 
23 
31 
42 
25 
18 
48 
23 
58 
78 
85 
104 
91 
45 
20 
58 
79 
72 
33 
26 
26 
5 
13 
21 
45 
109 
88 
56 
14 
55 
40 
1 
26 
18 
26 
2 
37 
56 
56 
47 
27 
29 
64 
78 
76 
21 
25 
44 
5 
63 
49 
13 
32 
39 
65 
106 
21 
77 
45 
61 
24 
16 
23 
38 
13 
21 
39 
48 
25 
13 
5 
16 
7 
79 
134 
176 
70 
140 
143 
105 
82 
7 
23 
8 
1 
42 
79 
81 
50 
15 
15 
23 
31 
38 
29 
0 
6 
32 
31 
14 
8 
16 
25 
26 
0 
32 
23 
34 
30 
32 
23 
41 
63 
48 
40 
7 
31 
23 
63 
119 
87 
23 
6 
18 
23 
17 
2 
8 
8 
9 
5 
5 
16 
16 
24 
0 
15 
46 
21 
64 
64 
30 
21 
4 
18 
64 
57 
10 
40 
23 
1 
10 
50 
31 
16 
39 
71 
87 
70 
53 
0 
11 
29 
23 
48 
6 
10 
16 
33 
50 
39 
48 
103 
63 
18 
30 
53 
56 
15 
22 
42 
95 
15 
0 
0 
7 
15 
39 
38 
13 
0 
7 
22 
21 
32 
23 
1 
21 
24 
15 
7 
14 
61 
48 
22 
18 
20 
2 
51 
53 
11 
82 
120 
41 
5 
45 
53 
53 
2 
26 
2 
10 
15 
48 
80 
47 
63 
54 
45 
0 
17 
26 
23 
24 
5 
22 
21 
0 
7 
15 
18 
22 
13 
15 
40 
7 
18 
22 
10 
15 
23 
62 
85 
75 
77 
48 
22 
2 
16 
49 
55 
39 
0 
26 
22 
29 
40 
15 
33 
34 
15 
7 
23 
26 
30 
29 
24 
15 
1 
13 
13 
16 
16 
15 
6 
2 
7 
16 
39 
62 
29 
7 
38 
24 
22 
2 
40 
41 
39 
55 
15 
55 
103 
63 
30 
13 
40 
19 
29 
11 
10 
25 
15 
12 
2 
0 
15 
22 
21 
24 
0 
1 
29 
40 
62 
72 
25 
76 
5 
16 
17 
39 
40 
16 
26 
54 
61 
53 
56 
35 
2 
20 
2 
7 
14 
5 
8 
9 
2 
0 
7 
15 
23 
22 
29 
32 
27 
45 
48 
14 
23 
20 
26 
23 
8 
22 
5 
8 
8 
8 
10 
14 
45 
45 
32 
23 
30 
21 
8 
22 
13 
40 
22 
5 
15 
14 
24 
4 
13 
44 
74 
39 
0 
14 
21 
32 
32 
55 
39 
2 
17 
42 
18 
7 
32 
64 
32 
55 
54 
29 
7 
1 
23 
32 
25 
5 
5 
8 
0 
0 
0 
0 
15 
58 
54 
45 
32 
30 
13 
8 
17 
2 
5 
0 
7 
0 
7 
26 
38 
21 
0 
6 
21 
24 
15 
14 
16 
23 
13 
73 
42 
13 
37 
29 
29 
21 
32 
32 
31 
38 
21 
16 
17 
58 
26 
0 
0 
16 
0 
7 
31 
23 
31 
50 
54 
37 
8 
16 
1 
13 
16 
7 
1 
5 
16 
8 
0 
6 
13 
8 
7 
14 
29 
8 
55 
22 
5 
8 
15 
14 
5 
15 
16 
9 
29 
37 
23 
14 
21 
24 
22 
13 
7 
1 
2 
0 
8 
0 
6 
5 
16 
16 
31 
46 
29 
11 
5 
16 
6 
0 
8 
6 
29 
24 
14 
5 
7 
22 
13 
23 
14 
24 
11 
21 
0 
1 
2 
0 
1 
10 
15 
16 
14 
21 
40 
32 
31 
30 
16 
8 
9 
13 
16 
15 
14 
5 
15 
0 
10 
14 
5 
32 
31 
9 
5 
32 
31 
46 
32 
15 
1 
2 
16 
7 
6 
5 
23 
24 
22 
45 
56 
43 
21 
15 
30 
7 
33 
34 
32 
0 
18 
6 
13 
21 
32 
24 
15 
38 
45 
16 
22 
5 
7 
14 
8 
0 
9 
5 
8 
7 
6 
13 
16 
11 
29 
16 
11 
21 
7 
6 
5 
0 
2 
1 
5 
0 
0 
6 
21 
16 
23 
14 
21 
8 
8 
5 
6 
13 
16 
15 
2 
22 
29 
40 
30 
29 
19 
21 
19 
21 
0 
9 
7 
8 
6 
5 
7 
6 
10 
8 
7 
14 
37 
48 
19 
21 
16 
30 
16 
25 
26 
0 
0 
6 
10 
0 
24 
39 
46 
21 
39 
25 
29 
40 
23 
6 
2 
7 
32 
24 
8 
0 
7 
23 
31 
39 
47 
55 
46 
37 
16 
12 
18 
47 
72 
32 
7 
31 
31 
15 
39 
47 
55 
62 
21 
0 
3 
37 
16 
4 
2 
7 
8 
5 
1 
5 
5 
16 
7 
15 
22 
21 
24 
15 
6 
13 
16 
19 
29 
32 
30 
16 
11 
21 
12 
2 
8 
17 
10 
15 
23 
23 
16 
24 
32 
24 
15 
23 
26 
38 
29 
32 
30 
29 
32 
22 
16 
14 
8 
3 
5 
0 
6 
10 
7 
5 
14 
13 
8 
7 
1 
5 
16 
15 
30 
29 
32 
31 
38 
40 
27 
29 
62 
44 
44 
41 
41 
36 
27 
11 
5 
22 
14 
6 
6 
13 
14 
19 
12 
4 
13 
6 
14 
27 
3 
20 
20 
20 
14 
62 
42 
3 
20 
29 
35 
28 
37 
30 
4 
11 
34 
17 
4 
21 
22 
4 
5 
20 
2 
12 
18 
23 
6 
37 
35 
45 
28 
45 
27 
24 
14 
11 
3 
13 
3 
0 
6 
4 
5 
12 
2 
19 
48 
46 
35 
36 
21 
14 
3 
19 
18 
9 
7 
1 
4 
13 
27 
45 
59 
44 
5 
1 
19 
12 
3 
2 
1 
4 
5 
22 
0 
1 
0 
6 
11 
13 
11 
29 
38 
12 
21 
11 
3 
10 
3 
2 
1 
0 
6 
0 
14 
16 
46 
35 
29 
22 
4 
5 
6 
15 
17 
23 
8 
1 
2 
0 
15 
30 
24 
11 
29 
43 
45 
38 
4 
2 
12 
2 
0 
6 
2 
0 
14 
16 
11 
37 
35 
45 
38 
12 
13 
12 
8 
30 
11 
34 
52 
5 
8 
1 
10 
15 
54 
56 
43 
21 
3 
21 
3 
2 
0 
1 
8 
3 
5 
8 
1 
5 
15 
30 
16 
22 
8 
22 
8 
9 
15 
17 
2 
8 
15 
30 
29 
40 
43 
29 
11 
2 
4 
2 
16 
1 
8 
4 
13 
8 
7 
14 
13 
7 
1 
5 
32 
30 
29 
11 
29 
11 
10 
4 
5 
7 
14 
0 
16 
9 
2 
8 
7 
38 
29 
23 
22 
13 
7 
1 
2 
8 
11 
5 
16 
15 
30 
29 
15 
6 
24 
30 
40 
30 
16 
6 
0 
1 
2 
0 
14 
16 
7 
6 
0 
7 
30 
24 
11 
5 
3 
13 
0 
14 
16 
19 
45 
72 
46 
0 
1 
27 
82 
52 
42 
0 
46 
53 
40 
19 
21 
32 
0 
5 
1 
5 
16 
7 
1 
5 
32 
30 
21 
15 
6 
16 
19 
21 
0 
9 
26 
16 
2 
1 
10 
16 
55 
63 
46 
16 
12 
13 
8 
9 
10 
15 
0 
15 
14 
13 
5 
24 
15 
22 
16 
0 
14 
5 
8 
0 
1 
13 
13 
8 
7 
16 
15 
34 
38 
37 
48 
31 
30 
24 
14 
5 
15 
1 
23 
40 
25 
18 
15 
8 
32 
48 
48 
31 
22 
29 
16 
15 
1 
2 
0 
0 
0 
6 
13 
13 
0 
8 
15 
26 
30 
13 
16 
7 
1 
2 
15 
0 
15 
10 
10 
26 
38 
29 
21 
16 
15 
22 
13 
39 
17 
42 
32 
16 
18 
26 
38 
21 
13 
5 
16 
16 
23 
31 
6 
5 
16 
15 
6 
13 
15 
8 
15 
18 
1 
5 
16 
16 
15 
26 
22 
21 
24 
15 
6 
2 
0 
0 
8 
2 
2 
17 
18 
29 
29 
40 
32 
31 
30 
21 
7 
1 
5 
0 
8 
8 
8 
13 
2 
18 
22 
37 
37 
24 
4 
5 
16 
15 
7 
1 
10 
5 
16 
16 
16 
23 
7 
1 
5 
16 
32 
23 
22 
21 
16 
7 
14 
5 
8 
8 
5 
1 
5 
13 
24 
23 
14 
21 
16 
7 
30 
13 
0 
5 
6 
21 
32 
24 
0 
17 
18 
5 
24 
15 
15 
30 
21 
8 
7 
1 
2 
2 
0 
0 
8 
16 
0 
15 
39 
47 
46 
37 
24 
12 
42 
47 
16 
10 
26 
18 
30 
29 
37 
29 
24 
23 
31 
38 
24 
11 
5 
8 
14 
13 
0 
12 
10 
0 
24 
41 
2 
21 
48 
7 
7 
30 
45 
32 
7 
14 
5 
0 
7 
0 
2 
22 
21 
16 
0 
15 
22 
21 
24 
19 
5 
7 
16 
2 
6 
5 
5 
7 
0 
15 
39 
34 
38 
37 
32 
14 
5 
7 
22 
21 
23 
14 
26 
48 
57 
34 
10 
21 
40 
32 
48 
55 
39 
38 
21 
0 
7 
0 
14 
13 
5 
8 
0 
14 
13 
24 
11 
21 
8 
14 
13 
8 
1 
2 
8 
7 
2 
14 
21 
24 
23 
15 
30 
24 
15 
14 
8 
8 
1 
8 
8 
7 
6 
13 
16 
15 
7 
14 
45 
56 
27 
5 
7 
9 
39 
56 
17 
26 
2 
48 
48 
32 
40 
40 
31 
10 
6 
5 
23 
38 
37 
24 
36 
26 
8 
8 
24 
17 
5 
21 
45 
48 
55 
38 
37 
24 
17 
31 
20 
2 
2 
0 
15 
31 
38 
21 
8 
0 
1 
5 
16 
23 
30 
13 
15 
6 
5 
8 
8 
6 
2 
0 
7 
22 
29 
32 
39 
38 
29 
11 
13 
8 
1 
0 
16 
9 
8 
7 
22 
5 
7 
7 
6 
21 
16 
15 
14 
13 
8 
0 
0 
1 
2 
5 
7 
16 
0 
18 
38 
45 
48 
31 
14 
13 
0 
12 
10 
5 
8 
7 
7 
6 
21 
29 
32 
31 
46 
21 
27 
29 
12 
26 
8 
14 
13 
8 
9 
10 
31 
40 
16 
18 
46 
61 
64 
32 
14 
21 
32 
23 
14 
0 
8 
1 
18 
15 
16 
9 
13 
16 
39 
54 
48 
31 
30 
16 
12 
18 
16 
7 
1 
7 
8 
9 
10 
16 
31 
38 
37 
23 
14 
0 
0 
6 
2 
7 
8 
17 
13 
21 
32 
23 
38 
37 
31 
30 
16 
11 
5 
0 
1 
18 
23 
16 
6 
21 
24 
24 
31 
38 
21 
15 
14 
8 
12 
5 
0 
4 
13 
21 
8 
0 
1 
13 
16 
15 
14 
21 
24 
14 
16 
0 
17 
7 
8 
0 
10 
14 
5 
5 
16 
8 
15 
31 
46 
37 
16 
1 
13 
8 
0 
0 
22 
37 
40 
15 
1 
10 
0 
9 
26 
0 
7 
30 
29 
32 
15 
15 
26 
30 
21 
24 
15 
1 
2 
15 
36 
10 
16 
31 
38 
45 
16 
7 
6 
5 
15 
15 
16 
8 
2 
30 
45 
45 
40 
19 
13 
0 
7 
14 
5 
16 
7 
6 
5 
2 
15 
0 
38 
37 
32 
22 
13 
15 
6 
10 
8 
5 
14 
5 
0 
0 
0 
7 
10 
34 
38 
29 
32 
11 
5 
16 
0 
1 
10 
8 
0 
0 
7 
18 
1 
10 
0 
56 
55 
38 
29 
16 
9 
2 
7 
16 
16 
5 
2 
14 
37 
37 
32 
23 
11 
21 
8 
7 
14 
2 
8 
7 
26 
30 
29 
16 
16 
17 
10 
7 
0 
22 
29 
48 
39 
38 
13 
8 
16 
29 
25 
10 
5 
21 
5 
32 
48 
63 
51 
45 
24 
1 
18 
40 
49 
42 
23 
7 
8 
32 
48 
48 
56 
48 
31 
22 
13 
16 
7 
6 
5 
0 
0 
5 
6 
5 
8 
24 
31 
38 
29 
24 
22 
5 
0 
1 
7 
8 
1 
10 
8 
8 
7 
7 
10 
14 
37 
45 
16 
0 
14 
5 
0 
7 
0 
2 
2 
30 
29 
29 
32 
23 
22 
13 
0 
14 
5 
31 
22 
8 
24 
17 
18 
39 
32 
8 
7 
31 
55 
39 
47 
50 
46 
45 
32 
11 
10 
23 
32 
33 
26 
2 
8 
8 
16 
39 
71 
86 
69 
16 
1 
7 
28 
34 
31 
24 
9 
5 
5 
8 
24 
32 
47 
55 
46 
29 
7 
1 
7 
8 
1 
10 
0 
0 
0 
2 
1 
5 
29 
37 
32 
23 
22 
21 
8 
7 
1 
2 
7 
8 
8 
2 
10 
22 
29 
37 
32 
39 
38 
40 
11 
5 
7 
17 
18 
7 
24 
13 
14 
13 
5 
24 
16 
15 
15 
14 
5 
5 
2 
0 
8 
0 
0 
0 
56 
56 
55 
39 
38 
32 
35 
37 
20 
18 
20 
2 
0 
1 
7 
12 
13 
16 
7 
0 
2 
5 
1 
2 
21 
13 
5 
5 
13 
13 
21 
16 
24 
24 
23 
23 
30 
29 
32 
31 
46 
40 
22 
32 
22 
7 
17 
26 
16 
6 
7 
7 
1 
29 
48 
38 
45 
11 
21 
3 
2 
4 
10 
4 
13 
16 
0 
6 
8 
7 
14 
16 
19 
37 
32 
30 
11 
5 
20 
18 
32 
17 
2 
8 
15 
10 
6 
13 
32 
48 
38 
37 
23 
14 
8 
1 
13 
55 
30 
16 
14 
15 
44 
18 
8 
1 
16 
19 
61 
39 
46 
8 
1 
7 
4 
2 
8 
7 
30 
56 
51 
21 
14 
0 
9 
12 
15 
17 
7 
1 
5 
7 
14 
21 
32 
7 
1 
2 
16 
31 
38 
24 
11 
13 
8 
1 
5 
8 
9 
2 
0 
7 
6 
21 
40 
55 
54 
32 
22 
11 
34 
60 
42 
31 
16 
1 
13 
21 
37 
29 
40 
32 
23 
30 
29 
16 
11 
13 
8 
12 
18 
15 
8 
2 
6 
61 
48 
15 
1 
10 
15 
1 
5 
7 
14 
13 
32 
24 
31 
26 
6 
2 
15 
8 
1 
21 
53 
56 
46 
37 
19 
2 
16 
17 
23 
24 
1 
2 
8 
15 
10 
14 
29 
32 
23 
14 
0 
0 
9 
5 
2 
8 
32 
72 
47 
23 
1 
18 
32 
17 
10 
16 
7 
14 
13 
16 
7 
0 
0 
7 
0 
0 
7 
31 
39 
39 
39 
38 
29 
24 
7 
14 
0 
15 
22 
13 
8 
27 
29 
8 
1 
7 
6 
16 
3 
13 
3 
2 
7 
22 
29 
8 
21 
41 
42 
7 
0 
16 
24 
32 
48 
47 
42 
62 
45 
31 
9 
34 
48 
48 
49 
10 
5 
29 
45 
61 
64 
55 
46 
37 
15 
9 
7 
8 
1 
7 
0 
0 
14 
13 
16 
14 
21 
40 
38 
16 
6 
7 
9 
2 
7 
16 
6 
13 
16 
8 
0 
7 
34 
38 
29 
16 
4 
5 
0 
8 
7 
26 
22 
2 
10 
7 
0 
15 
23 
26 
30 
29 
32 
31 
22 
5 
8 
2 
14 
5 
0 
15 
14 
21 
0 
0 
1 
13 
23 
38 
45 
31 
46 
24 
25 
58 
64 
48 
21 
9 
5 
29 
61 
77 
72 
32 
14 
21 
0 
33 
26 
7 
0 
15 
23 
15 
18 
22 
21 
16 
15 
30 
29 
23 
22 
8 
0 
6 
5 
0 
8 
9 
2 
0 
8 
7 
22 
45 
32 
15 
14 
16 
23 
22 
13 
0 
8 
1 
5 
7 
16 
23 
54 
61 
35 
5 
15 
17 
23 
32 
25 
2 
21 
29 
29 
13 
5 
13 
16 
24 
32 
23 
39 
30 
16 
0 
6 
2 
0 
8 
5 
6 
5 
24 
24 
15 
26 
54 
64 
35 
5 
39 
25 
23 
16 
16 
2 
18 
30 
29 
29 
2 
7 
8 
13 
25 
2 
29 
40 
32 
24 
8 
16 
16 
8 
16 
24 
24 
16 
15 
15 
30 
29 
32 
30 
13 
8 
1 
10 
7 
8 
25 
10 
10 
8 
8 
15 
23 
18 
30 
29 
