38 
38 
2 
28 
32 
44 
26 
1 
0 
11 
10 
16 
17 
22 
16 
11 
20 
19 
12 
11 
4 
9 
10 
8 
0 
0 
19 
18 
20 
19 
26 
41 
46 
38 
19 
7 
4 
12 
2 
18 
10 
2 
23 
16 
0 
7 
24 
39 
34 
30 
29 
38 
30 
22 
8 
22 
13 
6 
1 
7 
27 
28 
19 
1 
13 
8 
2 
20 
19 
21 
30 
25 
30 
37 
22 
7 
13 
9 
18 
14 
26 
27 
33 
30 
14 
9 
33 
29 
16 
31 
36 
2 
25 
41 
39 
39 
35 
46 
44 
39 
25 
22 
14 
0 
10 
21 
1 
9 
18 
2 
13 
7 
34 
26 
7 
1 
2 
2 
18 
11 
9 
30 
33 
10 
12 
15 
3 
34 
53 
43 
24 
15 
46 
60 
55 
43 
30 
15 
3 
1 
7 
8 
0 
1 
1 
12 
23 
35 
42 
33 
30 
39 
21 
18 
10 
7 
45 
74 
52 
24 
9 
42 
50 
43 
41 
9 
3 
6 
27 
29 
6 
6 
5 
15 
23 
7 
12 
33 
35 
47 
63 
77 
90 
77 
53 
13 
10 
28 
47 
81 
82 
65 
41 
28 
10 
15 
42 
74 
82 
72 
41 
38 
25 
24 
3 
7 
12 
11 
4 
3 
4 
5 
14 
21 
22 
27 
25 
26 
12 
10 
0 
1 
2 
1 
4 
3 
8 
21 
22 
21 
22 
33 
70 
94 
62 
19 
8 
14 
38 
69 
102 
94 
67 
34 
4 
28 
41 
49 
65 
77 
59 
50 
39 
43 
16 
4 
18 
25 
27 
12 
0 
1 
22 
21 
22 
27 
42 
38 
22 
0 
24 
25 
17 
11 
0 
3 
1 
6 
30 
44 
45 
62 
33 
18 
7 
0 
6 
5 
0 
4 
0 
0 
11 
12 
17 
22 
33 
34 
42 
35 
23 
13 
1 
2 
10 
34 
30 
15 
8 
18 
26 
9 
5 
1 
11 
5 
24 
31 
33 
64 
47 
9 
29 
49 
66 
41 
9 
20 
24 
40 
47 
55 
42 
17 
6 
2 
6 
3 
3 
8 
2 
6 
16 
5 
1 
1 
22 
29 
38 
31 
27 
25 
18 
2 
5 
0 
6 
6 
1 
2 
6 
2 
19 
20 
31 
29 
34 
28 
22 
0 
4 
5 
2 
1 
2 
2 
5 
2 
11 
8 
19 
25 
30 
19 
13 
6 
2 
11 
1 
1 
0 
15 
28 
27 
30 
30 
55 
17 
2 
4 
0 
0 
8 
32 
37 
37 
23 
16 
24 
20 
20 
32 
56 
52 
51 
35 
12 
0 
2 
5 
5 
32 
31 
26 
10 
10 
15 
12 
10 
13 
2 
30 
39 
32 
43 
9 
14 
2 
5 
20 
8 
6 
20 
24 
13 
10 
16 
35 
41 
30 
27 
27 
5 
2 
5 
5 
5 
4 
7 
0 
7 
26 
30 
21 
22 
22 
31 
27 
25 
6 
14 
6 
3 
16 
14 
17 
0 
11 
30 
21 
38 
45 
74 
67 
45 
10 
36 
56 
62 
59 
32 
1 
26 
42 
40 
40 
36 
49 
50 
57 
54 
59 
49 
28 
1 
46 
58 
70 
70 
45 
30 
2 
20 
23 
31 
33 
43 
54 
40 
31 
19 
16 
19 
7 
3 
8 
0 
6 
3 
11 
16 
47 
45 
30 
14 
0 
1 
0 
6 
1 
4 
3 
4 
1 
15 
23 
36 
43 
34 
14 
7 
5 
6 
3 
7 
16 
1 
8 
7 
15 
10 
28 
29 
22 
33 
34 
35 
37 
17 
21 
29 
25 
12 
19 
16 
0 
22 
28 
19 
19 
28 
43 
20 
15 
8 
3 
8 
0 
10 
0 
4 
3 
1 
4 
15 
23 
26 
32 
31 
38 
26 
33 
26 
30 
39 
19 
2 
26 
57 
49 
24 
0 
43 
46 
29 
24 
31 
17 
14 
0 
0 
19 
4 
0 
6 
3 
7 
6 
9 
10 
18 
42 
41 
26 
22 
4 
6 
3 
1 
1 
0 
28 
35 
25 
22 
3 
7 
5 
9 
1 
2 
10 
10 
2 
3 
0 
23 
12 
19 
0 
4 
8 
3 
12 
15 
9 
22 
35 
42 
18 
15 
1 
6 
3 
8 
4 
14 
13 
10 
2 
21 
42 
25 
28 
15 
1 
10 
10 
2 
10 
0 
3 
10 
7 
19 
20 
35 
25 
22 
15 
15 
17 
22 
10 
2 
3 
1 
3 
12 
10 
2 
16 
23 
12 
43 
37 
42 
35 
27 
5 
18 
23 
28 
27 
16 
5 
4 
7 
31 
43 
48 
37 
38 
39 
29 
14 
5 
2 
0 
6 
2 
10 
1 
4 
7 
5 
14 
30 
35 
29 
22 
18 
16 
6 
0 
10 
31 
28 
23 
28 
22 
18 
10 
1 
19 
28 
32 
25 
25 
25 
29 
35 
34 
24 
17 
10 
5 
10 
5 
6 
5 
6 
7 
11 
10 
8 
3 
4 
10 
8 
12 
15 
15 
18 
28 
49 
74 
57 
38 
38 
1 
10 
31 
51 
45 
32 
15 
8 
2 
22 
36 
52 
43 
31 
28 
35 
40 
31 
17 
10 
10 
14 
4 
17 
21 
22 
6 
13 
18 
25 
10 
31 
33 
30 
8 
2 
0 
6 
5 
3 
0 
5 
6 
20 
19 
16 
27 
34 
34 
31 
17 
17 
6 
2 
9 
0 
5 
12 
11 
10 
6 
5 
16 
31 
49 
38 
34 
18 
1 
10 
18 
2 
5 
4 
12 
10 
9 
18 
5 
3 
27 
30 
37 
46 
33 
30 
9 
6 
2 
9 
0 
0 
8 
13 
18 
9 
22 
26 
31 
25 
13 
18 
10 
14 
20 
2 
12 
10 
13 
8 
0 
7 
16 
11 
20 
39 
33 
34 
27 
9 
3 
4 
1 
2 
7 
3 
8 
15 
6 
14 
13 
26 
23 
13 
38 
44 
44 
64 
28 
15 
27 
41 
53 
65 
60 
43 
16 
1 
19 
32 
33 
41 
37 
33 
19 
15 
24 
30 
22 
10 
14 
28 
17 
22 
21 
18 
23 
23 
9 
6 
2 
6 
11 
30 
26 
15 
5 
2 
2 
1 
8 
1 
6 
3 
11 
5 
18 
20 
11 
14 
0 
7 
3 
6 
2 
11 
27 
32 
31 
30 
14 
23 
9 
2 
5 
2 
14 
1 
2 
2 
2 
15 
31 
25 
14 
23 
33 
14 
1 
17 
12 
0 
4 
6 
4 
3 
26 
28 
15 
10 
33 
38 
29 
6 
5 
22 
19 
12 
3 
8 
7 
21 
39 
30 
28 
13 
26 
29 
18 
21 
14 
22 
19 
5 
21 
28 
11 
3 
2 
8 
15 
39 
32 
39 
28 
23 
25 
14 
10 
6 
0 
9 
8 
3 
1 
9 
5 
6 
5 
38 
55 
57 
50 
34 
2 
11 
11 
4 
12 
3 
18 
25 
13 
12 
27 
24 
0 
23 
30 
37 
34 
28 
19 
10 
7 
4 
19 
25 
11 
14 
6 
23 
27 
21 
10 
23 
13 
17 
10 
0 
5 
5 
12 
7 
8 
3 
14 
13 
6 
5 
16 
31 
21 
14 
11 
2 
0 
15 
4 
8 
19 
12 
0 
10 
28 
28 
35 
42 
57 
58 
43 
47 
49 
8 
5 
38 
50 
58 
66 
37 
22 
18 
36 
43 
47 
48 
49 
50 
31 
12 
3 
8 
3 
0 
16 
7 
0 
0 
9 
40 
43 
37 
26 
34 
6 
13 
25 
17 
12 
4 
31 
60 
55 
37 
14 
5 
1 
9 
2 
1 
5 
14 
18 
10 
8 
23 
20 
3 
4 
3 
14 
38 
52 
61 
46 
31 
25 
14 
2 
9 
12 
1 
14 
14 
3 
2 
6 
34 
23 
9 
21 
21 
25 
21 
5 
8 
4 
8 
1 
26 
22 
25 
16 
0 
1 
10 
9 
18 
22 
23 
21 
18 
18 
2 
11 
13 
0 
5 
5 
5 
18 
29 
30 
15 
13 
2 
10 
2 
7 
5 
23 
33 
34 
23 
10 
17 
5 
5 
6 
11 
1 
14 
23 
18 
10 
2 
1 
3 
19 
20 
7 
19 
20 
13 
10 
9 
14 
30 
35 
41 
29 
25 
9 
6 
26 
33 
17 
6 
9 
7 
3 
28 
41 
54 
45 
46 
40 
12 
3 
21 
32 
26 
25 
15 
11 
27 
26 
0 
10 
6 
20 
11 
0 
6 
2 
20 
27 
27 
10 
8 
16 
24 
27 
19 
23 
6 
9 
22 
17 
8 
0 
9 
16 
11 
1 
1 
11 
15 
2 
7 
3 
14 
24 
31 
48 
59 
45 
29 
21 
6 
26 
29 
33 
28 
21 
12 
0 
18 
26 
36 
44 
41 
50 
41 
26 
3 
10 
13 
16 
21 
28 
20 
13 
1 
14 
28 
44 
52 
37 
26 
16 
19 
3 
4 
5 
3 
11 
23 
18 
12 
7 
15 
32 
29 
26 
23 
26 
14 
11 
6 
9 
3 
2 
3 
7 
24 
15 
15 
8 
15 
20 
31 
17 
14 
6 
3 
2 
2 
3 
3 
0 
0 
15 
14 
7 
15 
20 
25 
30 
23 
14 
14 
9 
4 
7 
4 
15 
2 
0 
0 
6 
19 
19 
18 
18 
5 
16 
19 
9 
14 
17 
26 
9 
9 
20 
20 
9 
0 
3 
23 
34 
48 
43 
28 
19 
1 
9 
5 
2 
0 
0 
3 
1 
11 
12 
0 
23 
22 
40 
45 
46 
33 
30 
1 
1 
10 
14 
16 
35 
44 
31 
5 
25 
37 
37 
18 
3 
27 
36 
35 
28 
31 
32 
19 
3 
3 
7 
15 
12 
3 
1 
23 
40 
39 
29 
5 
2 
1 
12 
15 
12 
7 
3 
0 
10 
24 
35 
43 
28 
27 
22 
22 
5 
2 
4 
1 
2 
2 
8 
5 
18 
28 
31 
30 
30 
27 
25 
17 
5 
1 
9 
5 
10 
17 
5 
10 
23 
31 
32 
43 
37 
10 
2 
13 
20 
22 
19 
20 
13 
7 
0 
12 
28 
10 
8 
29 
45 
43 
38 
24 
15 
8 
0 
5 
4 
0 
2 
20 
7 
7 
12 
23 
27 
28 
31 
22 
26 
13 
12 
0 
6 
2 
0 
4 
2 
8 
23 
43 
38 
37 
34 
14 
0 
12 
16 
18 
7 
11 
8 
4 
3 
2 
2 
8 
8 
27 
35 
50 
28 
23 
21 
18 
25 
8 
8 
15 
8 
0 
2 
9 
7 
0 
19 
28 
25 
46 
50 
34 
21 
12 
4 
2 
6 
0 
0 
1 
7 
7 
12 
19 
18 
43 
34 
22 
11 
6 
7 
3 
3 
7 
0 
3 
2 
3 
3 
10 
17 
34 
25 
34 
27 
10 
10 
3 
8 
19 
20 
7 
0 
4 
7 
0 
0 
7 
8 
19 
18 
34 
33 
34 
13 
4 
7 
8 
6 
1 
8 
3 
12 
5 
1 
5 
24 
19 
4 
7 
8 
11 
15 
10 
12 
20 
19 
11 
11 
10 
47 
51 
45 
22 
11 
5 
8 
18 
11 
8 
0 
0 
11 
10 
12 
19 
31 
22 
29 
26 
25 
26 
51 
17 
14 
15 
2 
3 
20 
22 
17 
10 
2 
2 
14 
33 
34 
33 
36 
39 
26 
10 
10 
25 
38 
17 
11 
0 
0 
10 
28 
43 
54 
45 
18 
7 
4 
3 
0 
0 
1 
11 
11 
10 
4 
11 
22 
21 
30 
31 
26 
28 
14 
7 
6 
16 
15 
2 
5 
14 
13 
6 
2 
17 
26 
41 
46 
43 
29 
18 
10 
1 
3 
9 
9 
1 
20 
15 
2 
1 
19 
13 
2 
9 
4 
9 
20 
3 
2 
3 
13 
19 
10 
0 
4 
7 
26 
36 
37 
38 
33 
22 
14 
2 
5 
1 
2 
1 
5 
6 
25 
36 
35 
13 
14 
18 
8 
7 
1 
4 
5 
4 
11 
8 
23 
26 
25 
10 
2 
6 
23 
14 
26 
27 
9 
6 
23 
32 
23 
12 
6 
14 
28 
20 
12 
39 
39 
38 
33 
18 
11 
1 
4 
4 
6 
2 
4 
0 
4 
7 
35 
38 
33 
22 
13 
10 
14 
7 
6 
13 
2 
13 
22 
21 
14 
1 
10 
0 
4 
7 
0 
20 
23 
26 
22 
17 
6 
6 
6 
8 
7 
14 
12 
15 
15 
28 
33 
34 
19 
13 
9 
2 
13 
9 
8 
4 
7 
4 
7 
7 
18 
20 
27 
26 
33 
30 
26 
11 
17 
18 
14 
11 
2 
21 
25 
22 
5 
6 
18 
28 
35 
34 
38 
29 
18 
38 
27 
5 
5 
5 
14 
15 
12 
0 
1 
14 
29 
58 
73 
49 
22 
2 
22 
26 
13 
5 
12 
21 
13 
11 
11 
26 
30 
31 
31 
48 
55 
40 
23 
6 
21 
9 
14 
13 
0 
3 
34 
29 
34 
37 
38 
34 
24 
20 
20 
20 
10 
1 
17 
15 
1 
3 
13 
10 
14 
23 
27 
25 
20 
32 
34 
17 
10 
24 
28 
34 
19 
12 
9 
3 
23 
30 
27 
27 
28 
39 
34 
26 
23 
9 
6 
2 
0 
2 
1 
6 
18 
21 
22 
27 
33 
17 
5 
1 
5 
1 
6 
10 
19 
10 
10 
2 
9 
10 
9 
5 
14 
17 
38 
37 
36 
23 
7 
2 
3 
0 
5 
5 
0 
8 
23 
32 
27 
25 
42 
32 
32 
8 
5 
17 
17 
13 
2 
11 
5 
10 
15 
5 
2 
2 
18 
17 
32 
27 
25 
30 
18 
11 
5 
1 
6 
33 
34 
12 
1 
4 
4 
3 
0 
14 
10 
22 
17 
13 
16 
43 
37 
27 
6 
4 
24 
23 
23 
22 
21 
34 
39 
25 
5 
6 
5 
9 
8 
14 
13 
6 
10 
11 
19 
20 
27 
28 
23 
29 
38 
38 
23 
1 
13 
13 
4 
9 
6 
4 
11 
20 
31 
17 
14 
7 
13 
26 
26 
7 
1 
2 
17 
22 
9 
9 
16 
7 
0 
5 
5 
1 
30 
25 
42 
17 
18 
13 
14 
0 
4 
0 
3 
7 
22 
32 
47 
38 
30 
11 
7 
7 
4 
26 
34 
13 
6 
14 
12 
11 
27 
32 
29 
26 
30 
22 
33 
18 
14 
0 
2 
1 
6 
5 
6 
6 
15 
23 
10 
1 
2 
4 
0 
1 
34 
41 
46 
33 
6 
22 
25 
16 
8 
13 
12 
25 
42 
44 
31 
21 
10 
7 
5 
9 
8 
0 
10 
16 
11 
3 
6 
16 
31 
30 
25 
26 
31 
25 
30 
6 
0 
9 
1 
9 
6 
7 
7 
8 
27 
36 
31 
21 
22 
10 
7 
10 
25 
29 
27 
20 
10 
9 
25 
35 
35 
37 
71 
100 
75 
37 
2 
28 
40 
48 
42 
27 
8 
10 
40 
43 
43 
38 
17 
10 
11 
6 
10 
6 
15 
12 
9 
3 
15 
25 
19 
30 
36 
23 
27 
4 
3 
10 
10 
9 
12 
23 
18 
18 
2 
5 
12 
0 
6 
3 
3 
18 
33 
50 
53 
38 
8 
2 
4 
6 
3 
7 
1 
2 
5 
2 
2 
6 
11 
19 
14 
2 
9 
14 
5 
10 
8 
3 
2 
1 
3 
0 
3 
17 
27 
26 
40 
47 
34 
30 
17 
1 
9 
8 
23 
12 
9 
0 
7 
15 
26 
22 
31 
39 
44 
31 
18 
18 
7 
1 
6 
8 
0 
3 
0 
3 
4 
17 
26 
29 
38 
47 
53 
34 
2 
33 
33 
21 
18 
6 
21 
2 
5 
10 
11 
23 
25 
50 
51 
33 
18 
13 
25 
24 
40 
36 
37 
15 
0 
16 
28 
42 
50 
50 
48 
29 
30 
21 
6 
11 
8 
0 
9 
6 
7 
10 
22 
19 
17 
22 
38 
31 
27 
19 
11 
10 
18 
13 
9 
10 
0 
3 
20 
19 
24 
15 
18 
18 
25 
10 
2 
12 
15 
0 
0 
1 
18 
40 
25 
24 
23 
8 
19 
16 
19 
6 
2 
6 
9 
8 
4 
19 
4 
3 
17 
15 
22 
22 
32 
33 
38 
17 
22 
15 
1 
5 
14 
9 
0 
7 
7 
1 
12 
12 
19 
19 
18 
32 
31 
24 
11 
0 
11 
12 
7 
5 
7 
3 
11 
2 
4 
15 
27 
48 
49 
40 
31 
25 
18 
5 
8 
18 
21 
30 
17 
4 
3 
38 
52 
33 
34 
31 
26 
6 
10 
15 
20 
13 
0 
7 
7 
15 
19 
17 
19 
22 
16 
21 
30 
21 
14 
13 
10 
5 
6 
5 
2 
3 
3 
14 
5 
14 
21 
38 
39 
42 
34 
14 
3 
0 
2 
7 
8 
19 
8 
4 
17 
14 
5 
14 
17 
22 
21 
14 
5 
6 
4 
3 
3 
4 
0 
7 
26 
38 
31 
11 
16 
19 
25 
26 
19 
6 
6 
0 
19 
24 
19 
4 
0 
10 
14 
28 
39 
47 
42 
37 
26 
17 
6 
3 
5 
5 
3 
3 
0 
4 
2 
11 
31 
62 
58 
47 
31 
15 
16 
36 
40 
30 
19 
16 
0 
18 
26 
48 
47 
39 
26 
25 
22 
11 
1 
1 
5 
0 
0 
0 
0 
11 
20 
17 
22 
29 
34 
49 
25 
6 
2 
3 
17 
20 
14 
13 
0 
0 
14 
24 
23 
27 
34 
23 
23 
9 
14 
13 
0 
3 
4 
19 
8 
2 
1 
8 
11 
20 
21 
18 
17 
32 
31 
9 
0 
3 
14 
10 
4 
7 
6 
7 
11 
2 
16 
15 
26 
21 
30 
21 
14 
14 
5 
3 
4 
7 
0 
2 
16 
3 
1 
11 
23 
16 
17 
22 
25 
32 
31 
6 
1 
0 
3 
0 
2 
1 
12 
25 
38 
25 
30 
43 
25 
2 
9 
37 
29 
14 
10 
20 
15 
10 
8 
4 
11 
15 
22 
32 
35 
26 
21 
32 
19 
9 
6 
6 
5 
10 
10 
9 
2 
9 
18 
27 
34 
54 
43 
27 
7 
0 
4 
14 
21 
17 
12 
5 
2 
14 
28 
29 
38 
29 
18 
9 
4 
11 
26 
26 
5 
8 
4 
13 
13 
26 
22 
17 
18 
17 
10 
9 
2 
8 
7 
0 
12 
16 
13 
1 
14 
18 
18 
14 
14 
28 
23 
23 
22 
19 
7 
11 
12 
0 
3 
3 
3 
8 
12 
24 
26 
30 
36 
43 
43 
24 
11 
1 
9 
0 
12 
13 
7 
3 
11 
10 
14 
20 
19 
43 
50 
45 
34 
21 
0 
16 
19 
24 
17 
11 
0 
3 
7 
18 
26 
36 
24 
27 
30 
21 
14 
3 
3 
12 
7 
3 
3 
8 
0 
14 
8 
7 
19 
30 
29 
30 
21 
6 
8 
7 
7 
16 
0 
14 
20 
12 
7 
18 
8 
23 
26 
41 
38 
31 
10 
1 
0 
19 
12 
13 
7 
8 
3 
26 
43 
43 
36 
35 
26 
10 
10 
23 
34 
21 
15 
11 
0 
10 
36 
49 
41 
35 
18 
23 
27 
16 
3 
7 
10 
5 
3 
7 
7 
23 
29 
59 
40 
27 
18 
2 
4 
1 
13 
17 
18 
1 
4 
11 
23 
19 
7 
11 
7 
19 
19 
19 
14 
20 
17 
22 
9 
6 
8 
5 
6 
10 
4 
3 
15 
30 
31 
27 
22 
22 
19 
6 
9 
20 
16 
8 
0 
7 
11 
15 
21 
15 
14 
18 
28 
29 
30 
22 
6 
21 
14 
2 
5 
6 
1 
7 
12 
5 
13 
8 
24 
35 
31 
30 
32 
31 
16 
23 
8 
3 
10 
9 
1 
13 
14 
9 
22 
17 
14 
18 
0 
6 
8 
3 
4 
19 
8 
15 
12 
21 
23 
20 
12 
0 
19 
35 
55 
57 
35 
28 
11 
11 
5 
12 
16 
11 
3 
1 
15 
0 
11 
22 
17 
26 
37 
58 
41 
18 
2 
0 
6 
10 
6 
13 
3 
15 
4 
12 
23 
20 
27 
16 
19 
12 
1 
6 
24 
24 
2 
2 
3 
4 
4 
14 
32 
35 
32 
15 
1 
24 
11 
4 
0 
11 
0 
27 
26 
20 
11 
6 
7 
3 
30 
45 
74 
53 
18 
27 
29 
24 
37 
45 
27 
20 
7 
33 
33 
47 
54 
60 
103 
74 
42 
10 
13 
25 
25 
41 
35 
28 
6 
6 
5 
14 
29 
42 
21 
2 
5 
8 
15 
14 
16 
0 
2 
8 
19 
2 
10 
17 
34 
29 
40 
19 
17 
10 
6 
10 
55 
93 
79 
28 
37 
86 
114 
105 
74 
13 
47 
113 
137 
96 
58 
30 
62 
46 
29 
2 
42 
60 
64 
42 
15 
8 
11 
8 
0 
9 
10 
8 
11 
30 
60 
63 
35 
7 
22 
5 
21 
2 
70 
102 
77 
21 
4 
29 
62 
81 
70 
55 
36 
20 
10 
37 
80 
66 
78 
38 
18 
9 
10 
38 
20 
28 
1 
26 
11 
39 
133 
144 
108 
32 
22 
56 
59 
43 
31 
84 
63 
49 
26 
0 
4 
41 
39 
72 
57 
42 
25 
14 
5 
16 
32 
48 
34 
17 
5 
9 
30 
38 
55 
35 
25 
16 
18 
13 
1 
42 
91 
74 
58 
1 
44 
136 
163 
139 
83 
5 
75 
54 
27 
17 
15 
19 
83 
97 
112 
80 
149 
114 
4 
95 
158 
186 
159 
135 
130 
17 
66 
135 
148 
121 
73 
62 
34 
34 
36 
9 
43 
14 
12 
4 
11 
7 
1 
18 
35 
35 
14 
19 
36 
6 
37 
65 
54 
21 
34 
21 
20 
35 
27 
4 
112 
194 
152 
68 
29 
91 
92 
88 
98 
84 
68 
47 
6 
11 
21 
66 
90 
96 
19 
28 
26 
12 
2 
17 
96 
110 
90 
102 
38 
24 
50 
39 
32 
36 
0 
21 
56 
38 
6 
19 
56 
11 
44 
23 
22 
14 
4 
12 
21 
28 
39 
5 
6 
74 
134 
169 
160 
131 
120 
83 
56 
3 
48 
102 
151 
164 
87 
19 
39 
34 
29 
65 
3 
80 
52 
3 
5 
6 
99 
257 
304 
372 
210 
89 
203 
248 
218 
148 
85 
18 
20 
3 
35 
41 
50 
122 
98 
77 
60 
15 
118 
192 
279 
353 
345 
216 
0 
108 
136 
133 
143 
144 
134 
116 
80 
135 
163 
157 
123 
9 
113 
275 
275 
217 
242 
157 
115 
58 
29 
89 
123 
123 
31 
22 
19 
2 
2 
74 
133 
56 
26 
40 
48 
50 
2 
100 
59 
83 
90 
76 
17 
78 
41 
6 
29 
38 
46 
81 
22 
64 
104 
84 
54 
15 
9 
14 
15 
24 
135 
157 
49 
79 
238 
243 
95 
130 
239 
300 
264 
139 
13 
20 
26 
14 
19 
77 
57 
138 
145 
156 
107 
138 
162 
128 
41 
171 
256 
108 
35 
122 
152 
128 
94 
53 
16 
114 
158 
147 
166 
192 
139 
122 
42 
18 
124 
169 
115 
50 
0 
102 
78 
20 
154 
159 
65 
12 
33 
31 
29 
85 
120 
32 
69 
62 
43 
71 
154 
202 
177 
50 
46 
2 
103 
79 
9 
3 
56 
151 
121 
137 
51 
18 
25 
63 
87 
27 
57 
41 
113 
173 
85 
35 
162 
302 
275 
6 
151 
184 
102 
34 
82 
185 
204 
103 
21 
298 
357 
163 
47 
30 
95 
84 
25 
243 
314 
263 
232 
149 
80 
28 
22 
98 
145 
125 
130 
224 
260 
216 
154 
96 
40 
47 
26 
22 
81 
46 
12 
33 
47 
46 
130 
233 
39 
104 
248 
93 
103 
122 
145 
132 
119 
135 
23 
114 
182 
187 
192 
137 
123 
32 
14 
233 
325 
471 
407 
191 
47 
132 
144 
278 
333 
386 
337 
233 
104 
2 
2 
49 
136 
235 
458 
789 
615 
242 
210 
521 
594 
464 
301 
146 
18 
218 
419 
371 
232 
150 
53 
55 
118 
48 
10 
1 
76 
58 
70 
173 
43 
45 
31 
44 
23 
32 
0 
6 
65 
269 
277 
64 
134 
270 
266 
170 
161 
89 
154 
198 
155 
15 
5 
86 
158 
92 
131 
109 
54 
53 
44 
38 
216 
231 
58 
51 
7 
30 
99 
32 
50 
221 
225 
194 
294 
177 
45 
199 
242 
182 
17 
2 
59 
9 
220 
20 
254 
208 
334 
251 
13 
64 
138 
269 
509 
556 
376 
320 
184 
37 
92 
183 
268 
280 
278 
321 
252 
187 
7 
534 
508 
313 
197 
75 
126 
286 
231 
304 
373 
79 
30 
243 
331 
252 
169 
2 
73 
20 
21 
112 
285 
131 
55 
58 
137 
162 
73 
131 
181 
204 
114 
104 
41 
49 
14 
253 
406 
371 
402 
293 
41 
5 
13 
203 
248 
55 
98 
170 
27 
341 
215 
16 
222 
385 
383 
109 
112 
37 
68 
135 
139 
84 
67 
188 
255 
172 
260 
349 
141 
113 
274 
382 
339 
307 
276 
141 
33 
166 
358 
598 
454 
241 
27 
169 
319 
259 
74 
20 
38 
273 
172 
146 
105 
13 
14 
155 
222 
276 
255 
118 
119 
302 
269 
167 
17 
60 
159 
207 
125 
31 
298 
489 
484 
309 
78 
304 
372 
419 
262 
66 
154 
24 
76 
49 
146 
35 
118 
183 
90 
5 
14 
133 
151 
204 
234 
332 
449 
449 
319 
93 
182 
358 
458 
669 
627 
494 
500 
261 
5 
274 
456 
453 
345 
287 
253 
200 
81 
60 
187 
195 
131 
42 
149 
348 
354 
335 
307 
168 
21 
146 
316 
313 
304 
273 
268 
127 
17 
52 
135 
21 
41 
134 
123 
89 
376 
307 
270 
431 
409 
153 
231 
289 
441 
508 
523 
593 
247 
5 
94 
337 
545 
624 
506 
403 
208 
134 
281 
313 
188 
211 
370 
219 
34 
23 
115 
104 
14 
16 
141 
172 
254 
513 
483 
384 
201 
50 
174 
205 
232 
28 
179 
229 
175 
130 
73 
139 
349 
689 
874 
832 
547 
191 
275 
466 
670 
682 
674 
532 
497 
438 
223 
120 
361 
426 
383 
336 
142 
169 
153 
106 
48 
24 
42 
22 
133 
212 
196 
58 
319 
414 
432 
365 
276 
137 
17 
241 
264 
391 
562 
347 
232 
60 
331 
493 
470 
358 
219 
106 
127 
126 
12 
129 
225 
259 
184 
276 
238 
69 
104 
207 
255 
439 
343 
156 
28 
110 
37 
54 
112 
247 
350 
457 
419 
310 
534 
402 
373 
323 
267 
227 
94 
42 
231 
383 
331 
283 
181 
43 
227 
270 
392 
431 
391 
198 
27 
174 
389 
474 
259 
172 
148 
230 
372 
387 
237 
276 
214 
29 
169 
109 
27 
123 
271 
385 
341 
296 
326 
74 
73 
210 
297 
111 
25 
87 
104 
90 
258 
259 
206 
258 
235 
88 
507 
814 
718 
354 
14 
39 
187 
273 
112 
117 
45 
22 
216 
304 
316 
287 
295 
310 
162 
85 
17 
145 
144 
140 
165 
196 
359 
366 
93 
96 
46 
8 
113 
126 
189 
234 
189 
30 
245 
304 
330 
228 
59 
20 
290 
423 
376 
263 
265 
80 
225 
446 
633 
491 
311 
70 
279 
433 
340 
130 
96 
74 
113 
92 
95 
41 
189 
268 
343 
317 
208 
200 
117 
87 
98 
117 
173 
588 
792 
555 
514 
326 
154 
4 
398 
580 
532 
421 
270 
123 
54 
6 
227 
240 
146 
33 
22 
181 
504 
873 
763 
637 
342 
118 
399 
430 
472 
577 
675 
680 
557 
292 
33 
538 
733 
513 
158 
58 
121 
100 
194 
212 
205 
139 
75 
483 
540 
415 
206 
41 
194 
137 
154 
251 
262 
166 
37 
221 
412 
476 
213 
92 
66 
95 
435 
969 
963 
507 
84 
196 
456 
403 
169 
91 
54 
344 
435 
417 
340 
58 
65 
88 
168 
281 
428 
341 
75 
47 
119 
56 
36 
82 
92 
82 
73 
144 
272 
311 
300 
291 
249 
133 
99 
246 
199 
306 
438 
277 
31 
170 
63 
20 
93 
50 
212 
109 
112 
53 
85 
13 
73 
93 
147 
202 
172 
67 
236 
127 
117 
67 
57 
198 
401 
331 
137 
1 
105 
232 
200 
213 
131 
89 
23 
111 
213 
128 
21 
136 
127 
95 
292 
429 
413 
220 
161 
280 
104 
303 
423 
538 
402 
424 
202 
92 
56 
258 
415 
566 
492 
401 
379 
393 
221 
12 
290 
530 
616 
467 
246 
153 
334 
313 
121 
27 
0 
12 
153 
206 
47 
92 
68 
321 
535 
495 
276 
59 
134 
392 
465 
787 
625 
108 
438 
383 
250 
107 
15 
11 
162 
214 
162 
113 
72 
189 
361 
66 
184 
259 
1 
147 
47 
95 
300 
86 
335 
380 
170 
323 
86 
19 
9 
376 
555 
299 
55 
64 
9 
117 
243 
403 
405 
261 
106 
106 
268 
312 
303 
177 
105 
544 
548 
506 
369 
236 
101 
58 
282 
498 
678 
652 
471 
248 
78 
430 
623 
707 
624 
336 
75 
176 
451 
632 
609 
391 
166 
381 
306 
433 
307 
157 
79 
63 
12 
34 
155 
301 
435 
477 
468 
296 
125 
272 
670 
837 
534 
339 
366 
234 
159 
477 
415 
378 
293 
304 
268 
241 
207 
152 
115 
112 
136 
29 
14 
42 
66 
68 
34 
23 
52 
369 
280 
249 
208 
156 
133 
86 
51 
125 
309 
447 
287 
70 
10 
278 
360 
316 
159 
85 
169 
176 
45 
91 
63 
4 
110 
386 
190 
5 
224 
462 
372 
46 
139 
117 
25 
23 
235 
323 
61 
236 
429 
352 
259 
123 
43 
79 
83 
81 
51 
209 
331 
277 
68 
67 
189 
269 
233 
182 
57 
103 
157 
190 
67 
76 
112 
104 
156 
148 
151 
15 
211 
202 
26 
117 
180 
267 
249 
37 
207 
235 
117 
37 
20 
71 
239 
174 
240 
215 
129 
51 
357 
586 
396 
211 
38 
46 
78 
172 
249 
430 
500 
354 
179 
35 
177 
348 
597 
654 
374 
2 
161 
364 
335 
209 
86 
99 
70 
10 
161 
179 
217 
115 
93 
193 
211 
63 
1 
65 
125 
332 
146 
451 
338 
101 
119 
235 
179 
165 
104 
82 
1 
149 
117 
41 
27 
63 
133 
13 
23 
216 
265 
36 
397 
548 
679 
482 
163 
114 
254 
373 
268 
139 
113 
117 
90 
57 
173 
157 
107 
179 
130 
85 
431 
496 
173 
33 
44 
200 
118 
93 
19 
143 
200 
264 
273 
190 
73 
5 
54 
188 
100 
150 
172 
18 
325 
407 
58 
124 
60 
36 
158 
307 
124 
162 
438 
527 
427 
54 
195 
263 
339 
282 
258 
237 
201 
144 
213 
218 
183 
56 
371 
656 
536 
496 
533 
121 
140 
324 
411 
415 
373 
285 
337 
224 
11 
183 
144 
26 
56 
151 
132 
75 
100 
3 
25 
227 
198 
163 
194 
158 
20 
114 
189 
243 
261 
80 
207 
300 
288 
113 
175 
245 
254 
286 
279 
198 
62 
42 
100 
21 
123 
208 
359 
459 
397 
305 
267 
2 
396 
475 
329 
117 
82 
122 
121 
97 
92 
43 
145 
102 
157 
460 
274 
127 
8 
27 
71 
106 
201 
326 
210 
46 
43 
172 
185 
22 
210 
83 
133 
0 
114 
79 
10 
221 
9 
372 
502 
527 
358 
39 
436 
739 
804 
457 
233 
13 
213 
295 
300 
416 
479 
367 
105 
47 
217 
469 
566 
438 
174 
96 
185 
164 
108 
139 
247 
250 
213 
39 
35 
102 
36 
29 
189 
221 
31 
172 
163 
78 
82 
127 
67 
190 
191 
100 
12 
18 
10 
10 
71 
20 
31 
0 
204 
103 
42 
153 
239 
248 
161 
122 
73 
234 
444 
277 
0 
139 
221 
327 
402 
310 
137 
201 
22 
51 
12 
196 
65 
61 
623 
587 
571 
128 
213 
281 
273 
316 
338 
342 
292 
140 
107 
38 
119 
141 
131 
104 
16 
87 
222 
120 
4 
204 
292 
265 
206 
32 
4 
24 
116 
55 
272 
350 
196 
99 
81 
7 
22 
86 
100 
216 
283 
260 
90 
182 
333 
59 
22 
78 
179 
59 
28 
182 
261 
256 
13 
116 
233 
295 
240 
97 
249 
576 
301 
103 
101 
257 
329 
264 
231 
83 
135 
414 
405 
204 
85 
243 
330 
317 
207 
156 
73 
26 
132 
193 
111 
8 
20 
3 
19 
20 
26 
26 
50 
110 
60 
111 
97 
46 
4 
56 
110 
70 
47 
62 
142 
166 
248 
165 
32 
144 
228 
439 
292 
159 
27 
38 
105 
10 
36 
228 
220 
165 
59 
99 
248 
159 
115 
124 
235 
264 
252 
57 
65 
96 
123 
100 
6 
27 
15 
143 
223 
142 
8 
20 
83 
109 
130 
117 
76 
59 
37 
94 
114 
117 
141 
173 
155 
66 
68 
68 
52 
105 
195 
161 
195 
98 
3 
94 
149 
165 
39 
37 
5 
37 
26 
27 
17 
2 
32 
64 
93 
126 
109 
8 
23 
6 
41 
120 
184 
35 
9 
125 
115 
38 
6 
58 
0 
20 
135 
90 
57 
98 
3 
386 
401 
172 
17 
190 
282 
232 
171 
176 
129 
17 
322 
395 
294 
7 
97 
178 
232 
144 
98 
111 
59 
81 
32 
91 
89 
40 
78 
121 
43 
21 
30 
22 
57 
53 
80 
90 
89 
40 
26 
22 
73 
106 
89 
28 
28 
47 
105 
122 
34 
16 
67 
16 
19 
58 
84 
125 
106 
59 
17 
137 
209 
103 
44 
24 
22 
64 
145 
207 
197 
111 
70 
193 
447 
375 
226 
89 
139 
174 
176 
193 
144 
84 
48 
38 
31 
56 
76 
45 
2 
79 
61 
140 
98 
9 
15 
10 
3 
92 
127 
20 
30 
31 
7 
0 
43 
107 
166 
189 
144 
67 
5 
34 
100 
280 
141 
76 
83 
31 
4 
78 
125 
107 
39 
11 
55 
51 
20 
30 
38 
43 
134 
128 
87 
77 
15 
139 
358 
256 
44 
183 
201 
94 
30 
89 
92 
52 
24 
66 
67 
76 
12 
37 
22 
71 
106 
86 
12 
136 
220 
88 
23 
116 
142 
73 
38 
46 
11 
46 
9 
5 
11 
40 
63 
42 
27 
18 
54 
35 
1 
1 
28 
37 
50 
64 
56 
60 
50 
2 
28 
88 
76 
26 
15 
60 
30 
14 
19 
68 
100 
112 
99 
50 
17 
74 
86 
41 
45 
45 
33 
24 
30 
47 
56 
70 
53 
46 
25 
18 
21 
23 
24 
47 
55 
47 
42 
37 
32 
28 
4 
20 
18 
23 
20 
11 
36 
10 
72 
80 
79 
75 
52 
27 
41 
14 
32 
1 
38 
29 
1 
8 
4 
6 
37 
65 
32 
25 
98 
74 
24 
67 
70 
25 
35 
76 
7 
63 
66 
17 
2 
22 
57 
21 
1 
49 
26 
64 
63 
31 
26 
22 
9 
41 
65 
37 
22 
52 
71 
58 
48 
32 
40 
26 
14 
10 
1 
7 
11 
27 
13 
14 
21 
38 
10 
2 
12 
62 
45 
32 
103 
132 
136 
72 
26 
83 
112 
105 
83 
43 
11 
19 
52 
35 
49 
22 
18 
37 
65 
37 
1 
2 
2 
1 
7 
23 
4 
39 
34 
41 
42 
16 
30 
18 
22 
13 
12 
7 
28 
31 
18 
10 
5 
14 
25 
3 
29 
5 
24 
17 
11 
67 
57 
21 
9 
29 
24 
15 
40 
31 
40 
33 
30 
22 
4 
96 
72 
23 
65 
14 
0 
6 
17 
20 
4 
22 
1 
15 
48 
71 
53 
74 
46 
22 
30 
25 
57 
32 
28 
47 
16 
7 
11 
35 
58 
33 
38 
68 
76 
54 
2 
21 
90 
80 
78 
53 
59 
3 
84 
49 
65 
57 
15 
34 
32 
51 
32 
27 
21 
10 
20 
54 
37 
12 
8 
18 
17 
42 
50 
38 
45 
38 
11 
1 
23 
44 
18 
26 
18 
16 
16 
17 
14 
32 
28 
23 
21 
31 
6 
0 
4 
0 
8 
12 
4 
15 
15 
30 
28 
39 
16 
39 
46 
49 
50 
21 
26 
32 
37 
92 
44 
28 
15 
1 
5 
23 
47 
75 
15 
24 
7 
0 
3 
1 
24 
15 
7 
33 
47 
1 
2 
38 
14 
7 
24 
41 
34 
38 
10 
28 
57 
25 
3 
15 
47 
50 
4 
0 
15 
37 
47 
64 
51 
66 
17 
33 
51 
69 
7 
18 
0 
3 
14 
36 
55 
54 
4 
31 
41 
10 
3 
0 
2 
22 
2 
34 
57 
23 
11 
7 
12 
38 
66 
40 
13 
10 
9 
30 
41 
16 
7 
29 
26 
24 
3 
41 
63 
32 
3 
30 
38 
40 
50 
67 
105 
112 
37 
1 
41 
97 
69 
0 
22 
53 
6 
42 
14 
11 
44 
17 
16 
19 
27 
38 
36 
7 
21 
24 
17 
15 
2 
18 
44 
45 
54 
47 
13 
22 
42 
4 
8 
1 
3 
11 
72 
87 
24 
15 
39 
21 
39 
26 
73 
60 
27 
12 
14 
2 
5 
2 
4 
4 
27 
41 
31 
13 
51 
16 
22 
28 
27 
16 
0 
11 
14 
34 
36 
59 
45 
18 
26 
46 
44 
36 
24 
28 
32 
16 
13 
33 
34 
26 
41 
33 
5 
17 
3 
0 
12 
31 
27 
43 
58 
62 
43 
27 
12 
4 
2 
2 
1 
5 
17 
28 
20 
13 
7 
3 
11 
39 
54 
16 
15 
18 
21 
10 
11 
11 
1 
0 
20 
13 
32 
40 
21 
10 
28 
39 
20 
3 
11 
28 
10 
22 
0 
0 
24 
15 
20 
41 
30 
9 
34 
25 
48 
63 
33 
26 
19 
13 
77 
60 
42 
34 
2 
0 
0 
19 
10 
18 
44 
65 
67 
50 
60 
51 
28 
7 
47 
80 
22 
14 
13 
35 
35 
41 
58 
49 
42 
35 
13 
5 
2 
9 
6 
2 
5 
18 
21 
18 
18 
3 
26 
43 
46 
2 
14 
32 
39 
11 
11 
10 
6 
8 
12 
8 
27 
43 
46 
28 
11 
2 
8 
0 
2 
19 
4 
7 
11 
22 
28 
19 
10 
32 
29 
2 
0 
19 
30 
13 
2 
16 
28 
9 
2 
1 
5 
3 
1 
5 
31 
52 
67 
56 
39 
34 
44 
20 
22 
11 
6 
9 
14 
8 
9 
1 
34 
41 
11 
20 
29 
42 
40 
63 
53 
18 
41 
5 
24 
79 
84 
48 
19 
60 
84 
71 
66 
60 
25 
24 
11 
3 
4 
0 
6 
2 
4 
7 
1 
3 
7 
22 
25 
5 
15 
46 
10 
29 
12 
11 
4 
7 
8 
15 
8 
6 
21 
7 
27 
36 
31 
24 
3 
6 
14 
2 
9 
2 
14 
8 
3 
0 
0 
11 
14 
8 
23 
24 
27 
18 
29 
10 
3 
3 
8 
3 
8 
13 
38 
28 
4 
10 
32 
48 
60 
28 
14 
10 
18 
1 
33 
40 
19 
11 
5 
7 
1 
26 
40 
35 
18 
14 
19 
29 
22 
5 
24 
55 
8 
12 
0 
7 
5 
24 
28 
13 
45 
101 
87 
40 
8 
35 
4 
1 
16 
3 
11 
15 
13 
23 
38 
36 
39 
26 
14 
8 
6 
7 
0 
11 
4 
0 
10 
9 
3 
0 
27 
33 
47 
36 
11 
10 
22 
23 
1 
5 
10 
2 
7 
8 
4 
19 
3 
2 
28 
31 
26 
17 
18 
8 
3 
8 
11 
8 
0 
1 
0 
7 
3 
7 
27 
30 
48 
43 
36 
15 
9 
6 
14 
23 
11 
5 
2 
11 
8 
3 
1 
14 
1 
8 
19 
1 
6 
15 
33 
16 
7 
1 
6 
9 
1 
26 
21 
11 
15 
24 
33 
36 
19 
13 
1 
4 
8 
15 
10 
16 
40 
13 
20 
36 
35 
47 
36 
35 
33 
28 
18 
23 
1 
17 
30 
9 
3 
4 
20 
45 
21 
36 
40 
43 
54 
41 
34 
27 
5 
9 
12 
5 
0 
0 
3 
6 
14 
24 
27 
26 
21 
26 
30 
25 
13 
21 
23 
12 
4 
1 
4 
18 
14 
12 
8 
15 
39 
34 
27 
35 
21 
30 
30 
17 
4 
4 
4 
8 
9 
23 
30 
5 
12 
21 
26 
32 
39 
20 
15 
1 
8 
11 
34 
20 
7 
2 
8 
0 
11 
16 
13 
26 
29 
38 
19 
9 
45 
28 
3 
10 
12 
12 
31 
23 
27 
18 
21 
26 
21 
22 
5 
1 
0 
16 
11 
7 
0 
11 
9 
11 
14 
26 
40 
27 
16 
15 
16 
19 
16 
3 
4 
11 
12 
3 
3 
10 
15 
19 
22 
21 
14 
0 
7 
7 
10 
5 
1 
4 
4 
1 
10 
10 
16 
15 
26 
30 
36 
45 
46 
23 
10 
9 
11 
12 
5 
2 
4 
15 
27 
16 
13 
26 
8 
19 
13 
1 
1 
8 
4 
27 
34 
1 
12 
16 
27 
19 
23 
22 
24 
37 
54 
57 
34 
2 
41 
41 
7 
8 
4 
8 
11 
31 
41 
23 
2 
12 
36 
16 
43 
54 
42 
27 
17 
10 
2 
2 
13 
7 
0 
3 
15 
14 
33 
38 
17 
14 
1 
22 
15 
2 
6 
15 
19 
8 
3 
7 
1 
3 
7 
10 
11 
31 
24 
15 
12 
7 
8 
9 
6 
4 
0 
6 
20 
15 
14 
11 
27 
26 
30 
21 
18 
10 
15 
6 
5 
12 
0 
1 
4 
3 
7 
14 
32 
39 
34 
22 
25 
2 
5 
4 
4 
1 
17 
0 
19 
15 
32 
23 
15 
14 
34 
29 
14 
2 
11 
13 
1 
1 
10 
8 
7 
10 
8 
15 
18 
9 
22 
33 
16 
11 
5 
53 
44 
6 
30 
36 
28 
27 
19 
14 
12 
3 
20 
39 
30 
18 
11 
6 
6 
10 
5 
3 
8 
2 
8 
3 
3 
10 
22 
36 
21 
30 
25 
32 
39 
9 
2 
2 
3 
0 
8 
23 
0 
34 
37 
38 
43 
29 
18 
1 
0 
22 
9 
4 
0 
3 
0 
7 
10 
16 
21 
34 
53 
66 
51 
17 
12 
7 
57 
51 
28 
31 
6 
7 
14 
5 
22 
58 
50 
44 
41 
38 
31 
14 
14 
3 
6 
2 
11 
4 
3 
6 
10 
15 
18 
12 
22 
11 
19 
9 
17 
22 
1 
0 
10 
6 
5 
0 
0 
6 
1 
9 
10 
6 
13 
18 
1 
23 
21 
28 
39 
29 
14 
0 
7 
12 
4 
6 
12 
9 
14 
25 
22 
22 
7 
2 
1 
2 
5 
14 
9 
20 
23 
25 
26 
14 
19 
27 
21 
17 
23 
17 
12 
18 
11 
7 
17 
14 
14 
8 
10 
13 
21 
21 
4 
2 
24 
35 
17 
2 
9 
18 
11 
15 
20 
17 
22 
21 
28 
27 
21 
26 
10 
10 
6 
5 
9 
1 
8 
18 
19 
23 
36 
35 
41 
50 
64 
48 
1 
18 
34 
34 
43 
20 
3 
15 
18 
7 
27 
42 
36 
23 
18 
22 
11 
2 
14 
1 
9 
0 
16 
21 
22 
20 
9 
6 
3 
15 
16 
23 
21 
26 
30 
19 
2 
1 
1 
2 
2 
10 
6 
9 
14 
13 
18 
29 
42 
36 
24 
8 
2 
3 
7 
2 
5 
12 
3 
5 
1 
15 
11 
38 
53 
38 
31 
15 
5 
22 
17 
9 
0 
6 
25 
22 
24 
35 
28 
0 
16 
11 
8 
19 
13 
1 
21 
36 
11 
7 
22 
15 
23 
43 
46 
36 
31 
24 
11 
1 
10 
3 
6 
1 
3 
0 
0 
0 
7 
15 
3 
5 
0 
23 
50 
40 
39 
36 
31 
14 
6 
2 
1 
0 
3 
4 
0 
8 
4 
17 
26 
21 
22 
29 
30 
18 
19 
6 
5 
10 
1 
0 
8 
6 
8 
9 
26 
12 
31 
38 
38 
23 
9 
2 
10 
3 
2 
15 
7 
16 
19 
2 
0 
7 
14 
28 
11 
1 
1 
10 
5 
1 
0 
15 
16 
9 
2 
12 
7 
27 
40 
49 
46 
29 
5 
1 
23 
29 
18 
3 
17 
14 
3 
7 
14 
12 
15 
27 
31 
34 
17 
34 
31 
9 
1 
9 
10 
3 
3 
12 
19 
10 
6 
5 
1 
14 
24 
31 
38 
34 
5 
6 
5 
2 
0 
0 
2 
3 
7 
22 
13 
14 
1 
1 
31 
34 
18 
5 
6 
5 
2 
0 
3 
2 
27 
35 
36 
19 
14 
14 
0 
10 
33 
21 
4 
15 
14 
20 
3 
5 
13 
11 
10 
22 
36 
40 
33 
22 
15 
11 
3 
4 
4 
11 
31 
36 
17 
5 
6 
2 
21 
46 
48 
20 
5 
8 
36 
51 
22 
23 
38 
38 
16 
0 
7 
19 
19 
18 
32 
35 
24 
27 
12 
3 
11 
14 
12 
9 
4 
16 
19 
23 
18 
11 
23 
28 
27 
14 
34 
39 
9 
9 
15 
17 
22 
1 
11 
11 
20 
19 
17 
16 
23 
33 
34 
16 
10 
0 
7 
3 
10 
15 
4 
12 
15 
8 
15 
21 
18 
18 
19 
11 
1 
6 
18 
9 
8 
3 
2 
6 
9 
10 
13 
30 
30 
21 
1 
9 
9 
4 
10 
9 
3 
7 
17 
15 
14 
14 
0 
11 
27 
34 
32 
27 
9 
1 
4 
0 
0 
8 
11 
23 
20 
13 
5 
0 
3 
15 
26 
21 
18 
8 
11 
3 
0 
1 
3 
8 
5 
13 
13 
11 
14 
26 
36 
29 
26 
17 
30 
17 
16 
11 
4 
3 
4 
3 
6 
5 
14 
36 
23 
22 
22 
55 
41 
6 
13 
17 
20 
35 
28 
27 
19 
0 
7 
0 
0 
19 
63 
81 
59 
40 
39 
8 
0 
11 
24 
16 
1 
4 
15 
23 
21 
35 
44 
31 
2 
13 
0 
1 
1 
0 
7 
18 
20 
7 
7 
14 
20 
19 
11 
16 
5 
18 
27 
20 
19 
9 
10 
9 
2 
3 
8 
14 
16 
5 
10 
16 
19 
4 
15 
14 
13 
20 
23 
20 
2 
13 
16 
16 
4 
16 
13 
0 
7 
15 
24 
21 
26 
27 
19 
2 
8 
23 
25 
23 
18 
8 
9 
14 
32 
27 
17 
14 
3 
1 
12 
30 
21 
15 
55 
41 
23 
10 
0 
20 
25 
3 
32 
41 
38 
48 
31 
18 
14 
4 
4 
2 
0 
11 
6 
11 
4 
14 
24 
21 
26 
25 
24 
15 
1 
9 
12 
6 
3 
1 
1 
10 
20 
24 
19 
39 
40 
43 
30 
10 
0 
19 
8 
0 
0 
4 
2 
6 
8 
7 
11 
22 
28 
39 
34 
17 
4 
0 
11 
0 
9 
7 
10 
2 
4 
8 
15 
27 
43 
28 
27 
18 
22 
39 
9 
2 
3 
0 
12 
21 
20 
16 
6 
16 
23 
31 
44 
51 
46 
30 
0 
22 
17 
0 
4 
2 
12 
9 
1 
10 
6 
20 
31 
47 
86 
51 
1 
9 
28 
51 
36 
5 
17 
25 
27 
34 
22 
24 
19 
10 
4 
7 
20 
23 
18 
11 
7 
6 
16 
15 
14 
16 
11 
6 
7 
7 
4 
1 
10 
0 
3 
6 
12 
19 
15 
6 
4 
15 
34 
20 
27 
32 
23 
17 
1 
17 
7 
18 
26 
13 
1 
23 
24 
9 
10 
4 
16 
27 
47 
46 
36 
23 
33 
34 
23 
2 
7 
8 
11 
12 
0 
12 
0 
11 
14 
13 
22 
27 
32 
15 
1 
14 
19 
23 
8 
3 
11 
16 
15 
15 
2 
14 
69 
58 
14 
13 
45 
53 
21 
1 
14 
0 
0 
1 
8 
6 
22 
34 
46 
40 
37 
22 
25 
16 
15 
3 
12 
7 
4 
4 
1 
0 
19 
22 
36 
27 
30 
30 
31 
13 
8 
8 
14 
13 
7 
19 
12 
1 
2 
0 
0 
11 
38 
44 
55 
34 
10 
6 
3 
22 
37 
36 
12 
6 
16 
28 
35 
39 
46 
45 
70 
31 
21 
14 
38 
55 
44 
19 
7 
7 
17 
11 
22 
26 
36 
43 
39 
32 
43 
34 
18 
7 
2 
9 
12 
19 
7 
78 
59 
9 
53 
65 
36 
12 
27 
36 
31 
36 
47 
30 
8 
4 
5 
23 
15 
0 
19 
30 
36 
29 
22 
27 
26 
18 
3 
14 
9 
3 
12 
6 
3 
10 
22 
32 
31 
42 
43 
29 
22 
4 
5 
4 
2 
12 
7 
4 
0 
3 
3 
8 
41 
42 
37 
30 
18 
0 
9 
0 
5 
4 
7 
12 
9 
18 
3 
0 
4 
3 
17 
26 
37 
42 
26 
7 
14 
11 
8 
0 
2 
2 
8 
3 
7 
16 
25 
38 
57 
64 
46 
7 
20 
40 
30 
5 
4 
19 
68 
57 
30 
12 
30 
9 
10 
11 
6 
10 
10 
23 
0 
0 
31 
36 
3 
27 
19 
19 
19 
23 
27 
22 
8 
0 
14 
32 
11 
10 
12 
23 
11 
7 
5 
0 
7 
23 
38 
41 
38 
35 
35 
2 
6 
10 
3 
0 
7 
3 
20 
27 
30 
17 
30 
55 
37 
30 
1 
9 
34 
34 
3 
4 
3 
8 
5 
0 
3 
15 
21 
31 
38 
28 
13 
18 
13 
18 
11 
11 
12 
7 
12 
15 
1 
5 
22 
13 
22 
27 
25 
30 
24 
16 
1 
8 
2 
18 
14 
3 
25 
25 
5 
34 
21 
18 
15 
13 
6 
10 
7 
8 
7 
0 
3 
22 
48 
37 
10 
10 
5 
9 
10 
6 
9 
18 
34 
23 
1 
15 
36 
15 
0 
3 
7 
11 
23 
37 
39 
38 
29 
30 
21 
2 
2 
2 
2 
7 
10 
6 
14 
29 
50 
37 
22 
20 
20 
16 
5 
13 
41 
49 
33 
24 
17 
20 
48 
64 
47 
29 
22 
16 
11 
10 
1 
2 
8 
11 
1 
6 
17 
22 
16 
3 
2 
6 
6 
15 
23 
53 
50 
39 
0 
20 
32 
10 
1 
2 
2 
8 
23 
22 
12 
1 
6 
16 
19 
28 
19 
16 
