9 
1 
0 
2 
2 
0 
1 
3 
11 
14 
20 
19 
26 
21 
6 
6 
2 
7 
20 
1 
10 
11 
23 
22 
20 
15 
18 
29 
42 
25 
38 
18 
2 
13 
29 
29 
25 
12 
0 
11 
12 
19 
31 
36 
19 
23 
28 
35 
21 
22 
15 
9 
10 
5 
5 
2 
4 
7 
5 
18 
13 
22 
31 
21 
14 
12 
14 
15 
11 
5 
1 
7 
16 
26 
17 
3 
11 
31 
38 
32 
35 
40 
31 
29 
22 
3 
5 
4 
6 
5 
3 
6 
9 
10 
9 
10 
17 
22 
25 
26 
18 
19 
9 
1 
1 
8 
3 
0 
3 
0 
1 
7 
19 
24 
27 
26 
31 
32 
19 
1 
1 
11 
3 
0 
8 
17 
50 
89 
58 
48 
22 
6 
9 
10 
9 
30 
41 
50 
54 
53 
65 
35 
0 
8 
16 
27 
48 
65 
72 
56 
46 
36 
23 
7 
5 
12 
7 
28 
13 
6 
5 
6 
15 
1 
5 
0 
9 
18 
19 
22 
14 
17 
22 
19 
11 
4 
3 
24 
33 
28 
11 
15 
5 
5 
9 
0 
1 
14 
27 
31 
20 
19 
16 
11 
2 
1 
13 
42 
62 
59 
39 
13 
15 
31 
31 
37 
44 
43 
8 
2 
8 
24 
35 
31 
31 
50 
92 
63 
21 
9 
9 
0 
14 
15 
20 
31 
8 
8 
27 
42 
41 
18 
1 
6 
3 
3 
0 
4 
11 
15 
1 
17 
35 
30 
28 
19 
19 
32 
31 
5 
9 
13 
8 
18 
9 
3 
35 
64 
63 
54 
34 
15 
0 
6 
1 
6 
6 
2 
1 
5 
9 
10 
1 
0 
3 
6 
18 
28 
20 
31 
31 
34 
25 
14 
2 
6 
19 
26 
50 
49 
6 
29 
10 
16 
15 
27 
37 
28 
14 
8 
27 
32 
33 
30 
28 
15 
27 
28 
11 
0 
0 
0 
8 
7 
2 
2 
5 
12 
11 
16 
11 
12 
21 
6 
0 
0 
0 
18 
16 
31 
31 
24 
35 
30 
26 
35 
25 
2 
29 
33 
36 
35 
28 
3 
10 
22 
38 
48 
51 
59 
44 
31 
6 
1 
2 
7 
3 
12 
59 
61 
32 
8 
11 
39 
61 
68 
43 
0 
18 
44 
52 
39 
35 
49 
25 
3 
17 
7 
12 
3 
35 
30 
20 
11 
1 
6 
1 
4 
7 
23 
30 
28 
27 
19 
14 
5 
6 
17 
22 
17 
6 
2 
2 
7 
0 
2 
3 
5 
7 
14 
10 
28 
43 
35 
54 
57 
38 
16 
8 
7 
27 
21 
28 
42 
13 
7 
12 
15 
27 
37 
19 
34 
48 
25 
10 
23 
20 
0 
7 
11 
7 
2 
6 
6 
0 
8 
24 
36 
39 
39 
40 
43 
22 
14 
1 
3 
3 
24 
19 
13 
26 
27 
22 
4 
2 
0 
2 
18 
15 
12 
23 
12 
2 
9 
8 
25 
21 
15 
15 
19 
15 
31 
31 
30 
19 
11 
8 
7 
3 
0 
31 
30 
27 
11 
3 
0 
4 
15 
26 
17 
18 
31 
28 
11 
4 
0 
13 
12 
16 
1 
8 
20 
23 
35 
34 
35 
35 
29 
30 
23 
2 
0 
3 
18 
21 
26 
17 
15 
27 
28 
37 
38 
13 
4 
7 
7 
12 
19 
12 
7 
7 
15 
23 
31 
27 
27 
31 
35 
30 
21 
14 
9 
0 
3 
1 
5 
2 
26 
21 
14 
0 
3 
8 
19 
16 
7 
5 
22 
24 
43 
41 
35 
22 
4 
8 
8 
7 
18 
14 
27 
23 
24 
31 
14 
14 
7 
1 
6 
37 
22 
0 
21 
25 
31 
12 
6 
20 
35 
27 
34 
27 
19 
8 
4 
1 
0 
27 
27 
26 
16 
5 
10 
12 
15 
6 
14 
13 
12 
0 
11 
0 
12 
29 
34 
56 
61 
36 
39 
29 
6 
26 
22 
14 
18 
34 
33 
29 
15 
0 
0 
12 
28 
45 
43 
44 
26 
22 
26 
20 
24 
5 
18 
17 
18 
12 
0 
3 
3 
3 
1 
10 
15 
19 
20 
23 
26 
22 
25 
12 
23 
2 
14 
1 
13 
1 
14 
9 
2 
0 
11 
12 
23 
32 
15 
8 
8 
4 
7 
8 
11 
3 
6 
16 
12 
15 
19 
26 
33 
30 
21 
10 
10 
11 
5 
1 
0 
3 
4 
2 
7 
15 
30 
33 
38 
37 
40 
42 
23 
0 
12 
20 
22 
13 
5 
45 
18 
2 
1 
2 
0 
0 
12 
10 
5 
7 
7 
6 
0 
4 
0 
27 
23 
23 
19 
14 
18 
20 
19 
34 
20 
13 
22 
12 
3 
0 
3 
5 
2 
1 
4 
0 
10 
16 
19 
26 
20 
15 
14 
16 
13 
6 
4 
0 
4 
1 
1 
5 
5 
1 
1 
0 
1 
0 
0 
0 
5 
11 
22 
29 
19 
12 
12 
17 
23 
23 
20 
32 
32 
32 
31 
31 
36 
31 
14 
5 
10 
1 
1 
18 
21 
7 
2 
14 
12 
15 
55 
34 
29 
30 
17 
14 
31 
20 
8 
30 
33 
30 
9 
3 
7 
1 
19 
14 
10 
12 
20 
11 
27 
32 
28 
20 
28 
35 
25 
18 
24 
19 
2 
6 
0 
10 
5 
5 
14 
5 
12 
19 
33 
11 
6 
2 
12 
15 
19 
26 
33 
30 
25 
22 
13 
0 
0 
6 
1 
4 
15 
12 
13 
6 
11 
19 
26 
42 
45 
34 
12 
1 
8 
26 
23 
20 
7 
7 
31 
42 
43 
35 
18 
14 
21 
1 
9 
4 
17 
5 
0 
3 
6 
12 
12 
7 
17 
3 
18 
34 
36 
29 
42 
41 
34 
7 
6 
25 
33 
30 
13 
15 
55 
79 
72 
43 
21 
5 
1 
5 
9 
9 
12 
22 
7 
26 
9 
0 
15 
11 
2 
24 
61 
57 
63 
54 
41 
22 
1 
9 
10 
15 
10 
21 
12 
23 
42 
33 
22 
17 
16 
19 
13 
10 
2 
1 
5 
6 
9 
21 
15 
7 
0 
12 
24 
20 
35 
47 
43 
40 
35 
16 
11 
2 
2 
17 
26 
17 
6 
7 
5 
6 
19 
17 
18 
4 
26 
43 
13 
6 
3 
20 
13 
6 
6 
13 
26 
25 
19 
3 
27 
18 
28 
23 
35 
26 
16 
15 
1 
0 
5 
14 
22 
20 
19 
15 
28 
29 
28 
19 
13 
4 
0 
18 
15 
18 
1 
16 
11 
11 
18 
24 
51 
59 
38 
18 
13 
1 
9 
4 
8 
7 
12 
3 
10 
7 
27 
20 
7 
13 
38 
31 
27 
6 
22 
33 
29 
16 
14 
10 
2 
2 
15 
28 
42 
46 
54 
46 
32 
17 
14 
5 
1 
2 
5 
16 
15 
36 
17 
18 
13 
10 
5 
4 
11 
1 
16 
23 
1 
10 
11 
19 
24 
13 
10 
3 
4 
5 
16 
15 
48 
47 
38 
22 
11 
2 
3 
3 
0 
18 
9 
4 
0 
0 
18 
16 
19 
23 
26 
17 
18 
12 
11 
6 
0 
1 
11 
10 
0 
7 
27 
22 
16 
19 
24 
23 
14 
22 
13 
48 
51 
25 
5 
28 
46 
41 
35 
22 
8 
2 
18 
32 
32 
31 
29 
15 
10 
4 
5 
13 
15 
19 
19 
19 
19 
13 
26 
28 
31 
20 
11 
5 
2 
4 
7 
0 
0 
2 
16 
3 
7 
15 
30 
36 
31 
20 
23 
45 
40 
46 
39 
35 
23 
25 
20 
1 
6 
3 
5 
9 
0 
1 
6 
0 
3 
5 
2 
1 
0 
4 
7 
3 
0 
3 
2 
14 
33 
50 
51 
61 
62 
26 
2 
18 
22 
9 
9 
1 
8 
6 
1 
26 
27 
31 
33 
41 
45 
25 
8 
3 
27 
25 
28 
26 
25 
12 
7 
24 
49 
58 
37 
30 
30 
16 
0 
2 
7 
3 
1 
0 
0 
1 
10 
13 
30 
39 
41 
46 
34 
21 
5 
0 
6 
14 
8 
20 
18 
17 
1 
9 
54 
41 
26 
14 
3 
12 
14 
5 
1 
6 
17 
15 
20 
12 
11 
28 
36 
48 
52 
35 
47 
50 
38 
31 
5 
14 
14 
9 
2 
1 
4 
15 
34 
14 
5 
18 
16 
6 
4 
8 
14 
1 
10 
19 
27 
24 
31 
19 
12 
10 
13 
8 
19 
30 
25 
14 
11 
6 
13 
22 
25 
7 
11 
19 
1 
23 
22 
34 
36 
25 
18 
19 
22 
22 
7 
1 
0 
7 
12 
9 
1 
4 
23 
31 
30 
21 
8 
0 
2 
9 
21 
4 
8 
7 
18 
16 
20 
15 
15 
55 
42 
42 
46 
23 
7 
8 
4 
4 
8 
12 
10 
14 
27 
18 
9 
10 
25 
22 
13 
18 
22 
27 
21 
5 
6 
1 
1 
3 
2 
0 
3 
14 
6 
1 
10 
19 
38 
46 
48 
20 
0 
5 
1 
1 
2 
3 
1 
8 
7 
2 
4 
15 
21 
38 
32 
12 
8 
0 
2 
3 
9 
2 
6 
7 
10 
1 
6 
0 
4 
2 
10 
19 
57 
70 
38 
9 
7 
2 
3 
2 
5 
5 
0 
7 
0 
20 
4 
31 
22 
10 
2 
5 
2 
5 
16 
11 
25 
27 
26 
16 
11 
23 
28 
27 
37 
18 
12 
18 
11 
0 
1 
4 
4 
2 
2 
29 
34 
21 
2 
1 
0 
6 
5 
18 
22 
15 
13 
14 
5 
2 
11 
3 
4 
2 
6 
6 
18 
33 
30 
15 
13 
2 
2 
4 
3 
0 
12 
15 
23 
6 
5 
26 
21 
22 
23 
13 
18 
10 
0 
2 
6 
11 
12 
3 
1 
2 
34 
45 
26 
9 
8 
4 
2 
6 
0 
0 
11 
10 
52 
51 
19 
11 
18 
13 
7 
4 
2 
21 
30 
25 
30 
11 
8 
0 
5 
3 
7 
19 
6 
2 
16 
31 
59 
74 
73 
49 
9 
20 
52 
56 
60 
43 
14 
29 
39 
50 
42 
36 
23 
23 
0 
11 
16 
19 
5 
2 
9 
10 
3 
7 
5 
8 
11 
14 
8 
13 
30 
25 
20 
15 
37 
42 
6 
1 
16 
15 
20 
23 
0 
7 
27 
42 
48 
41 
34 
9 
10 
14 
3 
10 
7 
19 
12 
19 
12 
0 
8 
7 
4 
3 
8 
19 
21 
18 
17 
12 
11 
16 
11 
4 
10 
5 
19 
4 
1 
0 
11 
19 
27 
36 
19 
15 
22 
20 
3 
0 
5 
15 
14 
16 
8 
23 
26 
29 
26 
23 
25 
17 
2 
1 
4 
17 
18 
23 
0 
8 
10 
6 
19 
18 
10 
31 
37 
38 
14 
0 
10 
7 
8 
11 
12 
0 
6 
12 
7 
15 
26 
49 
54 
45 
18 
2 
1 
0 
13 
9 
1 
30 
13 
22 
25 
30 
26 
31 
39 
6 
15 
29 
45 
33 
26 
9 
14 
36 
40 
36 
36 
31 
23 
34 
25 
38 
40 
24 
7 
43 
35 
17 
26 
25 
3 
35 
42 
35 
31 
26 
38 
41 
26 
14 
6 
6 
5 
21 
21 
20 
15 
0 
7 
18 
24 
23 
42 
41 
34 
31 
27 
21 
2 
10 
5 
2 
11 
4 
16 
15 
0 
1 
6 
1 
8 
25 
38 
45 
34 
21 
22 
5 
2 
2 
10 
33 
38 
29 
9 
17 
8 
1 
6 
6 
11 
35 
29 
10 
13 
30 
17 
19 
16 
3 
11 
39 
65 
71 
56 
31 
29 
13 
2 
5 
21 
17 
4 
0 
0 
3 
7 
16 
27 
42 
55 
46 
34 
4 
7 
9 
19 
19 
9 
1 
1 
2 
3 
0 
10 
9 
4 
0 
7 
20 
31 
32 
19 
8 
2 
14 
18 
16 
7 
3 
12 
9 
46 
49 
42 
20 
12 
7 
13 
20 
18 
19 
0 
8 
19 
19 
30 
31 
31 
18 
26 
21 
18 
2 
3 
13 
0 
2 
2 
4 
0 
1 
12 
15 
31 
22 
37 
70 
59 
33 
21 
2 
10 
22 
26 
33 
24 
9 
0 
7 
25 
19 
18 
32 
39 
42 
43 
46 
40 
14 
3 
16 
22 
27 
28 
27 
12 
8 
23 
71 
86 
75 
57 
5 
8 
28 
24 
22 
21 
34 
41 
27 
4 
20 
22 
30 
46 
36 
44 
19 
18 
31 
27 
16 
8 
12 
9 
0 
4 
3 
14 
28 
25 
34 
41 
42 
35 
11 
9 
17 
2 
6 
0 
14 
15 
16 
11 
7 
14 
21 
26 
25 
30 
27 
14 
1 
2 
6 
1 
6 
0 
3 
22 
27 
27 
24 
27 
34 
14 
11 
2 
5 
1 
0 
10 
1 
15 
16 
19 
12 
11 
22 
30 
33 
26 
26 
28 
32 
8 
7 
21 
12 
6 
2 
0 
4 
5 
18 
5 
14 
37 
34 
58 
19 
7 
2 
1 
2 
6 
31 
33 
42 
24 
0 
0 
23 
31 
3 
4 
3 
7 
2 
0 
11 
20 
3 
16 
24 
40 
50 
34 
32 
27 
39 
25 
22 
8 
8 
0 
3 
16 
16 
2 
4 
18 
13 
9 
4 
2 
14 
25 
40 
47 
27 
9 
1 
9 
0 
0 
1 
10 
16 
21 
10 
8 
15 
20 
31 
33 
22 
16 
22 
19 
3 
2 
3 
0 
1 
1 
1 
6 
9 
18 
13 
26 
31 
35 
37 
29 
10 
30 
18 
1 
10 
1 
0 
7 
36 
37 
58 
49 
62 
58 
30 
6 
34 
43 
41 
33 
40 
43 
20 
10 
22 
10 
26 
46 
58 
44 
31 
19 
8 
0 
3 
16 
13 
0 
7 
11 
21 
43 
46 
48 
39 
53 
70 
45 
9 
39 
61 
61 
45 
17 
7 
0 
23 
38 
46 
44 
35 
39 
28 
31 
9 
6 
2 
0 
9 
13 
16 
8 
4 
15 
15 
16 
17 
38 
41 
34 
18 
15 
21 
25 
6 
1 
2 
7 
0 
1 
6 
2 
16 
27 
18 
22 
31 
17 
18 
22 
23 
7 
9 
13 
22 
17 
4 
4 
6 
24 
31 
39 
40 
55 
49 
26 
10 
15 
25 
28 
35 
28 
9 
0 
0 
4 
15 
59 
70 
60 
51 
38 
38 
39 
23 
10 
21 
35 
12 
7 
0 
11 
32 
15 
7 
30 
45 
46 
33 
18 
7 
15 
44 
41 
10 
19 
32 
25 
8 
11 
10 
27 
39 
46 
42 
21 
10 
2 
0 
3 
8 
0 
9 
26 
16 
23 
24 
27 
21 
14 
6 
3 
7 
9 
2 
1 
1 
2 
3 
3 
8 
15 
19 
28 
27 
30 
38 
31 
19 
23 
0 
5 
6 
1 
36 
67 
46 
8 
2 
30 
50 
50 
64 
71 
46 
30 
19 
0 
2 
29 
33 
42 
21 
0 
23 
38 
36 
25 
26 
17 
14 
11 
1 
1 
2 
5 
3 
3 
17 
29 
23 
18 
20 
33 
26 
21 
18 
10 
11 
4 
22 
11 
11 
20 
15 
12 
1 
10 
16 
9 
10 
27 
27 
25 
2 
3 
46 
42 
23 
21 
65 
43 
32 
2 
2 
25 
39 
62 
80 
67 
50 
20 
5 
12 
14 
2 
10 
5 
14 
13 
20 
8 
9 
1 
37 
26 
26 
0 
5 
4 
5 
0 
0 
4 
0 
8 
13 
0 
8 
12 
23 
51 
63 
56 
51 
41 
18 
1 
21 
24 
31 
32 
13 
0 
3 
7 
14 
32 
53 
62 
55 
25 
2 
9 
21 
24 
19 
14 
9 
6 
20 
24 
31 
31 
35 
28 
27 
28 
27 
1 
13 
15 
14 
14 
25 
30 
22 
19 
53 
22 
18 
17 
13 
8 
9 
18 
22 
24 
26 
19 
7 
12 
4 
14 
1 
27 
74 
70 
61 
34 
15 
7 
0 
14 
1 
2 
2 
6 
15 
8 
7 
2 
18 
32 
35 
44 
47 
57 
45 
25 
5 
9 
13 
5 
4 
6 
0 
7 
25 
38 
30 
33 
3 
0 
4 
2 
9 
17 
13 
8 
16 
11 
24 
19 
6 
10 
21 
3 
23 
44 
51 
37 
26 
14 
0 
9 
9 
8 
0 
4 
4 
4 
10 
23 
19 
26 
22 
37 
38 
28 
10 
8 
10 
1 
7 
9 
2 
6 
8 
23 
18 
21 
34 
63 
73 
70 
49 
15 
23 
49 
57 
73 
57 
26 
10 
28 
39 
35 
58 
69 
62 
18 
0 
40 
46 
1 
23 
11 
8 
4 
8 
5 
4 
23 
38 
44 
51 
46 
24 
1 
12 
22 
15 
4 
0 
4 
3 
16 
23 
27 
28 
27 
30 
34 
19 
13 
1 
5 
0 
0 
7 
1 
0 
11 
18 
11 
15 
38 
33 
24 
11 
13 
26 
36 
22 
3 
42 
23 
16 
7 
16 
4 
26 
47 
51 
40 
23 
2 
8 
0 
6 
2 
8 
11 
9 
15 
15 
4 
4 
4 
19 
51 
59 
58 
36 
23 
14 
34 
29 
10 
7 
17 
13 
6 
5 
6 
0 
3 
4 
11 
16 
3 
16 
19 
0 
11 
19 
19 
26 
30 
34 
20 
31 
28 
15 
9 
10 
13 
29 
29 
20 
23 
7 
27 
35 
39 
35 
23 
23 
15 
19 
27 
32 
39 
13 
10 
2 
8 
14 
9 
2 
1 
8 
15 
10 
16 
19 
34 
33 
26 
14 
0 
6 
13 
13 
8 
15 
14 
48 
57 
66 
30 
1 
0 
6 
13 
15 
13 
20 
14 
4 
5 
22 
48 
43 
31 
19 
0 
10 
9 
7 
4 
20 
23 
16 
23 
28 
23 
12 
12 
5 
3 
0 
3 
6 
3 
18 
32 
43 
35 
36 
19 
18 
10 
2 
1 
0 
11 
4 
0 
3 
3 
3 
11 
20 
29 
38 
25 
32 
19 
6 
9 
0 
7 
4 
3 
11 
16 
11 
15 
16 
23 
26 
18 
7 
5 
9 
17 
2 
10 
12 
3 
19 
21 
15 
10 
4 
31 
39 
28 
31 
33 
38 
20 
25 
32 
34 
25 
15 
4 
1 
15 
26 
24 
32 
19 
27 
22 
55 
75 
34 
6 
26 
35 
46 
49 
45 
15 
28 
54 
78 
72 
63 
42 
6 
16 
18 
21 
16 
13 
0 
3 
11 
23 
17 
17 
15 
18 
31 
35 
42 
22 
41 
26 
2 
17 
26 
3 
10 
5 
3 
12 
1 
8 
15 
39 
32 
29 
30 
9 
6 
0 
0 
3 
15 
0 
19 
15 
15 
9 
15 
34 
52 
51 
26 
24 
18 
3 
8 
26 
17 
10 
5 
3 
10 
12 
1 
10 
24 
28 
35 
59 
62 
49 
5 
20 
8 
3 
4 
1 
4 
10 
24 
31 
35 
40 
27 
21 
6 
2 
8 
10 
1 
5 
18 
20 
2 
2 
4 
13 
18 
25 
38 
45 
30 
20 
10 
3 
6 
25 
33 
27 
20 
0 
18 
26 
18 
30 
32 
31 
15 
16 
19 
20 
5 
2 
0 
7 
10 
14 
4 
13 
14 
28 
35 
34 
18 
15 
5 
2 
17 
17 
14 
10 
12 
11 
7 
10 
12 
7 
27 
36 
37 
36 
35 
13 
1 
5 
4 
4 
8 
10 
15 
15 
6 
0 
3 
24 
43 
44 
39 
21 
2 
25 
33 
38 
33 
7 
15 
19 
32 
40 
31 
51 
59 
36 
3 
6 
30 
26 
7 
4 
26 
25 
18 
9 
11 
0 
11 
27 
38 
46 
45 
38 
21 
16 
0 
1 
1 
1 
2 
20 
23 
22 
33 
18 
11 
6 
10 
6 
7 
3 
2 
4 
6 
1 
8 
16 
13 
4 
9 
33 
23 
35 
35 
39 
38 
37 
26 
15 
2 
0 
8 
14 
1 
4 
11 
14 
9 
22 
18 
30 
29 
38 
34 
3 
27 
21 
12 
7 
20 
8 
2 
30 
62 
70 
32 
15 
0 
7 
2 
8 
11 
5 
7 
4 
7 
0 
11 
1 
7 
7 
3 
8 
32 
39 
23 
23 
18 
8 
19 
11 
14 
16 
4 
0 
19 
55 
58 
26 
5 
18 
1 
2 
3 
14 
19 
3 
24 
27 
35 
22 
24 
16 
4 
18 
8 
2 
14 
16 
15 
15 
16 
23 
22 
11 
15 
24 
3 
3 
10 
0 
21 
18 
32 
43 
53 
58 
36 
12 
15 
47 
61 
62 
57 
27 
40 
64 
90 
56 
57 
66 
65 
41 
17 
22 
43 
47 
47 
53 
56 
78 
50 
4 
24 
54 
89 
112 
102 
82 
58 
70 
47 
8 
66 
105 
100 
55 
20 
0 
8 
20 
26 
32 
45 
57 
41 
33 
7 
1 
12 
36 
35 
18 
11 
4 
17 
0 
39 
42 
39 
26 
30 
31 
27 
17 
14 
14 
18 
12 
13 
0 
10 
15 
11 
23 
33 
24 
73 
65 
66 
61 
43 
24 
9 
17 
21 
39 
54 
102 
86 
42 
14 
43 
65 
98 
102 
81 
37 
7 
1 
9 
16 
9 
26 
26 
23 
17 
17 
9 
27 
19 
6 
39 
43 
47 
51 
67 
43 
29 
5 
26 
18 
21 
46 
14 
9 
14 
20 
5 
60 
86 
61 
12 
1 
32 
32 
28 
3 
16 
27 
57 
86 
61 
12 
23 
71 
114 
91 
28 
67 
55 
1 
57 
37 
44 
75 
74 
78 
83 
72 
20 
32 
72 
47 
5 
13 
0 
83 
203 
166 
74 
19 
19 
50 
9 
38 
45 
2 
34 
10 
34 
58 
2 
52 
47 
17 
24 
53 
75 
44 
2 
57 
70 
73 
68 
36 
0 
15 
24 
63 
54 
38 
9 
21 
15 
8 
32 
84 
65 
27 
1 
85 
166 
165 
75 
8 
14 
87 
26 
125 
201 
212 
149 
81 
53 
51 
7 
61 
56 
102 
97 
145 
94 
39 
76 
94 
76 
20 
51 
93 
86 
2 
69 
69 
22 
2 
9 
6 
0 
40 
63 
28 
20 
24 
16 
74 
174 
149 
96 
36 
18 
33 
34 
13 
36 
67 
73 
57 
3 
11 
20 
98 
102 
36 
11 
15 
36 
63 
93 
90 
38 
9 
1 
50 
113 
141 
145 
103 
39 
36 
110 
122 
144 
189 
165 
101 
1 
52 
15 
48 
17 
45 
55 
63 
94 
35 
29 
5 
3 
12 
48 
88 
91 
19 
7 
14 
9 
110 
165 
44 
101 
205 
157 
83 
92 
167 
140 
152 
187 
118 
17 
109 
213 
216 
145 
107 
82 
38 
1 
28 
32 
25 
48 
45 
61 
69 
55 
106 
185 
212 
140 
4 
34 
50 
22 
22 
172 
129 
53 
63 
33 
145 
240 
273 
161 
39 
26 
172 
136 
95 
43 
9 
30 
21 
10 
70 
28 
44 
75 
66 
120 
303 
223 
57 
0 
34 
102 
72 
86 
14 
118 
132 
33 
102 
88 
56 
45 
8 
64 
4 
34 
33 
5 
136 
204 
128 
110 
87 
52 
45 
67 
118 
161 
132 
73 
72 
142 
195 
190 
117 
85 
126 
94 
93 
68 
203 
188 
23 
250 
370 
256 
75 
47 
47 
54 
66 
53 
30 
28 
25 
93 
189 
195 
167 
339 
226 
106 
1 
66 
151 
143 
10 
37 
1 
83 
133 
142 
103 
89 
93 
49 
71 
95 
36 
132 
124 
5 
108 
110 
160 
163 
126 
85 
164 
195 
98 
34 
35 
124 
14 
18 
42 
57 
74 
199 
318 
246 
54 
86 
98 
111 
209 
176 
39 
9 
43 
50 
9 
47 
248 
105 
156 
260 
267 
211 
61 
15 
40 
80 
135 
108 
230 
141 
137 
123 
162 
158 
60 
3 
39 
99 
79 
25 
86 
112 
109 
76 
30 
78 
162 
154 
10 
87 
255 
425 
418 
173 
1 
82 
145 
188 
106 
89 
79 
73 
71 
11 
20 
24 
15 
3 
51 
142 
268 
240 
51 
67 
187 
178 
80 
12 
155 
199 
218 
139 
26 
32 
7 
33 
19 
29 
82 
195 
201 
188 
189 
117 
50 
106 
18 
14 
31 
117 
196 
413 
183 
109 
268 
341 
427 
381 
242 
116 
13 
48 
84 
246 
378 
447 
425 
299 
143 
41 
10 
63 
145 
224 
176 
144 
275 
419 
255 
73 
31 
97 
131 
396 
504 
433 
211 
4 
144 
250 
241 
145 
145 
160 
220 
197 
83 
0 
46 
32 
89 
219 
323 
322 
265 
163 
101 
14 
88 
147 
279 
241 
148 
52 
63 
19 
52 
83 
22 
18 
42 
108 
97 
123 
284 
338 
205 
98 
13 
109 
218 
287 
278 
332 
265 
71 
183 
180 
173 
122 
203 
262 
215 
75 
28 
114 
123 
75 
46 
50 
44 
132 
127 
59 
83 
35 
82 
108 
69 
28 
25 
76 
67 
71 
225 
154 
158 
159 
23 
63 
34 
27 
72 
25 
30 
44 
27 
21 
94 
200 
148 
66 
6 
33 
174 
269 
228 
130 
97 
75 
164 
173 
258 
251 
190 
79 
8 
62 
120 
172 
220 
241 
177 
107 
76 
83 
72 
73 
108 
160 
204 
216 
169 
156 
61 
64 
100 
180 
229 
159 
94 
85 
183 
215 
249 
131 
0 
179 
277 
288 
284 
215 
113 
24 
129 
107 
74 
193 
243 
255 
171 
138 
159 
74 
25 
13 
47 
125 
66 
49 
199 
338 
396 
280 
209 
118 
24 
165 
300 
370 
359 
306 
347 
264 
152 
28 
216 
363 
356 
264 
222 
160 
79 
19 
85 
79 
29 
162 
249 
163 
33 
11 
73 
192 
130 
90 
193 
191 
228 
228 
99 
10 
91 
211 
345 
305 
164 
94 
29 
126 
236 
219 
180 
119 
0 
35 
11 
5 
29 
23 
16 
51 
9 
43 
20 
16 
63 
12 
43 
39 
20 
68 
95 
142 
176 
116 
34 
26 
31 
65 
41 
30 
114 
57 
9 
81 
245 
237 
249 
248 
192 
34 
11 
32 
40 
188 
265 
366 
448 
325 
236 
147 
71 
35 
4 
84 
220 
392 
358 
270 
157 
121 
20 
63 
45 
70 
130 
239 
305 
369 
381 
234 
100 
87 
241 
387 
242 
146 
154 
92 
76 
95 
235 
261 
184 
16 
17 
106 
94 
182 
243 
228 
189 
96 
104 
161 
179 
164 
156 
120 
142 
152 
116 
86 
90 
13 
174 
226 
103 
100 
26 
124 
130 
115 
32 
15 
58 
24 
82 
171 
128 
84 
72 
234 
218 
218 
202 
147 
6 
5 
51 
226 
285 
354 
260 
139 
22 
166 
469 
471 
315 
161 
7 
146 
332 
401 
426 
444 
96 
210 
287 
310 
326 
238 
106 
0 
22 
59 
18 
112 
196 
191 
165 
138 
83 
106 
193 
299 
285 
311 
315 
242 
220 
65 
34 
101 
208 
353 
396 
251 
80 
27 
75 
53 
66 
190 
163 
22 
50 
54 
59 
142 
224 
93 
2 
73 
114 
117 
123 
162 
78 
108 
63 
36 
150 
170 
157 
151 
132 
98 
85 
81 
31 
51 
7 
47 
29 
74 
133 
204 
128 
68 
64 
247 
254 
334 
380 
274 
116 
115 
352 
420 
293 
208 
161 
21 
134 
143 
14 
162 
191 
148 
49 
60 
273 
367 
264 
180 
143 
1 
119 
289 
348 
300 
199 
133 
67 
61 
172 
275 
373 
307 
93 
1 
109 
74 
128 
121 
110 
138 
86 
13 
52 
22 
83 
34 
30 
76 
20 
0 
14 
27 
52 
42 
136 
197 
322 
143 
115 
14 
57 
107 
147 
231 
258 
249 
217 
144 
55 
14 
95 
113 
156 
146 
125 
103 
25 
2 
46 
82 
153 
188 
49 
7 
70 
37 
141 
283 
309 
98 
37 
39 
38 
122 
179 
232 
157 
108 
147 
144 
30 
73 
71 
3 
10 
38 
131 
197 
87 
27 
76 
152 
134 
191 
229 
252 
119 
42 
183 
366 
440 
297 
275 
119 
5 
29 
78 
163 
203 
252 
176 
195 
106 
86 
96 
127 
138 
162 
0 
103 
110 
114 
123 
143 
81 
7 
27 
60 
148 
103 
49 
18 
82 
135 
45 
57 
28 
63 
224 
204 
127 
46 
25 
57 
69 
139 
186 
113 
65 
65 
46 
133 
177 
199 
225 
156 
96 
47 
32 
40 
162 
274 
278 
131 
81 
148 
18 
79 
211 
203 
264 
152 
223 
168 
18 
109 
169 
107 
164 
107 
163 
103 
88 
177 
318 
255 
178 
68 
153 
190 
217 
205 
108 
9 
40 
26 
138 
243 
263 
249 
92 
54 
86 
266 
315 
342 
347 
96 
75 
125 
208 
233 
175 
83 
17 
10 
59 
112 
84 
101 
2 
74 
94 
69 
1 
163 
45 
52 
24 
94 
28 
191 
205 
9 
118 
183 
131 
69 
84 
91 
105 
77 
15 
65 
167 
162 
60 
120 
249 
241 
171 
30 
89 
183 
143 
57 
19 
100 
81 
38 
20 
73 
21 
110 
194 
243 
279 
214 
171 
140 
109 
118 
105 
87 
80 
106 
97 
73 
38 
6 
28 
36 
172 
95 
45 
23 
80 
115 
135 
148 
163 
125 
86 
55 
72 
87 
106 
126 
149 
164 
164 
85 
159 
436 
487 
327 
172 
15 
144 
132 
132 
120 
142 
107 
112 
120 
108 
95 
109 
76 
152 
30 
58 
142 
62 
38 
26 
57 
148 
164 
31 
26 
66 
16 
54 
45 
41 
114 
25 
74 
82 
146 
132 
119 
104 
3 
37 
49 
40 
54 
118 
77 
135 
170 
98 
14 
230 
286 
336 
299 
254 
80 
310 
602 
702 
446 
119 
48 
188 
279 
309 
303 
209 
108 
96 
119 
106 
47 
39 
19 
23 
7 
134 
270 
137 
49 
36 
141 
155 
102 
2 
163 
302 
240 
144 
51 
80 
205 
255 
202 
173 
52 
13 
6 
9 
84 
1 
93 
292 
206 
47 
252 
75 
139 
111 
91 
60 
55 
119 
78 
54 
129 
155 
35 
257 
249 
224 
108 
10 
200 
438 
328 
58 
124 
98 
67 
32 
51 
68 
99 
89 
128 
143 
201 
197 
58 
135 
179 
199 
214 
229 
211 
63 
309 
306 
151 
108 
48 
56 
128 
233 
153 
69 
68 
91 
18 
30 
97 
166 
116 
25 
13 
21 
32 
150 
191 
274 
138 
25 
159 
162 
129 
108 
60 
8 
52 
75 
134 
132 
55 
39 
67 
201 
207 
18 
1 
99 
152 
30 
62 
126 
32 
55 
108 
54 
29 
74 
12 
45 
37 
73 
73 
200 
245 
272 
191 
41 
133 
140 
290 
478 
350 
153 
13 
228 
349 
332 
236 
184 
83 
22 
104 
163 
101 
54 
72 
26 
194 
224 
7 
193 
187 
10 
35 
66 
153 
118 
133 
132 
43 
36 
23 
143 
265 
58 
18 
39 
131 
242 
314 
403 
265 
192 
710 
872 
715 
235 
90 
257 
416 
434 
447 
321 
185 
23 
43 
104 
189 
141 
196 
122 
82 
115 
108 
101 
54 
122 
26 
136 
115 
80 
68 
29 
95 
118 
17 
75 
89 
168 
139 
58 
9 
129 
112 
80 
123 
1 
34 
103 
89 
54 
24 
51 
29 
149 
99 
40 
202 
210 
194 
96 
47 
143 
127 
47 
131 
125 
29 
34 
80 
85 
103 
94 
139 
241 
183 
64 
69 
22 
51 
91 
2 
13 
66 
112 
18 
6 
63 
16 
212 
133 
57 
71 
36 
105 
96 
87 
70 
75 
129 
149 
171 
201 
6 
178 
227 
24 
126 
88 
197 
255 
302 
179 
62 
20 
51 
165 
253 
343 
295 
129 
88 
11 
101 
103 
27 
62 
66 
81 
40 
84 
7 
235 
382 
443 
162 
90 
291 
336 
187 
185 
195 
100 
63 
118 
30 
26 
133 
205 
54 
10 
132 
323 
320 
294 
122 
98 
575 
806 
693 
318 
36 
196 
192 
235 
312 
304 
251 
198 
131 
66 
2 
34 
43 
13 
52 
55 
149 
100 
92 
96 
8 
206 
283 
296 
195 
67 
66 
126 
184 
158 
221 
349 
396 
311 
193 
43 
418 
267 
168 
81 
34 
20 
9 
140 
335 
308 
272 
211 
121 
98 
10 
101 
40 
22 
85 
59 
2 
66 
16 
70 
50 
2 
177 
142 
71 
69 
71 
109 
166 
261 
258 
195 
43 
44 
129 
320 
221 
92 
20 
32 
41 
9 
53 
90 
23 
102 
139 
274 
73 
74 
14 
158 
22 
66 
50 
229 
195 
39 
17 
98 
0 
179 
222 
180 
135 
138 
53 
131 
136 
15 
117 
135 
156 
296 
211 
29 
183 
343 
299 
225 
78 
18 
125 
256 
336 
231 
163 
58 
8 
50 
20 
88 
135 
155 
117 
2 
62 
103 
116 
30 
27 
94 
69 
68 
87 
213 
221 
120 
20 
88 
169 
199 
114 
85 
178 
309 
313 
27 
394 
311 
150 
4 
89 
82 
110 
243 
222 
55 
1 
86 
109 
261 
298 
322 
280 
89 
83 
135 
203 
302 
152 
12 
193 
191 
199 
193 
48 
32 
233 
340 
11 
90 
142 
114 
79 
44 
160 
245 
186 
35 
188 
404 
285 
280 
311 
73 
96 
64 
184 
233 
399 
359 
241 
192 
57 
136 
404 
453 
414 
86 
101 
208 
198 
213 
239 
250 
197 
25 
86 
208 
244 
135 
77 
131 
99 
52 
180 
154 
31 
284 
199 
174 
34 
120 
151 
149 
161 
106 
38 
162 
76 
100 
38 
76 
19 
109 
117 
199 
212 
30 
366 
293 
167 
1 
156 
328 
218 
80 
179 
243 
199 
138 
140 
272 
287 
150 
19 
41 
119 
18 
56 
119 
179 
34 
75 
180 
63 
88 
112 
76 
72 
117 
106 
110 
80 
63 
11 
80 
81 
68 
205 
307 
177 
72 
149 
30 
183 
79 
12 
100 
148 
0 
71 
180 
178 
10 
47 
57 
259 
262 
206 
42 
35 
59 
20 
29 
205 
345 
285 
200 
220 
181 
158 
17 
74 
409 
685 
725 
528 
61 
274 
280 
345 
363 
397 
340 
178 
17 
112 
192 
164 
278 
277 
31 
134 
274 
112 
7 
0 
10 
109 
115 
147 
169 
1 
26 
66 
158 
146 
76 
68 
59 
54 
57 
50 
96 
88 
12 
38 
133 
215 
205 
76 
82 
109 
233 
288 
210 
82 
37 
46 
103 
151 
59 
0 
35 
44 
84 
78 
65 
4 
93 
158 
5 
126 
87 
2 
186 
176 
33 
157 
159 
10 
0 
4 
111 
66 
47 
49 
16 
1 
27 
48 
67 
75 
54 
25 
82 
3 
27 
25 
11 
38 
32 
4 
0 
31 
2 
3 
0 
162 
170 
83 
59 
58 
155 
218 
46 
81 
94 
75 
43 
9 
27 
7 
11 
9 
5 
6 
11 
54 
47 
13 
0 
16 
19 
32 
19 
23 
38 
63 
11 
73 
56 
104 
112 
132 
86 
66 
163 
334 
354 
271 
62 
9 
187 
235 
242 
197 
121 
57 
28 
3 
31 
46 
33 
32 
28 
25 
21 
53 
28 
37 
17 
52 
92 
151 
103 
45 
85 
177 
105 
34 
46 
108 
19 
12 
0 
7 
0 
0 
44 
1 
0 
18 
4 
48 
95 
44 
52 
84 
73 
140 
110 
35 
2 
2 
40 
94 
57 
21 
32 
24 
14 
11 
28 
14 
94 
193 
179 
154 
62 
35 
56 
67 
98 
73 
63 
96 
48 
15 
19 
33 
3 
3 
34 
31 
4 
16 
19 
13 
64 
53 
39 
34 
34 
43 
55 
48 
23 
10 
17 
4 
22 
9 
4 
3 
0 
22 
83 
19 
23 
67 
51 
14 
0 
3 
28 
20 
12 
9 
46 
108 
99 
103 
102 
12 
141 
216 
71 
20 
54 
26 
57 
73 
81 
117 
57 
23 
37 
71 
75 
3 
76 
97 
47 
10 
10 
26 
26 
31 
19 
68 
55 
4 
48 
1 
52 
37 
6 
8 
25 
10 
26 
9 
6 
10 
12 
15 
5 
23 
38 
34 
16 
6 
26 
16 
52 
7 
71 
46 
14 
11 
21 
10 
31 
36 
27 
11 
31 
39 
43 
27 
18 
36 
21 
2 
1 
7 
1 
25 
38 
34 
48 
39 
23 
6 
8 
0 
8 
10 
26 
29 
42 
29 
6 
1 
20 
34 
1 
28 
39 
4 
49 
1 
14 
34 
60 
63 
0 
43 
23 
60 
35 
13 
5 
19 
27 
23 
42 
16 
6 
1 
6 
12 
28 
13 
42 
2 
21 
13 
34 
40 
35 
46 
28 
7 
33 
15 
15 
31 
47 
58 
45 
34 
39 
33 
29 
13 
8 
28 
44 
4 
5 
6 
10 
2 
20 
4 
33 
53 
62 
37 
21 
11 
10 
6 
4 
26 
17 
0 
21 
39 
40 
15 
2 
10 
11 
2 
25 
33 
0 
14 
37 
62 
57 
18 
7 
18 
33 
28 
15 
11 
16 
31 
48 
43 
18 
13 
18 
9 
9 
10 
5 
12 
35 
45 
34 
12 
14 
43 
8 
20 
36 
86 
41 
2 
62 
40 
9 
2 
18 
16 
4 
4 
0 
5 
33 
41 
33 
21 
11 
11 
0 
3 
0 
17 
7 
4 
6 
16 
41 
33 
27 
26 
40 
35 
3 
27 
32 
48 
53 
50 
47 
45 
40 
43 
50 
30 
24 
19 
15 
2 
1 
6 
2 
9 
13 
17 
5 
21 
32 
47 
52 
5 
3 
16 
34 
42 
34 
4 
18 
17 
15 
12 
11 
8 
12 
35 
44 
48 
72 
41 
34 
27 
10 
15 
16 
0 
0 
9 
15 
18 
14 
4 
3 
12 
15 
50 
49 
62 
51 
33 
14 
2 
9 
10 
0 
4 
1 
18 
23 
30 
24 
34 
27 
21 
28 
32 
22 
1 
6 
8 
0 
3 
1 
5 
18 
30 
54 
46 
14 
5 
14 
39 
24 
9 
0 
14 
20 
16 
6 
5 
6 
27 
17 
11 
5 
32 
44 
50 
21 
16 
3 
7 
3 
2 
17 
20 
17 
13 
12 
22 
27 
36 
23 
28 
21 
27 
24 
12 
2 
3 
4 
0 
12 
5 
10 
4 
7 
16 
40 
40 
35 
12 
4 
1 
11 
2 
16 
24 
35 
28 
1 
11 
4 
11 
8 
12 
1 
3 
23 
32 
24 
8 
5 
4 
7 
7 
26 
25 
20 
28 
17 
5 
15 
31 
37 
15 
13 
27 
11 
19 
1 
10 
2 
3 
10 
21 
13 
14 
11 
28 
39 
32 
2 
12 
13 
7 
8 
8 
9 
8 
20 
13 
19 
12 
32 
46 
46 
36 
11 
0 
20 
65 
15 
1 
11 
16 
20 
19 
28 
44 
37 
23 
30 
30 
31 
23 
16 
3 
20 
13 
19 
22 
16 
7 
8 
33 
39 
43 
51 
37 
34 
13 
5 
0 
3 
3 
16 
8 
0 
7 
23 
28 
28 
8 
16 
16 
11 
23 
14 
11 
3 
9 
12 
20 
20 
24 
19 
7 
0 
10 
10 
12 
10 
18 
32 
36 
31 
23 
18 
20 
15 
4 
3 
1 
5 
1 
0 
14 
18 
32 
37 
30 
5 
1 
4 
7 
2 
0 
0 
7 
11 
11 
15 
21 
35 
11 
10 
34 
37 
30 
29 
16 
4 
0 
4 
0 
1 
1 
0 
12 
16 
27 
31 
23 
16 
19 
20 
13 
2 
1 
6 
16 
4 
12 
4 
24 
15 
23 
32 
29 
30 
19 
18 
1 
6 
8 
3 
1 
3 
0 
10 
4 
0 
7 
23 
40 
41 
50 
51 
25 
2 
21 
21 
37 
40 
2 
23 
18 
10 
7 
28 
40 
39 
31 
32 
29 
12 
8 
11 
3 
1 
11 
8 
3 
19 
30 
26 
32 
35 
38 
35 
10 
1 
6 
1 
6 
5 
8 
7 
2 
16 
15 
27 
20 
27 
32 
31 
22 
22 
7 
1 
2 
16 
23 
6 
26 
12 
13 
18 
20 
27 
28 
31 
22 
24 
26 
15 
1 
13 
1 
5 
12 
2 
6 
14 
13 
5 
18 
26 
34 
57 
54 
50 
26 
9 
10 
25 
17 
22 
13 
4 
6 
17 
8 
27 
38 
19 
10 
18 
29 
26 
14 
1 
1 
2 
13 
8 
3 
10 
23 
31 
20 
27 
32 
27 
13 
6 
6 
13 
10 
1 
15 
7 
11 
8 
24 
23 
25 
30 
40 
43 
30 
18 
7 
6 
1 
22 
9 
0 
11 
15 
11 
9 
15 
34 
28 
5 
1 
10 
1 
4 
0 
10 
32 
32 
23 
19 
4 
2 
24 
28 
15 
14 
13 
22 
17 
18 
2 
9 
3 
8 
1 
1 
0 
15 
23 
15 
10 
16 
19 
35 
32 
23 
1 
5 
4 
11 
10 
20 
23 
22 
16 
0 
11 
5 
18 
3 
23 
32 
27 
18 
6 
0 
3 
6 
12 
3 
3 
22 
36 
49 
38 
13 
2 
13 
20 
26 
23 
8 
2 
16 
28 
28 
16 
16 
12 
11 
3 
15 
0 
12 
23 
28 
15 
13 
7 
1 
0 
9 
13 
9 
3 
7 
1 
21 
31 
34 
23 
27 
24 
27 
7 
4 
0 
0 
2 
6 
14 
6 
5 
25 
23 
38 
28 
41 
42 
13 
6 
2 
6 
4 
0 
1 
8 
15 
0 
21 
11 
19 
33 
50 
48 
19 
10 
2 
4 
12 
9 
4 
16 
16 
8 
4 
11 
21 
27 
22 
15 
15 
20 
27 
8 
3 
0 
3 
3 
13 
3 
3 
27 
47 
62 
57 
38 
11 
20 
62 
67 
44 
0 
20 
8 
4 
12 
29 
47 
48 
40 
36 
40 
31 
10 
4 
11 
4 
4 
0 
4 
5 
11 
0 
12 
16 
36 
32 
43 
43 
24 
19 
16 
7 
0 
8 
3 
0 
3 
2 
14 
20 
17 
14 
24 
31 
36 
39 
21 
14 
9 
12 
15 
8 
10 
2 
5 
19 
18 
10 
16 
19 
39 
54 
35 
22 
10 
0 
6 
9 
24 
10 
5 
19 
18 
2 
12 
32 
37 
34 
25 
18 
11 
5 
9 
18 
1 
8 
3 
7 
14 
24 
31 
23 
3 
8 
0 
15 
24 
23 
32 
21 
18 
3 
3 
1 
4 
3 
18 
24 
15 
10 
9 
20 
11 
10 
5 
2 
6 
0 
15 
9 
17 
19 
10 
10 
16 
23 
31 
28 
27 
17 
42 
47 
9 
18 
17 
28 
27 
24 
0 
10 
36 
40 
15 
22 
40 
31 
17 
10 
10 
9 
0 
19 
14 
8 
3 
0 
2 
8 
6 
6 
24 
35 
21 
22 
23 
10 
2 
3 
0 
6 
12 
11 
0 
2 
24 
33 
34 
33 
22 
14 
15 
1 
0 
0 
1 
10 
1 
1 
0 
0 
14 
27 
35 
33 
26 
31 
23 
13 
9 
10 
6 
5 
16 
27 
20 
11 
1 
14 
16 
15 
27 
20 
7 
16 
21 
18 
0 
11 
15 
22 
24 
24 
7 
2 
0 
19 
30 
30 
21 
10 
10 
7 
13 
9 
0 
11 
20 
13 
10 
16 
31 
34 
22 
27 
25 
29 
30 
9 
1 
6 
10 
4 
3 
6 
5 
1 
2 
1 
10 
13 
30 
31 
46 
46 
16 
6 
11 
33 
40 
35 
0 
10 
11 
23 
22 
32 
43 
39 
44 
35 
33 
13 
9 
21 
20 
19 
16 
25 
11 
0 
7 
27 
30 
44 
41 
50 
39 
6 
1 
8 
19 
20 
9 
8 
7 
15 
25 
31 
42 
44 
35 
13 
3 
20 
22 
15 
0 
2 
7 
0 
7 
19 
15 
11 
13 
29 
43 
54 
49 
46 
31 
5 
17 
37 
24 
11 
8 
2 
6 
12 
19 
43 
46 
44 
39 
29 
26 
2 
4 
22 
11 
4 
17 
12 
8 
6 
10 
28 
27 
27 
40 
41 
28 
23 
9 
2 
1 
10 
1 
8 
11 
14 
11 
11 
4 
27 
28 
23 
25 
14 
12 
6 
39 
42 
1 
20 
34 
53 
39 
3 
29 
43 
38 
45 
30 
29 
38 
38 
23 
5 
17 
42 
14 
28 
64 
74 
45 
24 
11 
50 
68 
79 
54 
26 
0 
10 
17 
14 
1 
4 
23 
27 
14 
4 
2 
22 
17 
30 
49 
42 
32 
8 
9 
4 
8 
9 
9 
20 
3 
0 
9 
16 
20 
10 
28 
47 
54 
36 
21 
26 
44 
73 
30 
2 
21 
21 
16 
6 
2 
10 
7 
21 
9 
6 
6 
15 
16 
7 
2 
0 
15 
27 
10 
12 
3 
19 
24 
27 
26 
18 
19 
5 
2 
2 
8 
4 
3 
0 
12 
3 
7 
22 
19 
35 
40 
47 
45 
38 
16 
9 
12 
18 
23 
16 
17 
3 
7 
26 
24 
27 
34 
43 
18 
18 
7 
2 
6 
7 
8 
7 
8 
5 
2 
8 
2 
10 
12 
7 
8 
23 
22 
18 
13 
34 
57 
68 
31 
12 
34 
54 
43 
8 
9 
22 
35 
38 
34 
31 
17 
5 
12 
5 
43 
59 
7 
36 
49 
44 
10 
19 
38 
72 
79 
62 
22 
4 
22 
25 
34 
29 
19 
8 
7 
11 
17 
27 
46 
36 
25 
26 
45 
42 
23 
10 
18 
5 
0 
20 
34 
9 
2 
6 
23 
8 
19 
29 
30 
38 
33 
14 
6 
6 
5 
2 
2 
3 
3 
8 
11 
20 
31 
22 
14 
19 
17 
10 
5 
6 
1 
4 
7 
14 
24 
17 
22 
21 
30 
23 
9 
1 
12 
18 
11 
89 
74 
66 
43 
28 
23 
28 
30 
71 
58 
46 
29 
10 
13 
13 
2 
50 
46 
23 
13 
6 
13 
20 
15 
9 
2 
2 
11 
27 
15 
7 
7 
19 
25 
9 
6 
6 
22 
27 
23 
29 
43 
33 
2 
24 
39 
34 
32 
28 
15 
33 
42 
37 
34 
17 
24 
11 
2 
1 
27 
21 
25 
25 
9 
7 
3 
4 
4 
2 
2 
10 
11 
10 
10 
13 
22 
32 
44 
36 
24 
18 
14 
18 
19 
21 
16 
1 
42 
59 
49 
30 
40 
46 
13 
34 
57 
50 
22 
5 
0 
5 
14 
25 
22 
16 
23 
18 
31 
47 
41 
18 
14 
6 
9 
10 
22 
34 
13 
5 
13 
14 
11 
31 
44 
39 
22 
6 
7 
11 
21 
9 
1 
1 
10 
10 
9 
12 
15 
8 
11 
0 
19 
37 
36 
32 
20 
4 
4 
34 
26 
1 
26 
20 
18 
25 
17 
18 
1 
0 
31 
32 
43 
46 
34 
5 
11 
24 
15 
7 
9 
9 
31 
34 
48 
37 
30 
25 
30 
26 
2 
2 
13 
1 
1 
1 
1 
0 
5 
10 
2 
13 
22 
2 
89 
82 
59 
19 
0 
8 
4 
10 
17 
13 
12 
15 
28 
9 
18 
25 
46 
29 
22 
18 
6 
7 
9 
16 
18 
9 
4 
0 
14 
24 
27 
31 
32 
23 
30 
30 
35 
17 
1 
2 
18 
2 
4 
9 
42 
47 
29 
10 
30 
22 
26 
26 
17 
1 
25 
30 
19 
0 
1 
1 
5 
3 
24 
40 
40 
31 
91 
142 
129 
48 
8 
39 
79 
102 
92 
76 
64 
32 
12 
101 
113 
79 
54 
14 
45 
50 
25 
3 
7 
35 
35 
23 
15 
15 
7 
16 
48 
48 
21 
17 
2 
26 
53 
46 
18 
11 
25 
28 
38 
17 
12 
19 
23 
22 
36 
41 
46 
33 
26 
16 
22 
7 
4 
10 
1 
6 
1 
2 
6 
1 
1 
14 
25 
44 
39 
39 
13 
2 
5 
5 
2 
2 
6 
1 
6 
4 
4 
2 
23 
31 
36 
35 
17 
14 
10 
7 
4 
9 
1 
1 
10 
3 
0 
13 
8 
15 
10 
15 
67 
94 
78 
27 
4 
8 
13 
37 
10 
19 
45 
56 
58 
57 
36 
2 
37 
59 
54 
50 
28 
7 
4 
8 
4 
16 
30 
28 
33 
15 
10 
36 
53 
50 
34 
37 
52 
24 
21 
58 
52 
50 
51 
48 
38 
14 
13 
43 
52 
74 
82 
82 
68 
47 
40 
23 
1 
11 
32 
34 
29 
24 
27 
30 
13 
16 
23 
39 
52 
37 
42 
28 
23 
8 
3 
4 
9 
3 
3 
3 
15 
28 
25 
38 
33 
22 
19 
15 
1 
4 
0 
0 
0 
4 
3 
50 
61 
70 
52 
16 
17 
34 
32 
32 
24 
16 
3 
3 
30 
12 
3 
23 
38 
34 
8 
12 
1 
19 
11 
0 
3 
10 
15 
21 
15 
10 
12 
16 
7 
6 
8 
12 
29 
30 
21 
6 
9 
18 
7 
6 
3 
11 
18 
14 
12 
11 
19 
28 
17 
20 
7 
17 
18 
2 
1 
2 
10 
2 
1 
0 
0 
42 
40 
17 
18 
25 
42 
16 
1 
20 
16 
18 
9 
12 
4 
10 
22 
30 
10 
28 
40 
29 
14 
5 
2 
14 
13 
4 
2 
12 
11 
9 
3 
1 
4 
1 
17 
39 
34 
36 
13 
18 
13 
2 
10 
5 
0 
35 
47 
39 
12 
9 
1 
15 
16 
0 
51 
42 
46 
37 
1 
3 
12 
20 
40 
35 
8 
16 
4 
7 
8 
38 
58 
50 
42 
31 
19 
11 
28 
33 
23 
0 
12 
42 
34 
34 
46 
28 
15 
15 
5 
1 
5 
14 
17 
14 
19 
19 
16 
0 
7 
18 
23 
23 
8 
23 
30 
26 
15 
5 
17 
30 
6 
12 
14 
1 
5 
1 
18 
21 
0 
19 
34 
29 
66 
23 
1 
21 
40 
35 
24 
12 
3 
12 
21 
35 
52 
72 
76 
61 
46 
15 
0 
22 
30 
37 
29 
12 
3 
9 
0 
7 
0 
4 
19 
47 
79 
87 
64 
31 
5 
9 
37 
54 
41 
7 
3 
31 
51 
54 
36 
23 
16 
3 
2 
0 
11 
9 
2 
2 
5 
0 
0 
3 
6 
14 
20 
24 
25 
30 
24 
27 
9 
2 
4 
15 
0 
6 
0 
0 
33 
47 
30 
5 
1 
10 
6 
11 
4 
11 
8 
15 
12 
7 
19 
30 
32 
23 
3 
1 
0 
11 
32 
23 
5 
2 
19 
8 
3 
0 
11 
35 
34 
11 
4 
5 
13 
66 
69 
60 
32 
2 
29 
62 
88 
98 
49 
23 
16 
45 
59 
68 
101 
57 
23 
