39 
23 
14 
13 
0 
8 
1 
2 
7 
8 
1 
13 
24 
23 
30 
24 
27 
29 
11 
13 
0 
1 
10 
0 
8 
6 
5 
0 
8 
7 
15 
30 
29 
24 
15 
30 
24 
1 
2 
0 
8 
1 
5 
13 
16 
16 
15 
38 
21 
23 
22 
24 
3 
10 
15 
8 
1 
5 
2 
0 
8 
16 
16 
23 
23 
30 
37 
39 
22 
13 
8 
1 
5 
0 
0 
2 
14 
21 
8 
15 
14 
29 
40 
35 
21 
15 
6 
0 
1 
5 
0 
1 
13 
8 
0 
6 
8 
15 
22 
21 
24 
30 
24 
22 
8 
9 
8 
7 
6 
7 
0 
6 
13 
16 
7 
30 
32 
11 
13 
0 
9 
5 
8 
0 
6 
5 
0 
0 
0 
7 
15 
30 
37 
40 
35 
13 
23 
14 
7 
15 
8 
10 
6 
2 
0 
16 
23 
38 
37 
39 
38 
29 
3 
2 
7 
17 
10 
0 
8 
5 
6 
5 
16 
23 
35 
45 
40 
27 
13 
8 
9 
0 
0 
5 
1 
5 
8 
7 
7 
10 
14 
29 
40 
39 
22 
5 
0 
9 
5 
2 
0 
8 
0 
8 
13 
10 
46 
45 
47 
46 
32 
19 
13 
8 
0 
9 
2 
0 
0 
8 
2 
22 
37 
32 
23 
30 
24 
3 
2 
0 
7 
1 
13 
24 
4 
5 
16 
15 
22 
13 
24 
22 
21 
8 
6 
5 
0 
1 
2 
0 
0 
0 
1 
5 
5 
16 
24 
31 
30 
21 
24 
23 
30 
8 
3 
5 
8 
0 
8 
17 
10 
21 
24 
15 
38 
29 
15 
14 
29 
16 
1 
2 
7 
8 
17 
18 
7 
0 
0 
16 
32 
72 
46 
29 
19 
21 
0 
24 
1 
2 
10 
7 
7 
0 
15 
15 
15 
39 
31 
10 
14 
21 
21 
13 
16 
24 
8 
8 
0 
0 
8 
0 
8 
16 
32 
39 
46 
29 
16 
7 
6 
13 
24 
0 
0 
8 
8 
5 
6 
29 
21 
40 
39 
22 
0 
0 
6 
13 
0 
7 
8 
2 
13 
13 
2 
18 
54 
69 
48 
30 
24 
14 
13 
15 
6 
10 
15 
16 
16 
21 
1 
13 
37 
40 
23 
14 
29 
24 
7 
1 
13 
16 
0 
8 
5 
1 
5 
16 
24 
23 
14 
21 
21 
23 
1 
13 
16 
15 
14 
5 
0 
0 
15 
22 
13 
15 
14 
29 
16 
6 
2 
8 
0 
1 
2 
7 
7 
16 
24 
16 
23 
39 
30 
29 
45 
40 
23 
30 
40 
15 
25 
26 
18 
18 
18 
10 
13 
29 
5 
24 
32 
23 
22 
29 
21 
8 
0 
0 
0 
5 
5 
6 
13 
21 
21 
8 
16 
23 
31 
30 
29 
23 
22 
5 
0 
8 
0 
2 
1 
5 
5 
8 
8 
7 
14 
29 
29 
32 
23 
6 
5 
8 
0 
1 
5 
0 
0 
7 
7 
14 
21 
29 
32 
15 
22 
16 
15 
6 
13 
16 
7 
6 
5 
0 
0 
0 
6 
13 
5 
16 
8 
23 
22 
13 
16 
2 
1 
10 
18 
18 
13 
13 
13 
32 
31 
30 
45 
40 
15 
6 
13 
0 
8 
5 
17 
18 
10 
1 
14 
21 
21 
40 
39 
14 
21 
29 
16 
0 
16 
9 
2 
10 
10 
8 
32 
32 
23 
31 
30 
13 
16 
23 
38 
13 
0 
7 
0 
8 
13 
1 
13 
24 
24 
23 
23 
22 
21 
24 
15 
14 
2 
8 
0 
21 
21 
21 
5 
26 
34 
22 
21 
40 
39 
30 
21 
24 
15 
6 
2 
7 
23 
15 
0 
0 
23 
15 
22 
29 
32 
8 
7 
38 
61 
24 
1 
2 
0 
0 
8 
7 
26 
30 
13 
8 
22 
29 
24 
22 
21 
8 
16 
17 
10 
7 
0 
7 
38 
37 
8 
7 
22 
21 
16 
22 
21 
16 
1 
5 
0 
7 
8 
1 
13 
13 
16 
16 
7 
30 
29 
24 
22 
29 
16 
0 
1 
13 
15 
6 
10 
16 
14 
5 
7 
22 
13 
8 
7 
14 
13 
7 
16 
6 
21 
2 
15 
16 
8 
0 
0 
39 
46 
37 
32 
47 
22 
16 
11 
21 
0 
16 
17 
2 
10 
7 
0 
7 
18 
6 
13 
21 
24 
24 
31 
30 
29 
16 
3 
5 
8 
8 
2 
6 
5 
8 
7 
14 
45 
32 
0 
1 
2 
16 
15 
6 
5 
8 
0 
0 
22 
29 
40 
27 
29 
24 
9 
10 
8 
1 
5 
7 
23 
31 
0 
7 
15 
23 
39 
54 
69 
83 
68 
61 
54 
51 
36 
37 
22 
11 
4 
4 
2 
6 
4 
3 
10 
9 
19 
18 
28 
26 
20 
10 
8 
1 
2 
0 
3 
5 
16 
23 
30 
40 
27 
29 
15 
22 
16 
14 
8 
12 
5 
8 
6 
21 
3 
10 
8 
3 
13 
8 
19 
29 
16 
30 
24 
6 
8 
1 
2 
8 
6 
21 
15 
14 
16 
14 
21 
27 
29 
3 
2 
7 
17 
10 
7 
7 
0 
6 
5 
8 
15 
38 
37 
31 
30 
8 
8 
9 
2 
8 
7 
1 
13 
16 
7 
14 
21 
32 
19 
13 
16 
7 
30 
13 
15 
14 
16 
9 
10 
0 
14 
21 
16 
22 
21 
7 
14 
0 
7 
14 
13 
15 
14 
8 
8 
1 
16 
23 
14 
13 
16 
30 
29 
35 
13 
3 
13 
7 
24 
25 
10 
5 
0 
7 
30 
37 
31 
30 
40 
30 
13 
7 
14 
8 
24 
33 
2 
2 
0 
0 
6 
29 
32 
23 
14 
21 
23 
6 
13 
0 
0 
5 
22 
5 
0 
14 
37 
24 
3 
5 
8 
31 
14 
29 
23 
22 
8 
4 
2 
0 
0 
1 
5 
8 
0 
1 
5 
21 
32 
35 
21 
16 
4 
2 
8 
8 
0 
1 
2 
13 
8 
15 
38 
40 
35 
37 
27 
29 
8 
9 
18 
7 
16 
24 
24 
5 
14 
29 
24 
31 
22 
29 
40 
27 
37 
24 
1 
2 
7 
16 
9 
2 
0 
0 
7 
6 
29 
40 
27 
37 
32 
22 
5 
16 
13 
9 
2 
10 
0 
23 
19 
13 
40 
43 
29 
23 
22 
24 
11 
2 
15 
0 
9 
10 
15 
0 
7 
1 
5 
16 
24 
31 
38 
29 
31 
22 
2 
0 
0 
2 
14 
16 
7 
6 
5 
16 
23 
30 
24 
7 
1 
13 
0 
8 
1 
5 
5 
0 
0 
0 
1 
13 
21 
24 
31 
30 
29 
24 
0 
1 
2 
16 
8 
7 
6 
10 
0 
0 
0 
32 
43 
37 
24 
19 
21 
0 
7 
10 
6 
13 
7 
0 
6 
5 
16 
23 
30 
13 
0 
0 
14 
13 
16 
0 
6 
5 
0 
0 
8 
2 
1 
37 
48 
31 
22 
13 
16 
15 
6 
2 
0 
8 
0 
21 
25 
2 
5 
13 
13 
29 
32 
24 
15 
14 
29 
32 
15 
10 
6 
10 
15 
15 
0 
15 
23 
23 
26 
38 
29 
31 
14 
21 
8 
0 
8 
1 
2 
10 
0 
16 
15 
22 
21 
32 
23 
14 
21 
24 
23 
14 
0 
0 
0 
1 
10 
2 
16 
8 
7 
30 
45 
24 
6 
5 
0 
9 
2 
5 
8 
0 
7 
6 
21 
24 
23 
22 
21 
24 
7 
5 
13 
29 
29 
21 
24 
24 
15 
14 
5 
8 
4 
10 
31 
56 
37 
37 
61 
45 
13 
13 
17 
18 
2 
24 
23 
7 
1 
10 
15 
31 
24 
24 
32 
21 
21 
5 
13 
9 
2 
5 
8 
0 
8 
8 
29 
37 
37 
29 
24 
16 
8 
16 
24 
16 
16 
7 
0 
0 
8 
0 
8 
24 
24 
31 
23 
10 
22 
29 
29 
24 
15 
10 
9 
26 
10 
2 
13 
8 
16 
8 
16 
24 
31 
22 
29 
21 
8 
0 
0 
16 
24 
7 
7 
2 
10 
18 
26 
22 
45 
45 
24 
15 
10 
1 
2 
10 
0 
8 
7 
0 
7 
15 
15 
10 
34 
22 
21 
21 
24 
15 
7 
6 
2 
5 
0 
15 
7 
0 
24 
24 
15 
23 
26 
22 
13 
2 
0 
0 
0 
16 
24 
24 
7 
5 
2 
18 
30 
29 
32 
24 
0 
7 
18 
6 
5 
2 
24 
8 
8 
0 
0 
10 
18 
26 
38 
37 
40 
15 
22 
13 
8 
7 
9 
2 
10 
10 
7 
8 
15 
23 
26 
38 
37 
32 
0 
10 
14 
13 
7 
8 
8 
5 
13 
2 
10 
26 
54 
53 
39 
22 
5 
16 
23 
14 
5 
15 
24 
16 
13 
5 
6 
37 
37 
24 
16 
7 
6 
13 
13 
32 
16 
7 
6 
5 
7 
0 
15 
18 
22 
21 
32 
39 
22 
13 
7 
14 
13 
8 
8 
21 
9 
2 
8 
16 
15 
10 
1 
13 
21 
5 
8 
40 
30 
5 
5 
0 
7 
2 
1 
5 
13 
24 
24 
15 
14 
21 
24 
23 
18 
1 
2 
0 
7 
16 
16 
2 
10 
10 
14 
29 
29 
32 
31 
38 
21 
15 
1 
5 
10 
15 
23 
16 
8 
7 
39 
31 
38 
37 
32 
0 
6 
21 
24 
0 
8 
8 
0 
5 
1 
5 
13 
13 
13 
8 
48 
31 
22 
37 
40 
8 
17 
13 
5 
0 
15 
7 
15 
14 
13 
21 
40 
47 
38 
24 
6 
2 
7 
16 
0 
9 
5 
13 
8 
0 
0 
15 
30 
45 
29 
8 
7 
14 
13 
8 
7 
6 
5 
0 
0 
0 
16 
10 
54 
53 
31 
30 
32 
19 
13 
8 
11 
13 
7 
16 
25 
26 
10 
8 
16 
24 
35 
37 
32 
22 
13 
0 
15 
22 
5 
8 
17 
10 
0 
0 
10 
30 
37 
40 
15 
22 
16 
3 
5 
0 
7 
9 
10 
10 
7 
7 
0 
23 
30 
37 
32 
23 
22 
13 
16 
0 
6 
13 
8 
8 
21 
9 
5 
21 
24 
24 
31 
22 
21 
24 
7 
6 
5 
16 
7 
1 
10 
2 
0 
0 
23 
38 
29 
23 
22 
13 
8 
15 
22 
8 
8 
8 
1 
2 
10 
0 
0 
7 
15 
22 
45 
32 
15 
1 
5 
26 
18 
29 
24 
24 
15 
22 
32 
31 
46 
32 
23 
30 
16 
11 
10 
0 
3 
5 
8 
8 
9 
2 
7 
7 
7 
22 
21 
24 
15 
30 
21 
23 
6 
2 
8 
8 
2 
1 
2 
0 
16 
23 
26 
30 
21 
24 
15 
22 
16 
7 
5 
6 
2 
0 
8 
7 
6 
13 
21 
24 
23 
22 
29 
16 
0 
6 
21 
32 
0 
9 
18 
5 
8 
0 
0 
7 
7 
10 
22 
37 
13 
8 
7 
30 
37 
8 
9 
5 
5 
0 
8 
10 
22 
5 
8 
16 
15 
0 
10 
38 
21 
8 
0 
2 
1 
2 
8 
16 
15 
15 
6 
21 
32 
24 
15 
6 
2 
0 
7 
0 
7 
0 
0 
7 
10 
18 
22 
29 
40 
32 
15 
22 
13 
8 
8 
2 
6 
2 
5 
0 
0 
23 
34 
30 
13 
16 
15 
6 
13 
13 
0 
0 
8 
8 
8 
18 
46 
32 
24 
7 
14 
21 
32 
7 
5 
9 
10 
2 
29 
8 
0 
26 
14 
5 
0 
24 
32 
23 
14 
29 
24 
15 
6 
5 
0 
16 
16 
5 
5 
2 
5 
26 
30 
21 
21 
16 
24 
15 
23 
30 
29 
24 
15 
6 
10 
7 
7 
7 
10 
14 
29 
32 
15 
14 
21 
16 
7 
6 
2 
0 
8 
0 
1 
13 
13 
24 
31 
30 
29 
24 
6 
5 
8 
8 
8 
13 
5 
6 
13 
8 
7 
30 
37 
32 
23 
46 
45 
31 
14 
0 
17 
18 
7 
8 
8 
2 
6 
5 
16 
23 
14 
21 
56 
51 
13 
0 
6 
0 
8 
9 
13 
5 
7 
0 
6 
13 
16 
23 
38 
37 
23 
14 
8 
3 
2 
8 
15 
1 
5 
8 
4 
2 
10 
0 
8 
7 
31 
38 
45 
19 
5 
16 
3 
5 
8 
7 
1 
2 
8 
11 
29 
32 
27 
29 
16 
6 
10 
8 
1 
5 
8 
7 
1 
5 
8 
7 
6 
29 
32 
30 
21 
0 
1 
2 
0 
0 
10 
14 
13 
16 
15 
22 
13 
15 
22 
18 
15 
16 
24 
21 
5 
2 
2 
26 
23 
15 
15 
15 
23 
23 
26 
26 
30 
21 
24 
23 
22 
29 
32 
38 
40 
27 
29 
11 
13 
4 
5 
8 
17 
18 
23 
23 
8 
5 
6 
5 
8 
15 
14 
37 
32 
23 
15 
14 
16 
23 
38 
21 
7 
17 
5 
8 
8 
14 
13 
0 
8 
6 
13 
8 
8 
39 
54 
16 
3 
5 
8 
23 
6 
8 
7 
1 
2 
0 
7 
14 
29 
32 
22 
29 
0 
6 
5 
0 
9 
2 
8 
0 
13 
1 
5 
16 
16 
15 
22 
21 
24 
23 
14 
5 
10 
0 
0 
7 
15 
14 
13 
24 
23 
14 
29 
40 
22 
13 
0 
4 
2 
8 
7 
8 
1 
2 
10 
0 
8 
15 
15 
26 
22 
13 
8 
8 
15 
14 
13 
16 
15 
7 
1 
13 
24 
7 
0 
10 
22 
13 
16 
15 
15 
6 
5 
8 
0 
8 
0 
10 
22 
21 
32 
15 
22 
21 
15 
6 
2 
2 
0 
8 
7 
2 
14 
13 
16 
15 
6 
21 
21 
16 
15 
14 
13 
16 
7 
5 
9 
18 
5 
13 
0 
32 
23 
22 
29 
40 
11 
21 
24 
23 
1 
10 
0 
7 
7 
1 
2 
0 
8 
15 
15 
30 
32 
31 
22 
24 
0 
9 
5 
5 
0 
0 
1 
5 
5 
0 
0 
7 
23 
26 
14 
21 
32 
15 
14 
5 
8 
0 
0 
2 
1 
5 
13 
24 
24 
23 
14 
29 
24 
15 
14 
5 
16 
0 
8 
17 
10 
2 
0 
8 
32 
24 
23 
30 
37 
16 
7 
22 
13 
8 
0 
15 
16 
7 
6 
5 
13 
32 
32 
39 
30 
13 
0 
8 
14 
21 
16 
8 
8 
9 
2 
2 
8 
16 
23 
23 
46 
37 
31 
30 
21 
7 
1 
16 
7 
17 
18 
10 
8 
7 
22 
45 
48 
30 
24 
4 
5 
0 
7 
22 
13 
7 
17 
10 
0 
16 
0 
18 
22 
37 
32 
7 
6 
21 
16 
7 
14 
5 
0 
0 
8 
9 
5 
29 
32 
23 
14 
21 
16 
23 
14 
5 
0 
7 
6 
2 
2 
0 
15 
26 
38 
21 
23 
30 
24 
11 
21 
8 
6 
5 
0 
24 
21 
9 
5 
24 
15 
30 
53 
43 
37 
27 
21 
11 
5 
0 
6 
15 
16 
9 
2 
0 
0 
14 
24 
23 
22 
16 
7 
14 
8 
16 
1 
5 
8 
8 
0 
1 
5 
16 
8 
7 
15 
30 
29 
48 
38 
16 
6 
13 
0 
24 
25 
5 
16 
7 
14 
29 
32 
30 
29 
39 
30 
16 
6 
0 
8 
17 
10 
7 
0 
16 
17 
5 
32 
31 
38 
48 
27 
13 
0 
8 
6 
21 
8 
8 
6 
2 
7 
0 
15 
22 
13 
24 
31 
6 
2 
0 
8 
7 
2 
17 
2 
13 
5 
0 
16 
32 
31 
15 
18 
30 
13 
16 
7 
10 
6 
5 
16 
16 
23 
14 
5 
16 
7 
2 
6 
13 
16 
0 
7 
7 
1 
13 
5 
16 
0 
8 
15 
7 
18 
30 
29 
32 
23 
22 
21 
8 
0 
5 
6 
13 
0 
7 
6 
13 
8 
31 
30 
29 
8 
3 
13 
8 
0 
5 
22 
13 
8 
0 
14 
5 
8 
23 
30 
32 
23 
22 
13 
7 
1 
10 
7 
7 
7 
1 
10 
8 
7 
26 
30 
37 
32 
19 
21 
16 
4 
2 
0 
7 
7 
5 
9 
2 
2 
0 
8 
23 
30 
45 
32 
11 
13 
24 
7 
1 
5 
2 
7 
16 
8 
7 
18 
22 
29 
32 
31 
14 
13 
16 
15 
6 
2 
8 
7 
5 
1 
2 
0 
0 
0 
32 
71 
54 
32 
22 
5 
0 
22 
21 
0 
16 
17 
10 
0 
8 
15 
30 
21 
16 
0 
6 
13 
21 
8 
0 
6 
5 
2 
7 
0 
7 
18 
14 
21 
21 
16 
15 
31 
38 
8 
0 
2 
1 
10 
5 
16 
8 
7 
14 
21 
13 
24 
35 
45 
24 
7 
14 
5 
7 
8 
9 
18 
0 
8 
0 
0 
22 
37 
37 
32 
23 
14 
5 
7 
0 
10 
6 
13 
8 
8 
0 
2 
6 
37 
45 
40 
31 
22 
5 
0 
25 
18 
0 
7 
1 
5 
5 
16 
0 
23 
23 
38 
29 
16 
8 
7 
5 
22 
21 
16 
7 
1 
2 
0 
8 
7 
15 
38 
29 
24 
7 
1 
2 
8 
15 
15 
2 
1 
2 
2 
0 
8 
15 
34 
46 
37 
24 
15 
6 
13 
15 
1 
5 
8 
16 
13 
1 
13 
13 
24 
16 
23 
23 
22 
21 
21 
8 
15 
26 
6 
10 
7 
0 
0 
2 
6 
21 
24 
23 
15 
14 
5 
24 
8 
0 
8 
7 
10 
6 
13 
8 
0 
23 
15 
34 
46 
29 
16 
32 
0 
17 
21 
32 
7 
9 
2 
8 
16 
31 
22 
2 
0 
0 
6 
5 
8 
7 
30 
29 
2 
7 
7 
23 
14 
21 
32 
16 
7 
1 
5 
5 
32 
14 
2 
0 
0 
6 
29 
24 
8 
16 
1 
5 
24 
31 
22 
29 
24 
15 
1 
10 
0 
16 
15 
22 
37 
11 
5 
8 
6 
13 
8 
0 
23 
22 
53 
19 
5 
11 
2 
8 
9 
2 
8 
8 
6 
21 
24 
7 
9 
2 
0 
8 
1 
5 
37 
48 
40 
15 
14 
2 
7 
32 
33 
18 
16 
23 
30 
29 
21 
8 
16 
40 
40 
15 
0 
14 
29 
24 
11 
2 
3 
5 
7 
1 
16 
43 
21 
40 
38 
21 
0 
12 
58 
104 
73 
42 
38 
18 
58 
79 
88 
88 
40 
16 
40 
31 
26 
6 
2 
23 
40 
17 
13 
56 
46 
37 
35 
2 
31 
32 
33 
2 
0 
7 
30 
45 
64 
46 
69 
32 
17 
10 
35 
37 
11 
5 
43 
56 
30 
23 
36 
26 
31 
17 
2 
1 
28 
0 
54 
24 
15 
46 
21 
8 
16 
47 
54 
13 
0 
9 
7 
1 
2 
4 
10 
32 
17 
15 
24 
8 
16 
7 
6 
10 
2 
15 
71 
135 
99 
69 
60 
29 
11 
52 
69 
70 
43 
28 
51 
59 
74 
44 
8 
22 
37 
35 
53 
19 
10 
32 
6 
52 
53 
6 
12 
2 
33 
59 
21 
48 
78 
44 
2 
6 
3 
3 
13 
3 
7 
17 
21 
30 
36 
50 
47 
48 
64 
27 
13 
7 
45 
109 
88 
43 
37 
19 
61 
75 
133 
163 
68 
4 
43 
108 
148 
132 
68 
34 
12 
13 
40 
39 
7 
15 
15 
39 
78 
20 
34 
47 
32 
48 
136 
115 
45 
3 
23 
1 
35 
2 
15 
57 
98 
66 
26 
23 
15 
5 
48 
24 
71 
119 
95 
142 
128 
70 
32 
17 
76 
50 
36 
26 
36 
23 
25 
31 
25 
0 
7 
18 
18 
58 
58 
26 
2 
39 
94 
93 
139 
108 
68 
67 
18 
99 
172 
161 
137 
76 
18 
31 
47 
103 
190 
189 
107 
29 
121 
127 
49 
29 
43 
61 
36 
87 
89 
7 
22 
21 
23 
40 
40 
79 
14 
26 
47 
88 
185 
146 
14 
26 
31 
32 
62 
53 
32 
54 
9 
20 
51 
82 
92 
26 
16 
39 
58 
62 
69 
17 
29 
55 
78 
100 
49 
13 
46 
92 
254 
273 
137 
84 
51 
4 
81 
92 
63 
57 
79 
56 
15 
62 
45 
40 
47 
87 
86 
35 
133 
150 
11 
27 
44 
59 
20 
37 
30 
54 
75 
116 
116 
100 
18 
16 
32 
32 
37 
65 
98 
106 
74 
66 
6 
50 
72 
89 
98 
39 
24 
16 
17 
69 
85 
111 
174 
164 
133 
62 
20 
84 
138 
161 
167 
136 
64 
15 
80 
120 
166 
160 
150 
120 
59 
5 
12 
18 
50 
7 
6 
52 
60 
19 
84 
36 
28 
36 
28 
3 
2 
15 
23 
26 
8 
16 
19 
13 
7 
9 
2 
23 
31 
55 
55 
126 
219 
146 
17 
40 
94 
107 
51 
15 
57 
103 
37 
58 
82 
34 
58 
114 
110 
85 
4 
26 
33 
43 
52 
20 
20 
4 
11 
91 
163 
154 
104 
33 
29 
69 
80 
24 
7 
25 
74 
175 
166 
108 
2 
92 
42 
15 
12 
29 
1 
51 
51 
42 
6 
64 
190 
147 
75 
11 
114 
132 
18 
54 
64 
78 
67 
12 
2 
76 
114 
79 
31 
0 
7 
16 
48 
191 
126 
68 
89 
53 
57 
113 
105 
60 
0 
78 
120 
78 
3 
74 
116 
74 
58 
34 
33 
79 
84 
50 
10 
47 
22 
45 
8 
91 
205 
130 
41 
27 
74 
160 
25 
69 
168 
227 
297 
305 
223 
179 
73 
46 
83 
109 
134 
196 
401 
340 
166 
37 
108 
202 
151 
32 
47 
30 
0 
14 
19 
34 
48 
1 
29 
32 
56 
87 
95 
102 
133 
16 
33 
52 
66 
73 
55 
33 
64 
243 
292 
249 
23 
222 
323 
359 
389 
284 
129 
14 
107 
236 
375 
293 
101 
0 
7 
31 
75 
101 
4 
74 
159 
267 
165 
6 
139 
194 
116 
42 
58 
1 
15 
4 
21 
59 
58 
135 
183 
47 
23 
61 
109 
70 
165 
212 
249 
204 
167 
141 
125 
181 
115 
37 
121 
185 
193 
148 
79 
16 
10 
34 
37 
123 
100 
57 
30 
50 
6 
30 
70 
114 
129 
96 
61 
13 
42 
138 
262 
213 
87 
9 
111 
127 
64 
35 
21 
79 
231 
238 
55 
241 
154 
135 
72 
16 
48 
7 
31 
8 
56 
352 
427 
268 
4 
141 
216 
254 
276 
225 
145 
73 
31 
23 
132 
50 
36 
10 
22 
71 
153 
151 
89 
82 
168 
176 
98 
38 
19 
162 
376 
120 
100 
338 
383 
430 
442 
373 
180 
6 
160 
230 
200 
184 
147 
177 
97 
92 
217 
257 
193 
63 
3 
53 
88 
86 
101 
171 
153 
265 
401 
342 
163 
188 
356 
388 
298 
174 
3 
74 
52 
75 
218 
300 
170 
23 
87 
94 
64 
22 
32 
113 
135 
112 
31 
1 
170 
167 
87 
152 
141 
5 
102 
212 
164 
79 
73 
138 
158 
0 
152 
128 
136 
208 
168 
86 
70 
54 
50 
49 
19 
114 
167 
70 
75 
42 
72 
43 
221 
251 
210 
215 
111 
104 
224 
190 
179 
226 
114 
2 
18 
38 
53 
6 
109 
96 
62 
22 
29 
17 
24 
25 
60 
204 
196 
231 
176 
136 
139 
100 
27 
112 
63 
66 
106 
206 
244 
228 
207 
128 
32 
107 
21 
36 
52 
4 
10 
0 
47 
119 
214 
123 
106 
63 
184 
392 
292 
132 
106 
55 
41 
2 
35 
2 
60 
2 
8 
88 
88 
54 
76 
146 
96 
96 
126 
132 
105 
84 
71 
182 
144 
115 
61 
8 
0 
14 
7 
43 
28 
36 
47 
21 
39 
144 
128 
30 
12 
236 
292 
295 
373 
221 
5 
97 
220 
235 
362 
230 
212 
169 
208 
406 
311 
129 
37 
164 
177 
265 
220 
82 
61 
165 
134 
180 
173 
86 
36 
35 
50 
9 
43 
23 
152 
200 
158 
304 
458 
249 
152 
45 
178 
343 
326 
316 
345 
264 
176 
51 
59 
43 
56 
14 
92 
212 
131 
155 
202 
212 
106 
58 
9 
29 
91 
164 
95 
192 
109 
20 
154 
167 
304 
371 
340 
362 
358 
231 
133 
40 
37 
102 
459 
604 
598 
532 
359 
70 
141 
207 
294 
333 
338 
296 
152 
75 
19 
48 
50 
42 
87 
105 
150 
221 
234 
245 
213 
84 
36 
47 
80 
7 
115 
45 
134 
166 
146 
145 
10 
55 
66 
42 
21 
12 
130 
71 
143 
155 
77 
3 
56 
206 
293 
82 
14 
235 
389 
423 
414 
331 
242 
76 
162 
244 
228 
212 
165 
118 
64 
142 
139 
71 
65 
46 
98 
260 
154 
88 
49 
2 
56 
103 
103 
32 
48 
56 
48 
24 
23 
71 
167 
331 
337 
352 
380 
441 
255 
23 
80 
278 
260 
260 
255 
221 
245 
48 
57 
172 
211 
195 
195 
111 
25 
0 
40 
136 
171 
92 
19 
109 
246 
234 
305 
314 
26 
77 
65 
103 
129 
39 
63 
22 
79 
175 
55 
4 
25 
1 
35 
100 
161 
140 
26 
119 
246 
131 
4 
179 
315 
426 
440 
336 
206 
114 
95 
254 
285 
253 
200 
91 
181 
227 
106 
78 
133 
222 
171 
67 
61 
86 
131 
267 
463 
501 
433 
129 
40 
95 
191 
298 
398 
349 
218 
19 
200 
182 
202 
345 
303 
24 
135 
184 
243 
380 
438 
428 
303 
201 
90 
80 
334 
442 
528 
419 
399 
181 
82 
58 
95 
216 
161 
143 
176 
231 
126 
83 
154 
54 
74 
23 
87 
176 
181 
59 
5 
30 
18 
102 
196 
117 
38 
75 
11 
171 
274 
271 
183 
86 
226 
546 
512 
387 
244 
52 
123 
359 
441 
174 
3 
66 
145 
97 
35 
133 
162 
265 
242 
182 
75 
19 
122 
321 
342 
405 
356 
296 
165 
15 
132 
242 
320 
368 
435 
647 
421 
44 
171 
228 
213 
168 
191 
271 
302 
302 
389 
378 
335 
150 
60 
295 
385 
478 
412 
172 
170 
160 
12 
290 
392 
320 
243 
209 
156 
34 
16 
174 
261 
182 
163 
130 
84 
37 
136 
174 
115 
132 
77 
19 
22 
170 
124 
13 
190 
155 
14 
117 
230 
370 
152 
159 
352 
288 
216 
91 
85 
19 
218 
385 
266 
194 
120 
350 
283 
130 
147 
396 
262 
5 
53 
97 
15 
30 
171 
284 
252 
246 
249 
257 
160 
2 
206 
352 
266 
161 
80 
9 
69 
144 
227 
84 
98 
121 
186 
90 
62 
87 
200 
101 
50 
7 
70 
45 
47 
48 
39 
163 
229 
195 
178 
231 
168 
200 
16 
137 
202 
312 
392 
466 
313 
30 
51 
118 
222 
283 
126 
34 
12 
74 
286 
327 
157 
60 
162 
315 
393 
281 
119 
88 
9 
11 
126 
203 
250 
241 
208 
129 
82 
22 
42 
59 
161 
129 
72 
447 
462 
252 
44 
141 
24 
3 
162 
100 
194 
248 
285 
365 
283 
138 
15 
193 
626 
950 
647 
233 
241 
407 
545 
559 
480 
446 
99 
293 
670 
634 
395 
185 
46 
171 
312 
294 
139 
3 
21 
4 
114 
295 
283 
324 
175 
63 
456 
629 
484 
311 
83 
170 
345 
409 
345 
260 
170 
95 
0 
46 
4 
28 
125 
318 
379 
186 
39 
41 
2 
6 
0 
65 
121 
217 
233 
216 
221 
184 
70 
105 
220 
79 
118 
131 
84 
12 
107 
114 
7 
248 
427 
276 
199 
128 
123 
25 
166 
323 
284 
132 
4 
36 
116 
71 
56 
77 
108 
121 
116 
13 
168 
392 
422 
378 
79 
65 
43 
118 
107 
240 
326 
355 
263 
165 
5 
83 
50 
138 
272 
205 
257 
487 
572 
433 
239 
57 
348 
303 
325 
245 
119 
280 
88 
78 
92 
231 
241 
143 
16 
21 
57 
29 
2 
18 
183 
223 
95 
70 
28 
26 
1 
28 
154 
278 
363 
274 
201 
103 
81 
42 
131 
309 
542 
690 
198 
236 
355 
363 
298 
55 
247 
103 
89 
122 
56 
269 
181 
255 
422 
309 
86 
84 
242 
305 
351 
326 
84 
144 
294 
300 
129 
44 
40 
32 
61 
112 
130 
25 
31 
166 
28 
8 
78 
144 
230 
148 
109 
4 
50 
65 
145 
456 
645 
420 
20 
293 
395 
281 
177 
41 
115 
76 
76 
83 
68 
143 
216 
315 
356 
227 
10 
115 
125 
7 
94 
157 
68 
1 
38 
39 
25 
38 
42 
133 
296 
214 
57 
145 
281 
340 
302 
133 
44 
75 
114 
172 
250 
103 
31 
0 
78 
60 
70 
86 
51 
43 
132 
148 
178 
175 
99 
61 
43 
27 
649 
441 
287 
136 
19 
18 
68 
123 
470 
366 
258 
161 
71 
9 
32 
54 
141 
112 
95 
62 
32 
7 
14 
0 
147 
77 
27 
20 
43 
35 
28 
60 
137 
141 
122 
105 
121 
103 
24 
56 
36 
34 
3 
139 
370 
288 
87 
206 
65 
93 
195 
208 
222 
164 
93 
6 
27 
98 
137 
2 
361 
398 
53 
218 
210 
94 
69 
184 
184 
55 
205 
253 
67 
18 
30 
60 
143 
192 
157 
15 
112 
0 
39 
0 
32 
16 
14 
0 
10 
5 
2 
24 
63 
66 
14 
5 
40 
88 
39 
40 
97 
178 
31 
119 
112 
6 
155 
130 
289 
367 
215 
158 
19 
455 
661 
317 
60 
111 
169 
392 
405 
133 
290 
518 
419 
87 
86 
77 
126 
210 
168 
97 
106 
92 
106 
128 
69 
61 
4 
61 
187 
188 
116 
84 
15 
142 
235 
100 
268 
528 
533 
126 
77 
235 
325 
326 
307 
298 
224 
48 
60 
135 
233 
215 
216 
56 
168 
193 
90 
37 
2 
24 
56 
129 
66 
192 
272 
62 
0 
14 
6 
19 
17 
108 
172 
226 
199 
159 
66 
57 
166 
101 
13 
37 
85 
5 
138 
366 
364 
345 
71 
208 
317 
176 
270 
319 
225 
222 
19 
132 
277 
326 
322 
177 
79 
40 
71 
40 
71 
63 
55 
7 
1 
28 
91 
227 
292 
255 
14 
42 
30 
63 
113 
121 
164 
76 
44 
124 
143 
61 
2 
130 
55 
8 
62 
80 
100 
74 
40 
127 
151 
122 
46 
58 
119 
96 
96 
39 
95 
88 
31 
1 
42 
7 
65 
50 
32 
0 
87 
21 
50 
10 
25 
78 
10 
47 
40 
118 
52 
26 
217 
172 
80 
359 
379 
109 
175 
273 
218 
215 
199 
214 
253 
200 
142 
10 
4 
96 
246 
387 
367 
289 
158 
4 
178 
113 
111 
161 
159 
160 
117 
53 
69 
56 
38 
51 
28 
35 
82 
73 
71 
89 
138 
87 
151 
151 
38 
18 
39 
104 
6 
189 
179 
69 
62 
27 
130 
252 
310 
61 
172 
314 
319 
280 
203 
60 
202 
321 
392 
413 
296 
25 
236 
351 
192 
103 
103 
136 
341 
149 
34 
18 
113 
222 
165 
32 
116 
82 
84 
235 
242 
241 
87 
112 
128 
103 
126 
96 
31 
126 
133 
53 
13 
69 
88 
131 
101 
60 
138 
193 
239 
273 
190 
101 
15 
121 
255 
292 
234 
82 
16 
96 
23 
71 
14 
32 
30 
35 
202 
63 
25 
21 
16 
23 
16 
71 
102 
151 
201 
154 
94 
42 
0 
123 
100 
21 
27 
27 
235 
226 
78 
301 
166 
60 
332 
502 
316 
20 
117 
184 
187 
109 
150 
194 
97 
190 
337 
409 
266 
158 
24 
273 
602 
902 
751 
323 
64 
331 
421 
356 
289 
249 
169 
92 
26 
0 
88 
46 
140 
17 
174 
218 
132 
82 
44 
45 
64 
110 
181 
15 
240 
63 
41 
143 
128 
69 
61 
88 
16 
71 
47 
11 
117 
155 
164 
89 
90 
289 
175 
56 
117 
357 
341 
20 
214 
274 
233 
199 
216 
317 
280 
158 
132 
3 
35 
275 
501 
314 
46 
67 
37 
17 
42 
93 
109 
121 
50 
63 
103 
143 
55 
89 
231 
208 
157 
31 
63 
88 
96 
247 
315 
337 
209 
107 
317 
299 
284 
300 
146 
7 
86 
21 
4 
67 
219 
227 
218 
129 
151 
135 
67 
21 
52 
106 
73 
31 
97 
202 
263 
99 
34 
172 
239 
197 
141 
69 
10 
0 
191 
231 
62 
0 
72 
96 
168 
152 
88 
24 
8 
24 
14 
85 
6 
22 
83 
60 
5 
38 
7 
17 
131 
130 
124 
21 
88 
99 
45 
39 
16 
47 
95 
122 
70 
52 
18 
4 
0 
49 
71 
153 
274 
166 
82 
172 
194 
119 
95 
155 
85 
20 
47 
153 
104 
17 
10 
34 
34 
78 
42 
104 
145 
130 
40 
224 
127 
9 
39 
64 
25 
58 
130 
114 
78 
53 
16 
40 
29 
1 
13 
56 
112 
51 
37 
8 
41 
71 
33 
26 
7 
23 
103 
94 
37 
11 
29 
81 
268 
335 
63 
105 
194 
135 
137 
74 
87 
88 
33 
21 
104 
16 
7 
40 
25 
61 
47 
160 
53 
58 
167 
198 
149 
115 
85 
27 
0 
33 
63 
57 
47 
49 
7 
23 
46 
37 
39 
49 
26 
88 
95 
25 
207 
96 
54 
133 
125 
32 
49 
106 
34 
53 
109 
109 
82 
114 
14 
2 
16 
65 
74 
88 
88 
136 
200 
190 
166 
2 
251 
413 
355 
314 
56 
23 
257 
316 
218 
120 
49 
39 
23 
16 
0 
39 
97 
50 
64 
94 
10 
15 
57 
58 
55 
65 
26 
29 
53 
113 
130 
106 
106 
42 
109 
157 
13 
7 
39 
70 
67 
61 
129 
135 
24 
2 
95 
160 
96 
80 
88 
67 
11 
58 
81 
11 
52 
93 
142 
147 
67 
259 
407 
245 
93 
87 
144 
113 
34 
39 
88 
53 
17 
62 
61 
82 
239 
168 
48 
105 
114 
136 
144 
136 
160 
86 
0 
145 
151 
137 
31 
12 
53 
104 
110 
93 
80 
9 
98 
199 
193 
38 
37 
31 
112 
125 
109 
93 
85 
45 
61 
32 
8 
1 
32 
22 
35 
18 
68 
18 
7 
32 
25 
10 
34 
31 
32 
112 
55 
30 
5 
55 
3 
53 
64 
71 
110 
61 
7 
57 
50 
95 
80 
77 
77 
5 
39 
47 
80 
48 
24 
80 
71 
46 
21 
3 
10 
39 
39 
70 
101 
136 
62 
35 
13 
33 
68 
58 
225 
82 
2 
69 
89 
50 
18 
69 
48 
63 
32 
45 
85 
61 
61 
24 
25 
42 
7 
16 
47 
71 
30 
58 
79 
32 
23 
82 
54 
93 
80 
54 
39 
81 
23 
56 
64 
61 
2 
2 
82 
79 
71 
63 
31 
0 
30 
21 
27 
29 
0 
25 
23 
23 
38 
13 
32 
83 
101 
14 
68 
47 
14 
36 
114 
7 
54 
69 
88 
19 
58 
63 
8 
0 
7 
23 
31 
50 
22 
2 
56 
47 
62 
0 
84 
194 
58 
5 
41 
66 
79 
71 
31 
39 
7 
6 
18 
64 
47 
25 
10 
32 
63 
107 
85 
16 
73 
132 
98 
71 
2 
94 
85 
72 
23 
9 
5 
24 
0 
8 
15 
31 
38 
61 
40 
14 
2 
17 
15 
9 
66 
0 
14 
13 
24 
56 
55 
54 
45 
32 
28 
66 
231 
136 
55 
96 
97 
74 
42 
34 
18 
14 
5 
2 
10 
5 
5 
16 
24 
27 
29 
75 
93 
67 
42 
20 
24 
38 
18 
48 
17 
21 
8 
23 
54 
61 
96 
38 
131 
146 
136 
41 
45 
69 
77 
45 
9 
2 
26 
46 
61 
40 
15 
1 
2 
8 
15 
30 
24 
12 
50 
8 
9 
5 
15 
0 
31 
31 
26 
38 
29 
40 
56 
54 
0 
36 
74 
56 
17 
2 
29 
61 
53 
29 
32 
40 
15 
2 
6 
5 
0 
9 
13 
24 
30 
37 
48 
6 
23 
52 
2 
16 
39 
62 
61 
68 
90 
7 
38 
61 
61 
48 
12 
5 
39 
8 
14 
10 
0 
7 
0 
46 
53 
24 
35 
45 
39 
116 
74 
10 
29 
61 
45 
53 
53 
61 
40 
24 
25 
13 
15 
38 
5 
31 
14 
55 
64 
22 
5 
45 
101 
80 
0 
21 
49 
26 
0 
8 
0 
0 
6 
21 
24 
24 
0 
8 
7 
15 
26 
30 
29 
45 
56 
23 
6 
15 
48 
25 
2 
37 
5 
2 
10 
2 
32 
48 
75 
61 
48 
38 
8 
20 
5 
8 
14 
15 
32 
21 
1 
13 
5 
5 
13 
40 
40 
15 
0 
6 
13 
16 
0 
24 
13 
2 
22 
21 
37 
32 
40 
15 
6 
45 
56 
27 
42 
55 
0 
18 
14 
5 
5 
16 
16 
16 
15 
0 
5 
6 
45 
56 
39 
41 
34 
24 
16 
13 
21 
13 
2 
2 
0 
0 
6 
8 
3 
21 
4 
10 
20 
18 
24 
33 
31 
17 
18 
0 
6 
13 
7 
1 
10 
24 
33 
39 
40 
33 
26 
31 
32 
6 
2 
0 
8 
17 
18 
15 
8 
16 
37 
29 
37 
37 
10 
18 
6 
10 
18 
7 
16 
24 
17 
13 
10 
23 
15 
16 
16 
8 
8 
24 
8 
8 
2 
25 
26 
2 
16 
7 
31 
40 
40 
24 
24 
32 
31 
6 
13 
5 
8 
8 
5 
5 
5 
16 
8 
8 
16 
24 
37 
24 
16 
15 
23 
14 
10 
18 
10 
10 
1 
18 
7 
8 
8 
49 
42 
34 
38 
61 
32 
8 
29 
73 
26 
17 
18 
10 
10 
7 
39 
39 
16 
16 
24 
32 
8 
7 
7 
7 
5 
5 
13 
0 
0 
0 
32 
40 
29 
29 
37 
40 
40 
15 
1 
10 
18 
39 
23 
7 
24 
15 
23 
7 
29 
61 
61 
45 
29 
32 
24 
15 
2 
6 
2 
2 
0 
7 
0 
8 
8 
16 
16 
15 
15 
15 
15 
18 
14 
13 
16 
8 
8 
0 
10 
26 
26 
14 
2 
5 
21 
29 
24 
8 
8 
0 
10 
6 
13 
21 
21 
24 
16 
7 
8 
14 
29 
5 
0 
15 
42 
38 
21 
0 
24 
53 
69 
5 
26 
23 
15 
31 
24 
16 
32 
47 
55 
39 
1 
10 
42 
0 
16 
16 
15 
31 
31 
8 
40 
40 
40 
40 
32 
15 
7 
2 
2 
2 
13 
2 
10 
26 
10 
18 
42 
54 
29 
40 
46 
45 
27 
21 
12 
18 
7 
1 
2 
8 
6 
21 
35 
45 
35 
29 
22 
8 
6 
8 
1 
0 
1 
5 
7 
8 
1 
8 
7 
22 
24 
30 
21 
19 
21 
4 
2 
8 
1 
2 
7 
9 
10 
16 
27 
13 
24 
15 
30 
13 
7 
6 
0 
20 
2 
8 
7 
7 
14 
5 
2 
0 
0 
31 
54 
29 
24 
6 
13 
7 
8 
1 
13 
24 
31 
15 
1 
26 
39 
0 
15 
30 
45 
40 
39 
22 
5 
0 
17 
18 
18 
7 
7 
7 
15 
7 
31 
58 
46 
37 
24 
22 
32 
3 
2 
23 
25 
2 
15 
23 
16 
8 
7 
7 
15 
18 
30 
21 
24 
16 
0 
15 
15 
18 
30 
29 
7 
1 
18 
32 
25 
26 
18 
7 
0 
9 
10 
7 
8 
9 
23 
4 
2 
23 
20 
2 
23 
32 
41 
26 
26 
23 
7 
23 
23 
16 
16 
31 
23 
0 
15 
23 
31 
15 
7 
6 
2 
15 
31 
23 
23 
18 
34 
18 
18 
26 
22 
29 
29 
24 
16 
0 
6 
16 
3 
5 
8 
0 
6 
5 
0 
7 
23 
6 
2 
2 
8 
8 
31 
54 
45 
47 
62 
40 
1 
15 
52 
34 
15 
8 
13 
1 
13 
29 
40 
64 
47 
46 
29 
7 
1 
31 
40 
17 
5 
16 
16 
31 
22 
29 
32 
27 
29 
32 
30 
16 
4 
2 
16 
17 
10 
15 
0 
0 
2 
14 
21 
40 
31 
30 
21 
11 
21 
24 
14 
8 
4 
13 
8 
0 
1 
0 
7 
30 
2 
0 
23 
38 
21 
7 
9 
10 
0 
8 
1 
2 
8 
40 
47 
22 
21 
40 
14 
5 
11 
13 
8 
6 
5 
7 
6 
5 
0 
0 
6 
5 
8 
15 
30 
29 
8 
14 
29 
0 
1 
0 
7 
22 
5 
23 
24 
6 
29 
40 
31 
30 
37 
15 
6 
7 
16 
1 
13 
16 
7 
22 
21 
8 
7 
14 
21 
32 
38 
29 
11 
13 
8 
1 
15 
16 
9 
7 
15 
15 
14 
2 
7 
6 
37 
64 
47 
38 
8 
9 
50 
32 
17 
13 
13 
13 
21 
32 
40 
31 
23 
14 
13 
0 
1 
2 
7 
8 
6 
13 
5 
13 
8 
16 
16 
15 
23 
30 
29 
32 
19 
13 
8 
7 
6 
2 
0 
0 
6 
13 
13 
16 
23 
30 
13 
15 
1 
5 
8 
8 
9 
5 
23 
7 
16 
24 
32 
40 
31 
23 
22 
29 
13 
15 
6 
13 
0 
12 
5 
16 
15 
2 
6 
13 
0 
0 
7 
22 
37 
24 
11 
21 
24 
6 
5 
0 
0 
6 
13 
0 
7 
7 
14 
29 
24 
3 
13 
16 
22 
16 
15 
14 
0 
7 
9 
2 
10 
0 
8 
7 
18 
38 
21 
23 
6 
18 
39 
40 
21 
2 
7 
15 
15 
8 
0 
29 
33 
18 
50 
58 
38 
21 
8 
0 
24 
24 
8 
8 
8 
40 
32 
32 
32 
40 
40 
31 
6 
13 
16 
0 
6 
16 
8 
7 
6 
2 
8 
7 
14 
29 
40 
27 
29 
32 
14 
16 
3 
5 
7 
14 
13 
7 
6 
13 
8 
25 
2 
32 
46 
45 
19 
2 
16 
9 
39 
40 
2 
30 
53 
37 
24 
23 
9 
13 
32 
3 
13 
7 
14 
16 
7 
1 
2 
0 
8 
7 
7 
6 
29 
32 
31 
38 
24 
6 
2 
20 
18 
8 
15 
6 
5 
8 
7 
23 
14 
21 
24 
27 
37 
24 
22 
16 
6 
16 
1 
5 
7 
1 
2 
0 
14 
13 
7 
17 
10 
16 
11 
37 
32 
27 
21 
16 
17 
10 
8 
23 
6 
13 
16 
7 
6 
21 
24 
19 
13 
7 
6 
0 
7 
6 
8 
7 
1 
5 
8 
15 
14 
29 
32 
22 
21 
7 
6 
0 
4 
5 
0 
0 
14 
5 
15 
0 
22 
37 
40 
30 
21 
7 
6 
0 
0 
25 
10 
8 
8 
7 
10 
6 
5 
16 
39 
46 
53 
64 
54 
24 
9 
31 
41 
34 
31 
8 
1 
5 
13 
24 
15 
23 
38 
21 
8 
7 
22 
13 
8 
0 
2 
2 
6 
5 
21 
24 
24 
39 
46 
21 
7 
1 
8 
0 
6 
5 
7 
8 
5 
1 
5 
13 
32 
40 
47 
54 
48 
14 
8 
1 
7 
12 
5 
16 
6 
13 
8 
15 
14 
21 
24 
19 
21 
16 
6 
0 
1 
2 
0 
1 
2 
0 
0 
14 
21 
40 
27 
61 
43 
37 
19 
2 
17 
31 
41 
39 
40 
9 
29 
37 
40 
32 
31 
38 
45 
48 
19 
29 
3 
5 
12 
10 
16 
1 
0 
8 
1 
5 
8 
7 
14 
21 
32 
22 
21 
15 
6 
16 
6 
13 
8 
1 
5 
8 
7 
6 
13 
56 
59 
37 
12 
26 
52 
74 
55 
24 
2 
18 
2 
23 
31 
31 
31 
16 
24 
32 
24 
15 
7 
10 
1 
2 
2 
5 
5 
5 
2 
13 
13 
21 
21 
32 
24 
15 
26 
22 
13 
32 
31 
30 
37 
29 
0 
25 
26 
15 
24 
1 
5 
16 
31 
30 
29 
16 
15 
7 
2 
22 
13 
2 
8 
8 
15 
31 
34 
30 
21 
23 
22 
5 
7 
16 
1 
2 
5 
8 
7 
15 
14 
13 
13 
32 
30 
29 
24 
22 
13 
7 
14 
16 
0 
1 
2 
0 
7 
7 
14 
21 
24 
14 
13 
16 
38 
21 
0 
6 
2 
0 
0 
14 
5 
0 
0 
22 
45 
47 
22 
8 
4 
2 
8 
7 
6 
10 
8 
31 
14 
5 
8 
0 
8 
9 
2 
16 
15 
18 
6 
2 
16 
15 
15 
23 
18 
14 
5 
2 
8 
23 
39 
46 
29 
23 
22 
24 
4 
10 
23 
32 
9 
5 
16 
31 
30 
37 
29 
47 
38 
5 
20 
2 
0 
1 
8 
0 
1 
5 
8 
0 
7 
10 
22 
21 
32 
31 
30 
13 
0 
6 
2 
7 
8 
5 
14 
13 
13 
8 
0 
15 
22 
29 
24 
23 
6 
29 
32 
31 
6 
2 
7 
24 
8 
9 
5 
5 
16 
15 
22 
21 
24 
15 
1 
2 
8 
16 
23 
15 
21 
21 
13 
13 
16 
8 
15 
14 
21 
16 
3 
5 
0 
1 
7 
20 
34 
40 
33 
31 
48 
49 
82 
58 
24 
24 
32 
32 
31 
22 
13 
12 
18 
55 
57 
66 
56 
24 
18 
30 
37 
21 
8 
23 
24 
25 
18 
40 
33 
34 
34 
23 
23 
23 
23 
18 
10 
10 
2 
5 
13 
24 
16 
7 
1 
2 
0 
8 
25 
26 
31 
47 
56 
56 
15 
24 
64 
69 
64 
79 
38 
3 
18 
52 
67 
66 
60 
55 
49 
34 
31 
32 
13 
14 
13 
8 
0 
9 
2 
0 
0 
9 
10 
15 
24 
37 
41 
34 
18 
18 
10 
10 
10 
10 
18 
58 
34 
2 
13 
21 
29 
13 
18 
38 
29 
29 
40 
16 
8 
0 
8 
0 
7 
7 
5 
9 
18 
26 
34 
22 
37 
37 
32 
23 
10 
6 
2 
26 
31 
23 
10 
5 
17 
34 
42 
50 
46 
29 
21 
8 
8 
2 
1 
5 
5 
5 
5 
13 
13 
13 
5 
37 
45 
40 
31 
1 
5 
0 
8 
5 
6 
5 
13 
13 
8 
0 
0 
23 
31 
18 
14 
13 
8 
8 
8 
2 
2 
10 
18 
26 
34 
58 
46 
21 
2 
40 
62 
5 
28 
50 
63 
72 
45 
2 
18 
31 
47 
40 
40 
32 
40 
40 
24 
15 
7 
14 
16 
7 
6 
5 
13 
0 
7 
1 
2 
5 
40 
39 
46 
40 
11 
13 
12 
18 
23 
8 
1 
2 
8 
8 
7 
23 
34 
38 
37 
40 
27 
37 
16 
14 
7 
1 
2 
24 
25 
18 
8 
31 
23 
22 
13 
21 
24 
15 
6 
7 
16 
5 
1 
13 
21 
29 
32 
32 
24 
23 
62 
69 
48 
14 
100 
77 
9 
89 
148 
151 
105 
66 
14 
2 
23 
72 
65 
74 
79 
80 
64 
32 
24 
15 
9 
18 
10 
0 
0 
7 
15 
22 
29 
16 
0 
6 
13 
32 
22 
29 
27 
13 
8 
9 
10 
7 
9 
2 
0 
0 
15 
22 
29 
16 
7 
14 
24 
15 
6 
2 
2 
0 
0 
0 
8 
0 
2 
18 
22 
45 
45 
32 
32 
23 
70 
93 
35 
18 
68 
82 
72 
57 
34 
18 
8 
56 
80 
72 
63 
46 
29 
48 
31 
1 
34 
63 
64 
48 
40 
8 
16 
32 
53 
53 
53 
45 
37 
24 
8 
7 
15 
39 
26 
14 
26 
31 
40 
24 
2 
78 
93 
72 
43 
21 
0 
9 
42 
56 
48 
21 
5 
10 
26 
34 
42 
66 
54 
45 
40 
51 
37 
8 
25 
23 
41 
34 
31 
32 
8 
14 
45 
53 
72 
71 
46 
40 
11 
18 
15 
14 
13 
7 
41 
10 
32 
31 
14 
0 
12 
2 
0 
9 
2 
0 
0 
0 
2 
18 
18 
23 
23 
31 
31 
23 
23 
34 
38 
24 
23 
6 
8 
1 
2 
24 
25 
2 
2 
7 
7 
7 
16 
16 
24 
40 
47 
39 
38 
29 
8 
7 
22 
5 
0 
0 
2 
14 
5 
8 
0 
6 
13 
16 
15 
22 
13 
8 
15 
47 
46 
37 
8 
16 
9 
26 
39 
40 
41 
18 
2 
16 
24 
32 
13 
9 
18 
34 
47 
56 
69 
61 
45 
8 
24 
17 
10 
7 
16 
9 
2 
24 
32 
23 
7 
2 
5 
1 
13 
21 
21 
40 
55 
46 
21 
0 
17 
2 
0 
0 
0 
26 
38 
21 
0 
8 
1 
13 
32 
23 
22 
24 
15 
6 
0 
8 
9 
10 
18 
10 
8 
8 
24 
40 
48 
47 
39 
30 
32 
15 
6 
7 
16 
17 
2 
8 
0 
0 
6 
5 
8 
31 
30 
21 
24 
15 
14 
5 
0 
0 
1 
5 
29 
16 
7 
0 
14 
32 
23 
22 
13 
15 
38 
37 
47 
46 
24 
6 
7 
12 
26 
36 
34 
32 
25 
15 
7 
10 
30 
29 
21 
13 
21 
25 
10 
10 
15 
15 
15 
15 
23 
18 
30 
29 
15 
6 
2 
0 
0 
14 
5 
0 
7 
10 
30 
45 
40 
38 
21 
3 
5 
12 
2 
16 
1 
2 
16 
15 
6 
21 
5 
0 
15 
14 
29 
24 
23 
22 
13 
7 
1 
2 
0 
8 
9 
2 
5 
16 
24 
15 
22 
29 
32 
19 
21 
16 
3 
5 
0 
8 
17 
10 
5 
16 
40 
63 
38 
37 
27 
61 
43 
8 
33 
75 
74 
71 
80 
48 
16 
32 
57 
58 
55 
64 
48 
32 
32 
40 
32 
15 
9 
26 
23 
32 
24 
16 
5 
10 
18 
42 
50 
62 
45 
32 
15 
6 
5 
8 
15 
7 
1 
2 
5 
8 
15 
23 
22 
37 
31 
22 
16 
0 
6 
7 
24 
13 
5 
5 
1 
5 
13 
13 
29 
40 
40 
47 
38 
32 
11 
5 
7 
25 
18 
18 
2 
2 
5 
13 
5 
13 
21 
21 
32 
24 
23 
10 
