8 
30 
38 
35 
40 
30 
37 
31 
24 
9 
4 
8 
3 
8 
15 
8 
12 
23 
32 
19 
32 
31 
34 
21 
15 
0 
7 
8 
19 
28 
35 
23 
9 
0 
0 
24 
32 
50 
45 
50 
25 
32 
36 
17 
0 
3 
10 
5 
6 
0 
5 
9 
17 
12 
18 
17 
17 
26 
13 
8 
0 
3 
2 
14 
3 
7 
14 
17 
17 
27 
33 
28 
30 
25 
28 
21 
32 
16 
5 
12 
1 
1 
1 
4 
11 
0 
10 
33 
29 
40 
27 
24 
19 
3 
4 
7 
4 
7 
1 
5 
2 
9 
17 
16 
30 
13 
25 
34 
17 
14 
5 
7 
12 
1 
10 
2 
5 
13 
14 
9 
8 
38 
25 
22 
13 
12 
0 
8 
27 
35 
43 
17 
2 
1 
2 
1 
14 
38 
47 
53 
56 
75 
75 
63 
63 
42 
33 
18 
8 
8 
18 
10 
8 
9 
14 
16 
8 
17 
3 
15 
20 
15 
9 
10 
11 
2 
13 
28 
34 
37 
28 
43 
36 
35 
18 
1 
1 
2 
16 
19 
13 
1 
5 
8 
26 
29 
29 
34 
39 
34 
17 
6 
5 
1 
6 
11 
6 
1 
1 
1 
6 
6 
1 
14 
30 
30 
38 
41 
46 
33 
25 
23 
27 
4 
8 
3 
1 
5 
10 
0 
1 
14 
15 
20 
10 
2 
14 
25 
16 
0 
7 
4 
7 
8 
10 
25 
50 
61 
51 
36 
24 
10 
6 
3 
10 
20 
13 
14 
17 
16 
15 
0 
26 
33 
28 
19 
32 
29 
14 
2 
25 
10 
14 
12 
16 
4 
19 
27 
29 
32 
46 
59 
44 
39 
32 
28 
25 
21 
3 
3 
7 
3 
4 
7 
20 
3 
9 
25 
10 
6 
22 
15 
3 
5 
17 
5 
6 
26 
35 
32 
50 
45 
59 
44 
49 
16 
24 
21 
0 
15 
26 
21 
6 
1 
10 
13 
7 
24 
30 
33 
30 
49 
44 
28 
21 
0 
8 
0 
1 
0 
9 
14 
5 
1 
3 
14 
1 
31 
25 
24 
26 
29 
36 
32 
21 
17 
9 
7 
0 
1 
1 
2 
13 
8 
13 
2 
14 
21 
10 
2 
31 
21 
9 
1 
10 
13 
41 
50 
53 
57 
39 
47 
48 
44 
18 
3 
14 
8 
4 
0 
13 
11 
1 
2 
1 
0 
12 
31 
36 
36 
25 
11 
11 
6 
10 
28 
15 
8 
11 
1 
2 
14 
33 
33 
46 
37 
27 
36 
32 
21 
5 
7 
0 
11 
27 
20 
31 
21 
17 
2 
14 
38 
45 
45 
48 
33 
27 
32 
16 
12 
1 
4 
5 
8 
0 
3 
14 
25 
31 
28 
18 
20 
25 
17 
7 
4 
12 
8 
7 
7 
6 
10 
9 
10 
21 
5 
26 
17 
2 
3 
0 
9 
6 
15 
1 
1 
1 
25 
28 
46 
37 
56 
52 
53 
37 
23 
14 
16 
0 
19 
23 
19 
7 
11 
0 
10 
13 
30 
29 
15 
10 
5 
7 
0 
1 
6 
6 
14 
5 
7 
3 
22 
37 
42 
33 
30 
13 
15 
12 
8 
6 
7 
16 
4 
2 
8 
5 
0 
0 
9 
13 
24 
22 
11 
12 
7 
0 
11 
14 
17 
0 
4 
3 
12 
26 
25 
30 
41 
51 
40 
20 
32 
32 
16 
4 
7 
11 
11 
18 
16 
23 
8 
8 
18 
17 
0 
7 
16 
11 
4 
2 
5 
14 
5 
14 
13 
16 
32 
45 
39 
40 
44 
37 
15 
7 
7 
1 
7 
10 
12 
25 
14 
1 
2 
4 
21 
17 
26 
23 
12 
1 
9 
22 
23 
20 
20 
9 
11 
4 
8 
11 
14 
25 
32 
32 
11 
28 
24 
0 
2 
16 
15 
8 
5 
6 
3 
0 
16 
22 
37 
26 
41 
32 
24 
13 
0 
19 
9 
30 
28 
36 
4 
1 
7 
35 
49 
66 
73 
75 
60 
39 
43 
39 
28 
3 
16 
10 
6 
18 
20 
27 
11 
3 
4 
13 
6 
17 
14 
1 
8 
3 
0 
8 
5 
10 
5 
2 
15 
16 
26 
13 
20 
23 
20 
23 
12 
0 
8 
5 
2 
10 
6 
5 
18 
17 
18 
33 
50 
33 
27 
8 
12 
17 
11 
4 
3 
14 
24 
19 
12 
0 
6 
21 
25 
24 
33 
25 
30 
21 
19 
10 
5 
4 
11 
12 
11 
9 
6 
1 
13 
25 
27 
33 
46 
27 
3 
3 
8 
9 
13 
10 
9 
15 
20 
27 
36 
32 
25 
23 
31 
8 
4 
4 
2 
3 
5 
11 
16 
8 
5 
8 
8 
3 
6 
1 
14 
2 
0 
8 
1 
8 
16 
19 
28 
20 
15 
16 
16 
21 
20 
8 
9 
27 
26 
24 
25 
17 
9 
13 
21 
15 
18 
14 
12 
3 
15 
22 
31 
23 
1 
4 
4 
6 
6 
12 
0 
16 
16 
8 
3 
3 
5 
16 
8 
19 
12 
3 
8 
3 
0 
13 
8 
16 
13 
7 
8 
0 
11 
8 
11 
0 
17 
13 
14 
3 
0 
11 
20 
25 
27 
12 
16 
13 
25 
27 
35 
35 
39 
35 
11 
8 
4 
4 
11 
23 
22 
21 
26 
23 
13 
6 
21 
48 
55 
52 
51 
36 
32 
14 
4 
10 
4 
0 
9 
6 
4 
7 
11 
8 
17 
5 
26 
25 
16 
17 
14 
9 
15 
0 
0 
13 
2 
1 
5 
9 
8 
10 
21 
25 
24 
26 
33 
27 
20 
9 
3 
5 
6 
7 
1 
2 
12 
21 
13 
38 
37 
32 
36 
33 
23 
8 
12 
18 
4 
6 
8 
7 
3 
12 
7 
1 
17 
13 
20 
23 
20 
13 
24 
4 
10 
25 
6 
12 
6 
8 
16 
16 
38 
39 
40 
27 
44 
37 
43 
39 
15 
3 
2 
1 
0 
10 
0 
0 
4 
3 
11 
8 
16 
4 
7 
1 
2 
8 
0 
1 
2 
6 
17 
29 
22 
23 
40 
51 
36 
33 
23 
11 
3 
4 
0 
16 
4 
8 
0 
5 
1 
2 
18 
21 
18 
3 
8 
3 
0 
1 
18 
7 
2 
2 
4 
0 
22 
25 
27 
33 
32 
34 
31 
20 
11 
3 
0 
0 
9 
20 
16 
5 
27 
32 
32 
21 
43 
40 
26 
16 
5 
2 
6 
12 
16 
21 
10 
12 
11 
2 
1 
4 
26 
31 
36 
31 
28 
21 
15 
12 
4 
5 
7 
10 
10 
17 
1 
9 
16 
33 
25 
30 
29 
24 
12 
8 
3 
2 
5 
14 
35 
13 
5 
15 
31 
37 
60 
63 
48 
50 
34 
34 
34 
16 
7 
6 
10 
18 
18 
16 
7 
4 
20 
11 
12 
3 
22 
13 
0 
3 
12 
15 
2 
2 
6 
4 
24 
34 
37 
40 
43 
30 
29 
19 
4 
14 
3 
3 
8 
0 
6 
9 
5 
12 
26 
21 
44 
42 
29 
12 
4 
11 
20 
12 
17 
0 
8 
4 
1 
3 
4 
17 
38 
33 
31 
20 
16 
1 
0 
0 
0 
11 
18 
9 
2 
2 
5 
20 
25 
29 
26 
25 
12 
14 
1 
4 
7 
16 
20 
9 
9 
11 
19 
36 
40 
46 
44 
41 
31 
18 
6 
3 
7 
11 
27 
23 
23 
18 
9 
6 
2 
15 
28 
42 
33 
39 
36 
21 
15 
3 
3 
5 
11 
14 
13 
10 
10 
9 
0 
2 
5 
6 
14 
10 
9 
21 
8 
1 
10 
27 
22 
22 
23 
59 
57 
53 
41 
28 
25 
33 
22 
6 
2 
1 
3 
3 
0 
0 
6 
1 
4 
8 
22 
23 
9 
0 
8 
14 
6 
1 
6 
0 
2 
6 
4 
0 
19 
25 
33 
34 
26 
38 
38 
23 
12 
15 
12 
9 
8 
11 
26 
10 
0 
2 
14 
26 
34 
33 
33 
24 
10 
21 
16 
3 
7 
18 
18 
27 
25 
8 
2 
18 
30 
35 
37 
33 
43 
29 
30 
15 
0 
1 
10 
1 
6 
1 
25 
33 
38 
31 
36 
55 
52 
44 
28 
8 
7 
0 
16 
32 
29 
26 
9 
6 
3 
0 
25 
32 
30 
15 
8 
22 
9 
1 
6 
22 
27 
5 
10 
25 
25 
49 
58 
59 
54 
29 
15 
14 
5 
4 
3 
11 
1 
14 
8 
11 
6 
13 
24 
31 
36 
35 
27 
24 
12 
14 
0 
10 
16 
31 
23 
13 
2 
12 
26 
31 
40 
46 
45 
40 
24 
13 
0 
5 
18 
24 
31 
17 
6 
9 
8 
37 
53 
56 
56 
45 
27 
40 
24 
23 
43 
50 
37 
34 
30 
14 
9 
29 
33 
37 
41 
56 
55 
32 
15 
4 
0 
7 
20 
23 
17 
1 
15 
15 
13 
12 
32 
38 
23 
12 
14 
9 
14 
0 
11 
14 
6 
11 
9 
9 
6 
24 
44 
44 
40 
26 
15 
16 
14 
3 
0 
1 
2 
15 
17 
17 
14 
30 
30 
41 
37 
25 
24 
13 
17 
9 
4 
0 
5 
16 
11 
2 
21 
17 
24 
8 
36 
42 
41 
29 
12 
0 
8 
10 
9 
9 
1 
10 
9 
10 
19 
20 
35 
44 
37 
19 
32 
32 
9 
2 
16 
19 
22 
21 
22 
27 
1 
14 
33 
33 
41 
32 
34 
23 
8 
0 
3 
2 
10 
23 
13 
6 
13 
20 
38 
33 
49 
52 
43 
32 
23 
2 
5 
8 
19 
32 
13 
8 
0 
6 
13 
21 
36 
46 
37 
34 
29 
19 
6 
14 
16 
0 
12 
15 
10 
10 
12 
22 
37 
29 
36 
33 
25 
16 
0 
8 
11 
12 
15 
21 
5 
17 
25 
32 
46 
45 
62 
53 
43 
15 
13 
2 
3 
11 
18 
23 
11 
4 
3 
3 
12 
41 
49 
54 
41 
31 
24 
22 
8 
1 
8 
0 
7 
31 
38 
40 
16 
3 
13 
37 
45 
57 
60 
54 
30 
24 
13 
5 
8 
7 
18 
9 
2 
6 
9 
16 
43 
40 
31 
22 
9 
11 
4 
0 
14 
15 
11 
12 
15 
1 
5 
21 
28 
38 
45 
29 
26 
33 
27 
16 
6 
8 
1 
8 
19 
22 
2 
4 
9 
25 
32 
38 
25 
18 
9 
2 
5 
2 
6 
5 
10 
14 
21 
20 
23 
16 
42 
33 
18 
21 
4 
16 
11 
12 
0 
2 
11 
8 
12 
21 
23 
36 
32 
41 
23 
16 
10 
8 
6 
10 
24 
11 
23 
24 
23 
9 
1 
17 
20 
32 
30 
39 
28 
17 
2 
5 
0 
4 
6 
2 
13 
9 
17 
20 
18 
34 
45 
45 
42 
33 
7 
12 
13 
3 
3 
11 
6 
12 
3 
6 
6 
16 
26 
33 
21 
24 
23 
4 
3 
0 
16 
23 
13 
13 
10 
18 
1 
26 
48 
70 
63 
68 
65 
49 
17 
9 
3 
8 
23 
31 
36 
39 
25 
17 
1 
10 
44 
46 
39 
36 
31 
24 
13 
3 
6 
18 
9 
14 
18 
7 
11 
12 
32 
44 
38 
45 
45 
35 
16 
9 
0 
4 
7 
16 
31 
21 
6 
11 
23 
43 
37 
36 
33 
29 
6 
1 
14 
1 
3 
4 
1 
8 
12 
19 
8 
15 
36 
31 
24 
15 
0 
11 
7 
12 
31 
25 
14 
10 
3 
4 
14 
41 
41 
44 
46 
39 
40 
37 
31 
24 
3 
4 
0 
15 
30 
37 
14 
4 
1 
20 
20 
36 
34 
29 
18 
9 
18 
1 
4 
0 
6 
10 
3 
1 
6 
18 
34 
37 
25 
24 
10 
13 
9 
10 
8 
7 
1 
5 
14 
21 
34 
33 
54 
45 
40 
28 
21 
7 
0 
11 
18 
20 
19 
20 
15 
29 
1 
10 
22 
33 
37 
45 
54 
37 
23 
6 
13 
3 
2 
26 
25 
22 
10 
7 
16 
14 
45 
57 
48 
39 
28 
17 
19 
8 
3 
26 
16 
15 
14 
12 
3 
7 
27 
35 
41 
28 
47 
44 
31 
16 
4 
0 
1 
0 
15 
23 
2 
9 
8 
6 
26 
13 
17 
16 
18 
13 
26 
21 
11 
3 
15 
13 
12 
8 
11 
29 
41 
49 
40 
35 
24 
41 
43 
19 
3 
2 
2 
2 
8 
3 
12 
39 
42 
33 
11 
4 
1 
3 
4 
0 
15 
14 
16 
15 
16 
7 
2 
9 
13 
25 
28 
24 
30 
19 
20 
14 
9 
16 
8 
0 
7 
0 
4 
21 
21 
18 
27 
32 
27 
24 
7 
26 
5 
3 
2 
1 
5 
1 
13 
14 
10 
4 
16 
22 
25 
16 
25 
21 
22 
5 
1 
1 
1 
6 
18 
19 
10 
26 
26 
26 
30 
50 
31 
24 
17 
13 
11 
4 
3 
15 
12 
15 
2 
5 
9 
13 
43 
33 
28 
17 
1 
0 
9 
17 
33 
25 
9 
10 
6 
14 
22 
42 
61 
69 
74 
69 
63 
51 
31 
9 
18 
34 
32 
43 
46 
47 
21 
1 
10 
18 
22 
26 
26 
21 
1 
9 
8 
18 
17 
4 
3 
0 
10 
17 
19 
29 
44 
58 
49 
32 
16 
9 
8 
3 
14 
13 
18 
9 
14 
7 
2 
18 
37 
37 
25 
24 
30 
29 
20 
7 
7 
0 
11 
16 
23 
13 
10 
13 
19 
27 
47 
53 
40 
31 
20 
19 
12 
5 
3 
7 
28 
27 
27 
13 
4 
5 
26 
40 
44 
46 
45 
44 
44 
37 
21 
21 
9 
9 
2 
8 
11 
2 
18 
29 
24 
16 
25 
19 
16 
4 
0 
14 
16 
29 
34 
34 
25 
8 
2 
22 
44 
60 
62 
49 
32 
36 
33 
29 
19 
0 
7 
18 
13 
18 
7 
6 
29 
41 
28 
27 
16 
17 
3 
0 
10 
8 
15 
4 
7 
2 
9 
25 
37 
36 
34 
31 
20 
30 
13 
0 
7 
8 
1 
14 
19 
10 
1 
16 
22 
42 
37 
37 
32 
23 
12 
19 
16 
8 
5 
4 
7 
10 
1 
4 
0 
8 
14 
26 
37 
29 
26 
37 
27 
19 
4 
0 
6 
0 
6 
1 
10 
2 
14 
25 
19 
17 
16 
26 
13 
1 
10 
2 
9 
12 
3 
15 
20 
33 
34 
35 
46 
41 
31 
12 
10 
13 
10 
0 
2 
6 
12 
5 
2 
2 
9 
17 
32 
46 
33 
30 
17 
12 
8 
4 
1 
10 
17 
16 
11 
5 
2 
21 
39 
45 
38 
35 
28 
31 
20 
13 
0 
7 
14 
21 
22 
15 
1 
13 
21 
33 
43 
37 
32 
21 
25 
28 
36 
33 
7 
3 
14 
14 
11 
11 
9 
13 
13 
19 
21 
16 
17 
41 
31 
24 
4 
2 
16 
15 
8 
3 
18 
29 
36 
47 
40 
29 
44 
36 
18 
2 
15 
18 
20 
35 
32 
27 
9 
14 
13 
25 
32 
46 
41 
42 
33 
16 
16 
5 
3 
11 
12 
1 
0 
0 
10 
25 
32 
37 
21 
22 
23 
28 
26 
14 
6 
13 
11 
6 
13 
10 
7 
6 
25 
29 
37 
14 
19 
20 
7 
0 
5 
10 
11 
14 
18 
15 
6 
22 
38 
49 
45 
62 
45 
32 
20 
17 
27 
7 
3 
3 
11 
23 
18 
5 
5 
13 
20 
34 
38 
33 
26 
21 
11 
0 
11 
15 
10 
8 
15 
2 
1 
8 
20 
38 
45 
41 
36 
36 
33 
17 
7 
0 
0 
11 
22 
9 
1 
10 
17 
12 
2 
1 
6 
13 
13 
6 
1 
9 
39 
27 
17 
8 
1 
6 
18 
27 
49 
69 
65 
54 
45 
47 
36 
18 
10 
3 
18 
24 
35 
29 
22 
13 
29 
41 
28 
14 
29 
25 
26 
5 
3 
8 
5 
1 
10 
17 
5 
15 
17 
16 
16 
20 
24 
26 
11 
4 
1 
3 
7 
25 
25 
22 
2 
10 
16 
28 
48 
56 
54 
49 
22 
25 
24 
4 
0 
15 
8 
5 
6 
2 
2 
8 
38 
45 
37 
28 
31 
30 
13 
0 
9 
14 
8 
17 
18 
17 
5 
13 
16 
18 
33 
37 
44 
34 
13 
7 
12 
7 
10 
6 
8 
15 
6 
2 
15 
5 
3 
13 
18 
28 
16 
32 
43 
32 
25 
15 
14 
9 
4 
3 
17 
1 
17 
41 
48 
43 
36 
21 
11 
3 
2 
3 
8 
3 
14 
13 
10 
3 
6 
29 
27 
36 
38 
21 
23 
4 
5 
3 
4 
6 
17 
6 
3 
5 
15 
17 
40 
50 
41 
34 
13 
15 
24 
5 
0 
5 
6 
16 
19 
13 
9 
13 
16 
26 
29 
9 
28 
42 
25 
11 
4 
9 
11 
5 
14 
13 
2 
24 
34 
41 
36 
41 
40 
24 
9 
7 
20 
12 
8 
7 
11 
0 
0 
2 
2 
5 
18 
23 
12 
6 
2 
4 
11 
0 
0 
3 
9 
1 
10 
17 
18 
37 
50 
45 
51 
44 
30 
28 
9 
2 
28 
29 
38 
45 
46 
24 
2 
28 
44 
58 
57 
75 
68 
60 
44 
24 
8 
3 
15 
23 
43 
34 
29 
18 
0 
14 
26 
39 
32 
35 
20 
27 
20 
0 
2 
7 
23 
20 
15 
9 
1 
25 
37 
52 
59 
44 
33 
27 
8 
7 
26 
23 
14 
24 
30 
23 
2 
30 
35 
56 
55 
68 
65 
35 
16 
19 
6 
8 
11 
12 
21 
14 
1 
5 
26 
37 
38 
57 
44 
28 
11 
15 
12 
2 
0 
6 
18 
8 
5 
1 
1 
17 
24 
31 
32 
27 
20 
17 
8 
8 
6 
4 
0 
2 
8 
11 
3 
24 
38 
29 
20 
35 
32 
21 
12 
12 
1 
4 
7 
18 
29 
14 
11 
6 
17 
29 
44 
71 
56 
41 
23 
24 
12 
0 
1 
2 
16 
17 
26 
17 
22 
3 
18 
26 
46 
39 
40 
31 
28 
10 
8 
17 
17 
11 
8 
1 
5 
19 
22 
5 
16 
15 
12 
16 
28 
5 
11 
11 
5 
2 
20 
9 
10 
5 
1 
17 
24 
52 
52 
43 
32 
32 
20 
0 
9 
15 
30 
16 
13 
6 
9 
9 
21 
24 
30 
27 
24 
28 
16 
7 
3 
0 
15 
8 
4 
1 
7 
20 
15 
24 
19 
42 
45 
31 
32 
16 
4 
0 
7 
13 
31 
26 
17 
18 
11 
6 
17 
37 
41 
28 
19 
32 
31 
20 
12 
17 
13 
7 
3 
3 
0 
16 
19 
16 
27 
32 
25 
19 
16 
2 
11 
14 
8 
9 
22 
25 
2 
4 
10 
17 
37 
48 
47 
36 
25 
0 
8 
1 
7 
15 
12 
11 
0 
0 
3 
10 
29 
41 
37 
38 
37 
32 
30 
24 
13 
2 
5 
0 
12 
11 
1 
10 
25 
27 
32 
19 
28 
20 
9 
16 
7 
11 
8 
9 
22 
35 
1 
17 
17 
24 
38 
51 
48 
29 
24 
8 
13 
7 
0 
3 
14 
12 
7 
2 
9 
0 
30 
45 
41 
34 
21 
19 
18 
1 
0 
11 
6 
1 
10 
9 
6 
1 
24 
42 
47 
36 
51 
51 
32 
11 
7 
4 
3 
27 
30 
29 
6 
9 
4 
10 
25 
33 
36 
43 
24 
5 
15 
24 
18 
4 
10 
16 
7 
3 
8 
6 
31 
44 
39 
20 
11 
6 
1 
12 
27 
25 
22 
22 
15 
11 
6 
30 
53 
63 
64 
47 
50 
52 
41 
31 
6 
1 
0 
15 
25 
39 
24 
7 
6 
9 
16 
34 
31 
28 
23 
2 
5 
0 
7 
18 
21 
18 
6 
7 
8 
14 
54 
69 
65 
44 
44 
33 
25 
9 
6 
38 
21 
14 
13 
16 
3 
10 
19 
32 
46 
33 
48 
48 
29 
17 
3 
0 
3 
0 
0 
7 
8 
25 
23 
24 
12 
37 
29 
15 
4 
3 
1 
19 
30 
35 
26 
18 
3 
5 
9 
20 
54 
69 
63 
56 
37 
33 
23 
16 
3 
21 
11 
10 
12 
19 
11 
9 
16 
28 
31 
28 
37 
23 
16 
5 
16 
0 
7 
12 
17 
14 
3 
2 
1 
6 
14 
42 
47 
56 
43 
39 
35 
13 
1 
16 
39 
34 
36 
28 
28 
6 
26 
50 
62 
59 
66 
78 
74 
53 
30 
23 
7 
26 
30 
36 
41 
46 
34 
2 
14 
45 
49 
55 
40 
28 
19 
21 
11 
18 
26 
14 
10 
8 
2 
10 
44 
8 
60 
19 
6 
14 
12 
9 
18 
18 
22 
32 
22 
17 
5 
0 
3 
3 
9 
38 
22 
14 
2 
30 
38 
26 
29 
46 
27 
24 
19 
7 
20 
20 
10 
14 
6 
12 
33 
44 
85 
89 
81 
29 
15 
16 
34 
39 
26 
18 
11 
5 
18 
8 
6 
2 
18 
12 
0 
7 
21 
1 
14 
21 
33 
57 
73 
77 
65 
41 
31 
79 
81 
32 
42 
1 
10 
11 
2 
5 
10 
59 
70 
82 
75 
85 
93 
22 
46 
77 
42 
12 
6 
44 
206 
253 
87 
50 
221 
265 
123 
42 
12 
66 
23 
25 
78 
71 
85 
96 
64 
40 
18 
81 
68 
58 
78 
31 
26 
45 
15 
133 
48 
19 
4 
56 
0 
47 
78 
60 
22 
3 
21 
64 
62 
29 
145 
148 
4 
13 
12 
7 
56 
71 
88 
67 
6 
18 
1 
22 
33 
50 
63 
72 
99 
95 
59 
35 
21 
59 
102 
114 
72 
52 
83 
77 
46 
2 
30 
7 
20 
75 
102 
100 
120 
109 
79 
110 
145 
114 
71 
75 
74 
10 
140 
292 
185 
18 
13 
0 
40 
44 
32 
34 
32 
55 
86 
140 
112 
58 
69 
12 
12 
72 
4 
80 
214 
146 
0 
55 
78 
44 
8 
43 
11 
13 
30 
60 
74 
25 
64 
108 
45 
25 
4 
4 
30 
25 
21 
11 
8 
22 
76 
70 
84 
89 
32 
80 
12 
79 
26 
53 
25 
40 
97 
32 
25 
34 
24 
19 
106 
34 
35 
13 
87 
130 
94 
18 
9 
110 
89 
95 
108 
7 
151 
72 
23 
22 
29 
9 
50 
40 
56 
67 
15 
117 
267 
103 
47 
71 
94 
19 
16 
64 
172 
145 
90 
102 
126 
133 
109 
23 
128 
200 
126 
17 
16 
65 
132 
237 
138 
58 
48 
124 
124 
56 
65 
9 
26 
99 
50 
24 
103 
82 
191 
79 
274 
317 
263 
45 
87 
152 
190 
126 
50 
56 
200 
194 
65 
27 
2 
118 
119 
11 
103 
108 
33 
31 
20 
20 
81 
14 
40 
135 
229 
116 
108 
115 
37 
102 
278 
0 
191 
134 
97 
121 
62 
10 
56 
110 
61 
171 
106 
109 
178 
151 
109 
253 
127 
210 
215 
157 
76 
69 
161 
101 
167 
250 
157 
57 
57 
133 
199 
246 
196 
118 
104 
119 
165 
194 
118 
158 
56 
81 
144 
324 
275 
150 
156 
251 
139 
94 
127 
52 
93 
71 
3 
61 
8 
216 
263 
287 
257 
153 
91 
143 
391 
413 
106 
181 
347 
267 
175 
105 
74 
96 
230 
329 
317 
349 
194 
28 
74 
99 
141 
180 
205 
243 
218 
82 
33 
62 
91 
95 
96 
77 
135 
170 
180 
244 
130 
23 
89 
203 
348 
329 
252 
163 
80 
97 
481 
450 
51 
158 
180 
51 
38 
1 
118 
105 
3 
56 
108 
42 
90 
293 
107 
5 
41 
153 
109 
5 
19 
43 
49 
72 
157 
200 
124 
151 
193 
84 
108 
43 
246 
192 
65 
21 
26 
18 
120 
294 
30 
130 
34 
11 
56 
40 
3 
89 
185 
52 
17 
13 
45 
144 
414 
427 
372 
237 
59 
187 
409 
185 
17 
14 
112 
92 
12 
97 
25 
129 
279 
130 
351 
252 
20 
51 
52 
185 
226 
320 
219 
294 
249 
5 
387 
114 
5 
39 
129 
53 
53 
7 
71 
37 
57 
152 
123 
5 
5 
68 
279 
401 
294 
186 
151 
266 
377 
106 
25 
83 
58 
27 
66 
7 
43 
10 
14 
104 
118 
153 
115 
58 
11 
168 
88 
162 
199 
76 
168 
93 
8 
17 
17 
120 
123 
85 
76 
43 
227 
293 
312 
242 
191 
58 
207 
356 
324 
389 
193 
63 
58 
30 
21 
84 
161 
251 
281 
192 
47 
8 
120 
131 
43 
6 
95 
309 
238 
257 
120 
15 
66 
157 
161 
101 
201 
216 
114 
153 
2 
92 
67 
82 
90 
57 
128 
237 
196 
386 
241 
162 
242 
206 
173 
114 
9 
166 
26 
85 
13 
85 
64 
38 
7 
7 
47 
72 
59 
109 
182 
56 
180 
37 
294 
200 
136 
267 
173 
285 
260 
49 
86 
111 
198 
228 
197 
204 
238 
113 
100 
195 
115 
27 
13 
29 
158 
82 
83 
49 
6 
54 
100 
52 
38 
4 
32 
10 
73 
72 
76 
60 
1 
74 
131 
208 
238 
146 
132 
159 
27 
40 
2 
148 
232 
542 
276 
3 
1 
50 
51 
4 
40 
40 
72 
111 
223 
261 
255 
157 
74 
55 
61 
54 
220 
358 
223 
43 
140 
37 
46 
27 
119 
102 
89 
55 
120 
300 
311 
237 
15 
9 
199 
97 
134 
31 
3 
238 
511 
218 
8 
139 
119 
76 
93 
109 
23 
51 
203 
281 
52 
164 
34 
13 
281 
301 
223 
180 
0 
84 
86 
30 
4 
67 
4 
218 
96 
57 
42 
54 
141 
168 
148 
116 
73 
89 
256 
10 
70 
13 
60 
79 
190 
106 
1 
54 
124 
95 
39 
7 
4 
139 
253 
330 
392 
370 
253 
201 
76 
249 
340 
359 
137 
149 
9 
31 
57 
70 
93 
130 
148 
143 
136 
130 
84 
119 
225 
212 
92 
154 
113 
87 
3 
221 
96 
175 
125 
47 
135 
111 
20 
86 
149 
205 
167 
83 
51 
32 
6 
4 
45 
24 
38 
29 
96 
90 
150 
191 
102 
45 
259 
127 
2 
72 
29 
94 
106 
92 
58 
24 
102 
42 
53 
202 
137 
18 
38 
55 
87 
94 
111 
49 
25 
28 
43 
36 
55 
0 
42 
17 
160 
143 
298 
41 
178 
253 
417 
343 
215 
244 
170 
202 
163 
165 
57 
72 
132 
105 
37 
12 
67 
171 
237 
170 
127 
68 
197 
98 
62 
222 
307 
207 
207 
89 
25 
55 
139 
241 
223 
123 
32 
100 
241 
358 
424 
403 
365 
349 
223 
10 
267 
333 
142 
27 
205 
339 
30 
138 
69 
48 
60 
81 
109 
29 
92 
129 
83 
24 
71 
32 
70 
128 
136 
166 
157 
317 
265 
104 
10 
16 
73 
211 
123 
12 
1 
115 
94 
97 
110 
70 
17 
54 
64 
37 
36 
101 
74 
66 
58 
143 
106 
171 
192 
164 
29 
2 
71 
192 
49 
32 
117 
35 
88 
30 
31 
49 
215 
222 
44 
87 
198 
255 
266 
175 
100 
30 
78 
107 
144 
274 
198 
102 
57 
100 
161 
250 
168 
115 
88 
117 
75 
96 
90 
105 
95 
53 
111 
184 
75 
94 
51 
65 
21 
25 
28 
102 
69 
1 
12 
167 
243 
220 
196 
82 
1 
80 
136 
128 
24 
376 
295 
265 
311 
213 
21 
269 
238 
140 
72 
92 
114 
102 
172 
123 
30 
5 
103 
30 
11 
84 
99 
53 
104 
158 
110 
128 
242 
286 
280 
49 
29 
5 
67 
29 
62 
80 
75 
131 
111 
118 
82 
135 
185 
122 
46 
26 
89 
136 
223 
331 
210 
148 
24 
63 
214 
238 
296 
332 
258 
188 
33 
212 
350 
254 
78 
148 
57 
47 
5 
42 
15 
30 
38 
61 
62 
45 
19 
74 
147 
20 
12 
104 
2 
7 
136 
52 
133 
128 
168 
111 
88 
63 
31 
46 
153 
124 
2 
38 
70 
4 
50 
4 
39 
23 
20 
56 
36 
12 
81 
165 
191 
5 
67 
19 
114 
84 
22 
30 
195 
222 
293 
313 
196 
3 
53 
31 
39 
68 
299 
273 
156 
4 
7 
8 
98 
77 
19 
139 
193 
197 
274 
250 
262 
246 
171 
165 
82 
188 
328 
402 
514 
328 
205 
53 
164 
123 
63 
89 
119 
97 
0 
25 
5 
14 
114 
148 
100 
80 
88 
44 
8 
64 
130 
108 
92 
74 
26 
4 
31 
52 
35 
6 
40 
65 
95 
113 
40 
40 
145 
153 
173 
128 
10 
108 
16 
140 
74 
94 
84 
161 
223 
190 
148 
7 
73 
88 
123 
181 
154 
131 
136 
100 
19 
35 
55 
67 
97 
67 
217 
76 
11 
53 
84 
106 
116 
108 
115 
189 
184 
174 
149 
124 
90 
39 
7 
10 
74 
84 
94 
105 
103 
100 
85 
74 
41 
15 
61 
128 
142 
166 
95 
22 
16 
31 
8 
79 
101 
3 
65 
131 
108 
255 
201 
86 
66 
62 
158 
53 
127 
140 
137 
194 
119 
24 
149 
156 
92 
16 
65 
74 
11 
31 
61 
31 
64 
82 
90 
8 
11 
72 
125 
98 
51 
44 
40 
163 
101 
152 
5 
10 
7 
39 
116 
118 
106 
132 
180 
222 
189 
128 
14 
209 
362 
308 
187 
130 
76 
96 
304 
348 
345 
326 
246 
89 
45 
40 
105 
241 
191 
162 
177 
80 
87 
62 
85 
50 
33 
39 
41 
35 
29 
9 
64 
1 
30 
12 
82 
182 
151 
31 
71 
70 
16 
9 
41 
0 
4 
38 
67 
130 
198 
156 
57 
53 
0 
183 
180 
124 
59 
6 
141 
109 
118 
117 
72 
35 
4 
32 
7 
0 
73 
113 
65 
7 
87 
158 
213 
210 
153 
81 
46 
13 
61 
96 
138 
299 
422 
321 
240 
73 
129 
160 
172 
186 
248 
303 
185 
124 
58 
8 
40 
3 
0 
127 
198 
174 
24 
39 
27 
90 
179 
156 
85 
8 
79 
33 
30 
46 
78 
4 
139 
182 
183 
132 
87 
24 
33 
13 
33 
93 
116 
34 
110 
208 
216 
88 
34 
90 
121 
124 
180 
238 
208 
218 
201 
188 
75 
132 
164 
155 
141 
152 
98 
82 
94 
136 
82 
18 
39 
74 
36 
148 
112 
157 
223 
281 
293 
256 
135 
58 
47 
32 
1 
58 
188 
162 
129 
52 
57 
65 
341 
235 
98 
112 
77 
88 
128 
140 
159 
94 
18 
19 
36 
13 
41 
67 
91 
125 
72 
31 
38 
5 
89 
123 
152 
167 
151 
14 
136 
282 
272 
179 
119 
121 
153 
87 
124 
3 
62 
117 
142 
251 
350 
230 
77 
22 
132 
136 
132 
315 
392 
336 
215 
135 
71 
74 
184 
187 
183 
77 
26 
99 
38 
34 
0 
0 
68 
112 
65 
88 
92 
78 
49 
12 
25 
57 
43 
72 
21 
110 
143 
84 
18 
109 
153 
156 
135 
143 
89 
168 
140 
105 
105 
39 
135 
286 
217 
259 
149 
115 
119 
87 
61 
13 
50 
37 
46 
33 
99 
140 
75 
19 
80 
210 
204 
95 
101 
166 
34 
265 
19 
13 
112 
236 
107 
55 
59 
59 
45 
88 
39 
138 
94 
16 
1 
97 
188 
281 
275 
246 
192 
136 
34 
16 
36 
92 
163 
178 
157 
78 
129 
96 
73 
131 
171 
106 
28 
148 
234 
262 
271 
240 
157 
111 
67 
37 
20 
44 
130 
180 
183 
253 
176 
30 
97 
65 
4 
77 
103 
8 
92 
229 
337 
355 
298 
265 
191 
46 
39 
33 
109 
217 
262 
190 
105 
39 
125 
158 
115 
76 
111 
199 
231 
188 
65 
13 
124 
199 
159 
117 
100 
124 
54 
22 
6 
39 
123 
231 
208 
229 
208 
74 
0 
32 
27 
1 
42 
41 
150 
125 
97 
37 
52 
220 
188 
63 
53 
18 
51 
81 
58 
36 
142 
134 
25 
3 
40 
115 
145 
203 
291 
261 
148 
45 
3 
5 
35 
65 
78 
40 
3 
30 
2 
73 
115 
32 
23 
72 
73 
40 
30 
11 
12 
0 
28 
56 
49 
68 
4 
4 
7 
25 
122 
107 
141 
32 
19 
113 
85 
27 
122 
80 
44 
38 
34 
33 
143 
145 
219 
228 
147 
1 
124 
188 
129 
60 
3 
37 
21 
72 
84 
63 
166 
222 
205 
11 
20 
42 
57 
48 
34 
9 
2 
69 
77 
43 
63 
90 
53 
32 
23 
28 
76 
5 
33 
51 
62 
53 
28 
1 
52 
121 
126 
0 
75 
57 
6 
35 
62 
249 
390 
410 
214 
68 
51 
143 
20 
198 
343 
230 
191 
92 
52 
48 
157 
177 
107 
83 
41 
53 
30 
85 
84 
20 
178 
173 
129 
85 
5 
3 
11 
16 
75 
129 
103 
63 
90 
91 
6 
63 
74 
217 
203 
130 
120 
90 
103 
81 
10 
47 
67 
65 
15 
33 
60 
48 
34 
62 
101 
86 
9 
15 
60 
9 
10 
73 
16 
82 
76 
91 
79 
57 
66 
69 
81 
83 
47 
96 
22 
0 
39 
35 
76 
49 
42 
89 
12 
40 
26 
30 
63 
20 
40 
118 
100 
66 
31 
71 
69 
143 
222 
221 
175 
176 
138 
17 
45 
37 
101 
269 
250 
186 
141 
162 
157 
63 
41 
124 
64 
26 
129 
211 
226 
269 
203 
104 
121 
156 
75 
10 
2 
9 
25 
4 
175 
353 
318 
196 
272 
135 
94 
85 
193 
49 
28 
95 
170 
201 
8 
76 
57 
40 
53 
15 
56 
52 
115 
107 
121 
90 
27 
71 
159 
233 
142 
94 
152 
154 
80 
83 
24 
105 
191 
274 
279 
294 
296 
223 
163 
110 
84 
3 
173 
287 
319 
202 
74 
20 
98 
118 
61 
22 
97 
120 
5 
28 
113 
136 
104 
109 
85 
51 
24 
14 
5 
37 
35 
83 
122 
161 
197 
127 
17 
89 
127 
142 
155 
173 
134 
135 
69 
8 
34 
77 
110 
102 
89 
65 
53 
45 
42 
106 
62 
10 
25 
19 
4 
41 
52 
17 
20 
28 
33 
82 
98 
106 
84 
85 
55 
73 
91 
45 
18 
34 
5 
60 
78 
133 
205 
102 
14 
93 
132 
99 
20 
38 
35 
65 
43 
27 
67 
15 
31 
31 
82 
123 
49 
91 
27 
20 
23 
86 
189 
204 
163 
68 
15 
5 
7 
51 
99 
94 
42 
11 
46 
82 
81 
61 
34 
45 
39 
7 
63 
90 
150 
10 
69 
101 
82 
17 
127 
158 
114 
62 
13 
115 
194 
223 
202 
227 
176 
116 
61 
11 
44 
91 
108 
104 
177 
138 
75 
5 
38 
44 
22 
14 
13 
76 
105 
67 
35 
2 
54 
51 
71 
15 
15 
44 
97 
87 
88 
84 
80 
49 
61 
60 
18 
31 
58 
62 
61 
50 
9 
85 
191 
227 
123 
13 
5 
31 
87 
70 
52 
90 
89 
25 
13 
21 
0 
22 
7 
0 
12 
53 
88 
43 
26 
37 
66 
59 
63 
12 
24 
36 
40 
55 
28 
3 
18 
5 
9 
18 
37 
28 
12 
19 
52 
30 
4 
5 
11 
1 
2 
2 
14 
11 
22 
37 
48 
33 
24 
20 
17 
18 
28 
7 
24 
8 
19 
0 
0 
13 
21 
13 
52 
76 
81 
51 
34 
13 
33 
45 
37 
20 
0 
10 
18 
34 
38 
64 
68 
40 
16 
5 
11 
7 
3 
7 
5 
31 
46 
28 
7 
20 
19 
14 
41 
70 
45 
18 
21 
35 
20 
4 
6 
11 
19 
16 
16 
19 
24 
49 
52 
38 
24 
13 
1 
8 
15 
11 
22 
29 
14 
2 
6 
18 
2 
50 
20 
80 
86 
77 
59 
44 
4 
19 
4 
0 
18 
64 
35 
25 
5 
49 
52 
39 
44 
45 
19 
10 
5 
11 
4 
22 
16 
15 
16 
3 
2 
1 
20 
42 
47 
52 
45 
15 
16 
40 
13 
1 
1 
0 
20 
29 
34 
2 
33 
38 
33 
24 
23 
26 
25 
48 
32 
5 
6 
1 
18 
44 
47 
15 
7 
16 
23 
36 
45 
52 
52 
23 
16 
32 
31 
20 
0 
15 
39 
18 
19 
2 
14 
4 
7 
3 
2 
2 
9 
23 
13 
0 
9 
17 
2 
9 
11 
13 
2 
15 
35 
37 
50 
85 
103 
44 
35 
12 
51 
30 
26 
8 
35 
25 
2 
17 
36 
35 
24 
35 
20 
9 
7 
10 
6 
0 
18 
17 
10 
13 
30 
37 
48 
48 
0 
43 
0 
48 
35 
3 
48 
25 
12 
0 
1 
17 
2 
5 
37 
65 
59 
76 
65 
61 
27 
18 
14 
6 
6 
12 
0 
26 
32 
10 
26 
38 
38 
42 
36 
28 
15 
3 
1 
0 
4 
0 
8 
5 
9 
13 
11 
1 
11 
22 
29 
79 
68 
64 
67 
70 
70 
66 
57 
60 
42 
38 
24 
31 
38 
49 
58 
52 
26 
15 
7 
56 
68 
21 
10 
11 
20 
19 
11 
3 
21 
25 
5 
15 
66 
50 
44 
27 
14 
1 
61 
39 
24 
48 
48 
23 
2 
13 
32 
70 
73 
35 
28 
10 
12 
9 
6 
16 
23 
15 
10 
12 
7 
1 
19 
33 
32 
26 
13 
9 
2 
3 
0 
2 
2 
19 
13 
18 
2 
14 
10 
6 
18 
27 
45 
41 
17 
4 
0 
17 
16 
3 
33 
53 
20 
1 
14 
21 
34 
29 
74 
113 
77 
15 
19 
33 
42 
38 
6 
1 
2 
1 
2 
4 
30 
42 
53 
9 
33 
20 
21 
46 
35 
13 
21 
1 
6 
17 
10 
5 
12 
15 
17 
3 
30 
36 
25 
14 
20 
19 
10 
10 
10 
13 
12 
13 
11 
4 
17 
27 
42 
40 
35 
14 
5 
6 
4 
2 
9 
11 
12 
13 
13 
4 
31 
55 
47 
42 
24 
13 
6 
3 
7 
0 
12 
12 
21 
19 
19 
0 
8 
25 
37 
47 
51 
79 
60 
47 
21 
1 
0 
2 
1 
29 
26 
13 
19 
4 
11 
18 
38 
36 
29 
2 
3 
7 
7 
1 
23 
12 
2 
9 
11 
3 
16 
20 
17 
35 
26 
28 
23 
35 
6 
16 
14 
12 
21 
11 
10 
0 
14 
29 
43 
44 
68 
55 
14 
3 
20 
16 
13 
0 
0 
19 
31 
11 
0 
6 
9 
46 
49 
43 
44 
36 
20 
20 
7 
0 
16 
12 
24 
15 
0 
1 
23 
32 
36 
37 
23 
27 
23 
16 
12 
3 
7 
1 
5 
11 
18 
9 
11 
28 
36 
37 
35 
39 
32 
12 
7 
5 
6 
0 
26 
18 
8 
0 
3 
3 
12 
43 
56 
36 
21 
23 
28 
16 
0 
7 
31 
19 
26 
19 
11 
3 
20 
37 
37 
42 
37 
47 
38 
16 
13 
17 
4 
8 
12 
3 
19 
6 
2 
9 
15 
16 
39 
36 
23 
8 
4 
13 
3 
4 
0 
2 
20 
7 
1 
9 
14 
29 
41 
36 
28 
19 
20 
28 
13 
0 
11 
7 
14 
16 
11 
14 
12 
3 
21 
48 
50 
51 
56 
36 
13 
17 
13 
11 
8 
16 
17 
2 
6 
1 
34 
37 
42 
37 
27 
12 
7 
9 
4 
9 
0 
9 
14 
1 
5 
26 
15 
20 
3 
20 
35 
40 
21 
0 
11 
11 
18 
4 
8 
10 
2 
9 
1 
57 
40 
29 
9 
15 
12 
13 
12 
4 
2 
10 
2 
13 
22 
3 
14 
13 
23 
33 
40 
41 
21 
7 
0 
3 
4 
0 
3 
14 
21 
14 
18 
3 
20 
50 
67 
57 
56 
51 
12 
4 
11 
15 
12 
13 
6 
18 
2 
2 
33 
37 
42 
39 
20 
7 
12 
19 
10 
5 
0 
10 
10 
5 
1 
26 
37 
20 
23 
12 
31 
44 
49 
23 
0 
12 
12 
7 
15 
27 
6 
1 
2 
4 
9 
25 
48 
47 
48 
43 
39 
28 
0 
3 
13 
15 
18 
20 
19 
0 
24 
39 
42 
37 
29 
31 
35 
4 
5 
0 
1 
12 
11 
3 
0 
15 
3 
24 
35 
40 
27 
24 
12 
17 
3 
15 
4 
0 
11 
10 
12 
3 
1 
18 
5 
32 
43 
42 
17 
7 
4 
0 
3 
10 
1 
8 
3 
16 
1 
5 
22 
33 
38 
41 
30 
21 
27 
16 
4 
9 
10 
11 
23 
26 
26 
11 
6 
29 
45 
56 
56 
57 
47 
27 
15 
0 
20 
16 
11 
19 
14 
0 
24 
37 
39 
48 
50 
40 
27 
10 
10 
1 
9 
7 
19 
13 
15 
18 
12 
1 
5 
38 
49 
34 
25 
43 
68 
30 
2 
17 
13 
9 
13 
23 
22 
0 
24 
31 
24 
19 
32 
31 
16 
8 
1 
3 
4 
4 
5 
0 
3 
7 
6 
10 
13 
42 
47 
50 
49 
37 
0 
0 
3 
4 
0 
7 
7 
18 
8 
0 
5 
14 
25 
34 
25 
36 
28 
17 
15 
0 
0 
1 
15 
32 
27 
17 
1 
13 
41 
48 
49 
59 
47 
43 
39 
43 
26 
8 
16 
36 
40 
27 
19 
6 
5 
26 
41 
36 
28 
21 
23 
39 
27 
3 
0 
24 
24 
21 
6 
10 
25 
26 
29 
22 
29 
23 
24 
4 
5 
4 
11 
11 
2 
13 
10 
5 
9 
21 
44 
70 
57 
47 
36 
18 
6 
3 
2 
6 
10 
16 
19 
35 
2 
13 
16 
34 
45 
36 
51 
56 
34 
12 
5 
18 
10 
24 
15 
15 
8 
0 
14 
29 
28 
35 
28 
21 
24 
24 
13 
4 
8 
7 
18 
13 
10 
18 
25 
34 
37 
27 
36 
31 
30 
1 
0 
0 
0 
2 
15 
11 
14 
1 
6 
9 
24 
39 
48 
45 
39 
36 
26 
14 
4 
10 
22 
28 
17 
18 
9 
2 
12 
26 
25 
29 
28 
30 
29 
23 
14 
8 
5 
11 
0 
3 
8 
6 
25 
20 
19 
24 
39 
24 
12 
5 
19 
20 
1 
28 
31 
23 
12 
5 
1 
4 
29 
37 
56 
47 
46 
33 
11 
12 
0 
14 
20 
11 
7 
8 
11 
1 
13 
13 
12 
30 
35 
28 
39 
28 
15 
6 
1 
8 
19 
18 
27 
13 
5 
23 
23 
25 
36 
30 
33 
17 
18 
21 
24 
8 
2 
4 
0 
9 
22 
25 
27 
28 
45 
40 
22 
12 
17 
4 
15 
27 
16 
5 
6 
1 
0 
0 
10 
25 
29 
32 
35 
32 
21 
8 
0 
4 
5 
14 
25 
18 
20 
1 
0 
14 
31 
43 
49 
36 
34 
23 
24 
15 
4 
0 
11 
20 
15 
6 
1 
7 
0 
26 
38 
34 
38 
25 
34 
29 
19 
24 
28 
9 
0 
13 
18 
17 
9 
21 
20 
22 
29 
29 
32 
20 
11 
11 
3 
1 
3 
1 
3 
7 
1 
5 
20 
29 
37 
46 
45 
31 
19 
8 
8 
9 
15 
24 
13 
10 
7 
1 
11 
36 
52 
48 
31 
32 
40 
28 
12 
0 
7 
1 
3 
10 
20 
27 
18 
7 
21 
20 
34 
45 
44 
28 
21 
0 
3 
4 
11 
10 
5 
10 
3 
10 
25 
21 
36 
38 
33 
23 
8 
12 
9 
3 
0 
11 
6 
4 
11 
6 
9 
29 
38 
39 
28 
19 
18 
13 
0 
1 
14 
13 
14 
9 
8 
11 
20 
38 
49 
37 
12 
34 
25 
20 
19 
16 
0 
0 
6 
12 
19 
0 
12 
10 
9 
9 
33 
28 
2 
1 
6 
13 
16 
11 
20 
12 
2 
14 
9 
18 
21 
41 
36 
31 
28 
29 
15 
20 
3 
6 
15 
11 
20 
19 
12 
7 
3 
26 
26 
30 
13 
21 
16 
21 
17 
16 
4 
15 
8 
13 
3 
36 
36 
29 
36 
36 
29 
15 
23 
30 
34 
33 
26 
6 
7 
9 
1 
5 
29 
40 
40 
73 
65 
44 
16 
35 
24 
20 
17 
3 
20 
23 
22 
25 
22 
13 
5 
23 
29 
28 
21 
25 
22 
9 
18 
21 
16 
12 
0 
1 
14 
6 
9 
8 
18 
2 
17 
33 
36 
38 
17 
19 
20 
3 
14 
11 
11 
5 
5 
20 
14 
29 
32 
14 
25 
54 
29 
28 
16 
2 
16 
11 
10 
17 
6 
6 
17 
14 
31 
28 
19 
12 
5 
10 
12 
14 
3 
14 
3 
0 
9 
21 
24 
37 
49 
52 
50 
37 
27 
6 
10 
3 
0 
3 
0 
0 
1 
4 
5 
1 
2 
33 
45 
40 
31 
8 
13 
19 
7 
8 
4 
6 
0 
6 
12 
7 
15 
24 
34 
21 
8 
3 
0 
5 
12 
4 
0 
4 
1 
18 
13 
15 
32 
42 
45 
41 
34 
23 
12 
7 
8 
2 
2 
6 
1 
22 
9 
6 
0 
18 
33 
37 
48 
51 
40 
19 
16 
8 
1 
3 
19 
16 
19 
22 
18 
7 
16 
30 
41 
9 
3 
13 
24 
38 
33 
28 
22 
30 
4 
14 
32 
51 
54 
58 
69 
72 
66 
61 
45 
20 
9 
5 
5 
18 
19 
29 
18 
6 
5 
17 
13 
33 
43 
33 
16 
8 
14 
5 
6 
20 
20 
30 
33 
25 
2 
18 
47 
73 
77 
73 
44 
51 
36 
15 
4 
5 
10 
19 
17 
30 
20 
0 
7 
17 
29 
33 
33 
37 
37 
28 
21 
1 
1 
6 
22 
23 
13 
5 
9 
2 
3 
33 
42 
42 
46 
39 
28 
14 
1 
15 
39 
31 
33 
26 
11 
3 
37 
66 
69 
67 
52 
59 
48 
27 
16 
7 
8 
17 
30 
47 
35 
11 
3 
14 
27 
29 
44 
42 
47 
24 
19 
26 
5 
1 
22 
31 
21 
6 
1 
7 
27 
45 
48 
42 
39 
24 
26 
17 
10 
10 
9 
18 
27 
25 
21 
17 
14 
16 
22 
23 
23 
41 
39 
29 
28 
11 
8 
7 
12 
1 
10 
21 
26 
25 
29 
42 
41 
43 
32 
18 
12 
1 
14 
20 
35 
42 
26 
19 
15 
4 
0 
28 
32 
36 
38 
25 
29 
12 
7 
0 
0 
0 
7 
7 
1 
1 
17 
25 
33 
39 
29 
38 
31 
26 
13 
8 
4 
0 
11 
26 
26 
0 
12 
18 
26 
37 
49 
40 
39 
20 
12 
17 
7 
0 
14 
21 
14 
17 
2 
9 
7 
33 
32 
30 
22 
9 
12 
1 
18 
24 
24 
4 
7 
9 
28 
34 
63 
68 
63 
56 
40 
37 
10 
3 
15 
3 
3 
3 
11 
51 
53 
54 
53 
36 
8 
14 
57 
65 
71 
68 
69 
63 
30 
8 
2 
20 
27 
3 
28 
25 
23 
44 
56 
48 
36 
24 
28 
4 
20 
40 
56 
39 
24 
19 
2 
10 
3 
6 
26 
38 
39 
52 
47 
24 
16 
0 
14 
7 
7 
14 
6 
7 
6 
13 
13 
31 
41 
42 
23 
4 
3 
3 
0 
3 
6 
6 
1 
2 
3 
7 
25 
36 
54 
47 
40 
27 
20 
5 
0 
11 
3 
5 
6 
9 
12 
7 
6 
18 
25 
33 
44 
39 
40 
15 
6 
2 
3 
6 
10 
4 
6 
2 
1 
1 
9 
17 
35 
25 
4 
3 
13 
2 
19 
28 
19 
28 
30 
40 
37 
33 
31 
51 
56 
48 
36 
16 
8 
12 
17 
27 
26 
32 
31 
43 
41 
26 
10 
1 
18 
35 
37 
39 
53 
48 
38 
38 
46 
50 
32 
11 
5 
2 
1 
5 
9 
6 
11 
0 
5 
16 
11 
5 
1 
4 
4 
21 
12 
12 
17 
31 
36 
43 
46 
37 
23 
8 
4 
5 
4 
7 
7 
10 
12 
15 
20 
11 
6 
17 
33 
44 
42 
29 
18 
17 
2 
1 
8 
19 
33 
45 
37 
9 
19 
29 
37 
53 
73 
74 
53 
27 
24 
34 
16 
2 
8 
27 
11 
3 
8 
13 
24 
16 
43 
48 
40 
17 
17 
7 
8 
19 
31 
22 
4 
11 
8 
0 
19 
40 
47 
44 
39 
40 
28 
9 
4 
11 
11 
18 
32 
35 
25 
1 
21 
32 
34 
35 
40 
43 
28 
23 
8 
20 
2 
16 
23 
30 
18 
11 
2 
9 
21 
49 
56 
59 
52 
44 
29 
21 
5 
4 
16 
19 
27 
24 
19 
0 
20 
36 
44 
43 
44 
38 
36 
21 
9 
0 
1 
11 
18 
22 
28 
11 
19 
24 
27 
32 
41 
35 
24 
12 
10 
12 
3 
12 
17 
14 
5 
1 
2 
17 
25 
32 
42 
47 
36 
33 
39 
35 
23 
11 
7 
9 
1 
14 
18 
16 
6 
25 
38 
29 
17 
31 
35 
21 
2 
6 
2 
10 
28 
23 
26 
9 
7 
16 
27 
32 
51 
40 
29 
11 
8 
5 
0 
1 
18 
21 
22 
13 
1 
5 
17 
24 
38 
38 
35 
16 
19 
16 
3 
0 
0 
0 
3 
4 
0 
2 
17 
36 
46 
53 
59 
56 
48 
27 
11 
5 
0 
4 
32 
44 
43 
29 
14 
1 
19 
17 
44 
47 
40 
25 
23 
27 
24 
20 
12 
7 
3 
1 
6 
9 
2 
12 
30 
31 
24 
15 
15 
20 
14 
0 
6 
9 
14 
13 
8 
8 
22 
23 
32 
47 
44 
31 
24 
22 
12 
5 
6 
0 
11 
23 
22 
1 
7 
20 
30 
25 
44 
40 
23 
20 
4 
0 
14 
16 
19 
20 
7 
5 
5 
18 
25 
54 
61 
52 
24 
25 
19 
7 
5 
26 
20 
7 
2 
5 
6 
0 
29 
37 
46 
49 
36 
32 
21 
0 
5 
14 
8 
3 
14 
39 
49 
25 
13 
15 
37 
55 
84 
85 
79 
67 
44 
25 
10 
13 
25 
