24 
0 
4 
14 
27 
26 
0 
19 
23 
23 
15 
34 
48 
39 
37 
26 
25 
19 
8 
3 
6 
6 
7 
3 
13 
9 
5 
5 
7 
12 
28 
44 
33 
20 
1 
3 
9 
15 
22 
27 
26 
3 
17 
19 
29 
39 
58 
64 
58 
46 
26 
18 
6 
0 
16 
29 
15 
12 
16 
17 
9 
10 
16 
26 
35 
43 
46 
45 
36 
19 
9 
16 
10 
0 
6 
7 
10 
10 
2 
5 
16 
23 
17 
12 
7 
5 
6 
11 
10 
10 
4 
7 
1 
4 
7 
10 
19 
33 
38 
26 
28 
26 
20 
7 
1 
21 
22 
18 
34 
31 
5 
19 
41 
63 
72 
52 
65 
76 
63 
40 
9 
5 
14 
30 
57 
64 
24 
0 
1 
11 
21 
43 
49 
50 
30 
28 
25 
21 
2 
13 
22 
21 
19 
5 
3 
4 
17 
36 
44 
45 
47 
39 
31 
12 
0 
12 
10 
14 
21 
19 
4 
6 
6 
21 
22 
25 
29 
24 
14 
10 
4 
7 
10 
10 
5 
2 
10 
9 
8 
16 
19 
27 
29 
13 
4 
3 
1 
15 
11 
6 
26 
24 
5 
8 
7 
29 
51 
68 
59 
44 
37 
33 
35 
15 
0 
23 
9 
8 
17 
20 
16 
9 
12 
27 
28 
28 
36 
43 
38 
32 
28 
19 
16 
0 
15 
11 
3 
0 
10 
25 
36 
32 
26 
8 
6 
4 
7 
9 
22 
25 
13 
5 
5 
9 
15 
29 
49 
53 
32 
14 
2 
17 
23 
19 
10 
2 
1 
8 
10 
10 
9 
22 
24 
14 
22 
9 
2 
6 
0 
15 
33 
18 
19 
20 
5 
9 
26 
44 
62 
54 
52 
69 
70 
51 
25 
3 
0 
1 
12 
17 
45 
29 
12 
6 
13 
17 
8 
11 
20 
13 
0 
13 
18 
25 
22 
7 
6 
17 
23 
28 
26 
26 
30 
46 
41 
32 
22 
24 
14 
1 
6 
15 
7 
17 
27 
21 
3 
10 
5 
13 
26 
34 
40 
40 
36 
23 
2 
7 
4 
20 
13 
5 
6 
9 
6 
9 
33 
58 
63 
47 
42 
34 
33 
23 
0 
8 
18 
25 
24 
24 
13 
3 
9 
23 
29 
30 
44 
55 
55 
30 
9 
5 
8 
3 
13 
19 
21 
2 
1 
3 
9 
32 
36 
24 
17 
2 
8 
19 
6 
0 
2 
1 
1 
16 
6 
6 
29 
28 
25 
20 
15 
20 
17 
1 
4 
10 
4 
9 
7 
0 
5 
12 
23 
31 
27 
31 
23 
26 
13 
6 
3 
0 
5 
15 
10 
2 
7 
7 
14 
35 
36 
49 
62 
56 
40 
26 
8 
14 
3 
8 
9 
9 
3 
9 
9 
11 
1 
11 
6 
2 
2 
3 
16 
17 
15 
1 
12 
16 
20 
32 
36 
35 
50 
42 
34 
37 
23 
23 
6 
5 
16 
26 
24 
25 
28 
39 
18 
0 
9 
19 
30 
35 
53 
50 
47 
22 
14 
9 
2 
5 
12 
29 
15 
8 
8 
1 
32 
51 
44 
38 
44 
38 
40 
20 
5 
5 
0 
9 
10 
3 
2 
4 
16 
18 
9 
0 
13 
28 
7 
1 
0 
6 
13 
11 
22 
37 
14 
2 
16 
19 
34 
46 
56 
56 
46 
26 
23 
30 
16 
2 
12 
26 
26 
40 
35 
32 
4 
29 
51 
57 
52 
48 
55 
41 
27 
1 
6 
4 
6 
11 
1 
3 
14 
24 
16 
1 
0 
4 
5 
4 
4 
18 
17 
4 
12 
14 
25 
1 
14 
19 
19 
35 
34 
40 
42 
30 
21 
32 
19 
10 
2 
15 
8 
10 
10 
5 
13 
31 
28 
13 
20 
20 
15 
7 
3 
2 
10 
0 
6 
0 
6 
18 
13 
15 
15 
16 
19 
14 
3 
4 
7 
14 
6 
7 
3 
0 
1 
17 
46 
41 
50 
46 
40 
27 
27 
1 
0 
9 
10 
2 
8 
19 
13 
7 
5 
16 
4 
20 
37 
25 
36 
42 
52 
27 
8 
13 
10 
5 
4 
3 
2 
9 
22 
33 
39 
36 
28 
25 
9 
5 
16 
21 
5 
6 
29 
13 
11 
14 
24 
25 
33 
44 
37 
26 
2 
6 
6 
1 
3 
1 
4 
3 
5 
8 
21 
21 
37 
50 
38 
33 
30 
22 
22 
11 
0 
9 
18 
29 
31 
28 
18 
6 
20 
17 
21 
17 
15 
19 
8 
11 
6 
1 
12 
20 
12 
7 
4 
9 
13 
20 
33 
49 
56 
51 
38 
30 
27 
19 
11 
2 
21 
31 
31 
14 
8 
9 
7 
34 
30 
25 
6 
0 
2 
6 
21 
30 
22 
7 
1 
9 
21 
49 
70 
68 
72 
71 
49 
40 
33 
5 
6 
11 
11 
22 
35 
41 
20 
0 
0 
6 
5 
22 
46 
40 
20 
14 
13 
2 
0 
8 
8 
1 
6 
7 
3 
13 
15 
13 
9 
8 
9 
11 
23 
18 
13 
4 
20 
20 
19 
13 
11 
29 
41 
40 
47 
36 
20 
7 
3 
20 
28 
22 
13 
18 
17 
6 
1 
22 
33 
31 
19 
47 
44 
22 
33 
41 
28 
16 
14 
4 
14 
6 
8 
4 
13 
0 
8 
26 
30 
26 
28 
28 
24 
9 
9 
7 
9 
8 
9 
15 
23 
4 
9 
15 
29 
25 
26 
39 
27 
26 
7 
11 
15 
13 
16 
32 
23 
1 
14 
29 
33 
44 
47 
36 
37 
13 
18 
18 
0 
3 
3 
8 
5 
6 
1 
2 
13 
29 
41 
42 
37 
46 
39 
7 
18 
20 
27 
14 
3 
12 
8 
9 
8 
12 
14 
5 
12 
12 
5 
4 
3 
7 
14 
24 
33 
32 
19 
0 
18 
35 
65 
74 
84 
75 
59 
23 
27 
24 
4 
18 
38 
54 
42 
31 
8 
0 
33 
46 
59 
56 
48 
24 
14 
20 
15 
8 
0 
2 
15 
16 
11 
5 
12 
23 
29 
19 
26 
24 
11 
8 
6 
1 
7 
12 
30 
23 
6 
5 
16 
21 
35 
40 
43 
35 
41 
23 
31 
24 
6 
2 
17 
21 
5 
5 
4 
0 
19 
39 
34 
28 
32 
32 
34 
11 
3 
27 
23 
21 
18 
19 
4 
2 
23 
28 
37 
27 
29 
7 
10 
5 
3 
3 
20 
27 
34 
17 
31 
33 
39 
24 
15 
24 
21 
2 
11 
8 
2 
9 
14 
9 
10 
2 
0 
1 
0 
5 
18 
36 
33 
23 
14 
4 
1 
15 
22 
29 
18 
15 
7 
11 
22 
33 
44 
51 
45 
46 
26 
28 
20 
21 
0 
5 
0 
0 
2 
27 
4 
2 
4 
2 
12 
36 
39 
31 
32 
24 
23 
20 
24 
20 
2 
12 
11 
13 
20 
14 
2 
13 
19 
11 
29 
28 
34 
24 
20 
18 
3 
4 
1 
9 
11 
0 
11 
16 
27 
38 
46 
56 
37 
17 
7 
8 
11 
24 
22 
10 
14 
4 
9 
14 
5 
33 
49 
40 
28 
25 
22 
2 
6 
11 
0 
5 
2 
1 
2 
1 
9 
29 
33 
13 
18 
27 
16 
15 
11 
0 
11 
20 
20 
8 
5 
5 
6 
19 
39 
38 
35 
43 
35 
18 
3 
15 
12 
0 
6 
8 
2 
1 
8 
10 
16 
25 
19 
7 
4 
1 
14 
12 
5 
15 
14 
21 
4 
1 
1 
16 
41 
64 
74 
67 
53 
47 
47 
36 
8 
20 
23 
26 
29 
35 
26 
3 
16 
26 
24 
18 
26 
29 
19 
15 
8 
23 
14 
8 
5 
10 
4 
16 
20 
6 
4 
24 
18 
20 
1 
2 
28 
24 
12 
5 
13 
11 
1 
6 
6 
8 
13 
26 
20 
27 
37 
41 
36 
24 
20 
0 
2 
11 
23 
14 
1 
9 
11 
7 
21 
10 
25 
32 
32 
13 
10 
8 
8 
13 
10 
1 
6 
10 
19 
18 
14 
34 
48 
39 
31 
23 
5 
5 
15 
28 
27 
27 
22 
14 
2 
0 
14 
29 
37 
38 
44 
38 
36 
12 
0 
21 
11 
21 
4 
7 
0 
3 
19 
18 
28 
25 
48 
62 
54 
35 
25 
11 
10 
0 
22 
37 
18 
1 
7 
2 
3 
26 
45 
37 
33 
12 
20 
16 
0 
2 
11 
18 
16 
8 
19 
6 
0 
43 
46 
48 
50 
42 
41 
28 
14 
11 
16 
7 
9 
16 
20 
17 
7 
5 
21 
32 
34 
45 
47 
43 
28 
22 
17 
8 
5 
2 
8 
11 
6 
11 
16 
19 
39 
40 
32 
7 
1 
1 
15 
26 
18 
7 
3 
2 
0 
5 
34 
57 
59 
62 
50 
41 
30 
19 
1 
23 
25 
19 
36 
44 
42 
18 
17 
26 
39 
48 
63 
64 
40 
25 
12 
10 
17 
0 
22 
23 
22 
2 
13 
11 
19 
35 
35 
22 
10 
8 
5 
7 
0 
2 
6 
10 
8 
7 
1 
4 
29 
38 
33 
21 
9 
17 
26 
14 
0 
21 
4 
0 
1 
2 
10 
21 
17 
19 
15 
4 
26 
41 
29 
27 
22 
22 
17 
20 
14 
2 
4 
14 
7 
16 
26 
30 
34 
31 
22 
4 
0 
1 
6 
2 
1 
15 
7 
1 
7 
6 
17 
28 
29 
17 
1 
8 
6 
0 
7 
4 
1 
0 
11 
2 
0 
7 
25 
43 
49 
36 
48 
57 
36 
19 
6 
10 
6 
6 
32 
36 
23 
22 
7 
15 
31 
49 
46 
45 
33 
20 
21 
18 
5 
6 
21 
23 
21 
18 
16 
11 
13 
29 
41 
33 
19 
10 
11 
16 
15 
7 
5 
4 
9 
9 
1 
15 
9 
17 
23 
19 
28 
37 
52 
43 
25 
32 
19 
4 
25 
9 
0 
1 
1 
0 
3 
19 
22 
17 
14 
2 
1 
4 
9 
4 
0 
6 
22 
8 
6 
10 
13 
47 
42 
41 
31 
20 
12 
1 
6 
4 
1 
8 
16 
6 
5 
10 
31 
37 
37 
38 
30 
14 
4 
3 
3 
0 
1 
5 
0 
0 
1 
13 
10 
17 
33 
37 
41 
30 
8 
0 
1 
14 
2 
0 
12 
7 
4 
1 
5 
5 
15 
28 
37 
31 
14 
26 
28 
17 
0 
0 
4 
0 
4 
5 
13 
14 
3 
12 
23 
31 
39 
33 
21 
7 
11 
26 
22 
19 
4 
2 
2 
3 
0 
7 
6 
27 
35 
20 
10 
2 
5 
1 
8 
6 
26 
37 
17 
18 
7 
5 
40 
56 
60 
57 
50 
52 
63 
51 
33 
9 
3 
21 
13 
17 
22 
7 
9 
7 
16 
21 
11 
28 
18 
13 
6 
1 
1 
4 
10 
8 
8 
4 
8 
19 
24 
33 
41 
43 
41 
27 
8 
13 
0 
18 
29 
27 
14 
16 
2 
17 
23 
47 
50 
48 
51 
39 
38 
22 
13 
3 
9 
7 
11 
1 
10 
14 
4 
18 
39 
40 
37 
19 
2 
14 
8 
5 
1 
12 
8 
3 
11 
34 
38 
46 
46 
57 
62 
32 
21 
13 
1 
1 
3 
14 
41 
54 
48 
28 
14 
8 
26 
44 
59 
71 
54 
48 
38 
26 
8 
15 
23 
19 
27 
20 
16 
6 
13 
22 
23 
33 
23 
31 
24 
14 
10 
14 
4 
7 
19 
21 
20 
5 
22 
19 
33 
44 
45 
30 
28 
28 
20 
23 
2 
10 
1 
0 
10 
8 
18 
14 
13 
13 
14 
5 
0 
3 
12 
7 
1 
3 
4 
4 
6 
7 
5 
16 
30 
29 
18 
14 
31 
40 
35 
23 
18 
9 
6 
0 
17 
16 
12 
5 
1 
3 
6 
19 
31 
27 
25 
23 
20 
1 
17 
11 
13 
10 
5 
0 
4 
0 
14 
36 
40 
39 
39 
46 
46 
37 
28 
6 
4 
7 
13 
15 
18 
21 
5 
2 
16 
32 
36 
44 
38 
27 
18 
14 
3 
3 
13 
10 
7 
1 
11 
4 
5 
24 
39 
39 
30 
14 
19 
12 
1 
2 
0 
2 
6 
4 
14 
20 
7 
1 
11 
13 
23 
42 
46 
32 
30 
20 
2 
11 
7 
16 
13 
12 
4 
2 
10 
20 
24 
37 
35 
28 
1 
8 
15 
12 
3 
1 
14 
17 
27 
24 
21 
31 
49 
40 
30 
14 
28 
24 
12 
1 
8 
2 
0 
16 
12 
4 
2 
17 
21 
37 
29 
14 
12 
12 
1 
12 
8 
11 
7 
14 
7 
8 
8 
16 
23 
30 
43 
43 
43 
34 
30 
19 
4 
3 
1 
25 
11 
3 
11 
15 
9 
28 
39 
29 
17 
16 
10 
14 
3 
0 
11 
2 
9 
16 
10 
6 
14 
29 
29 
26 
11 
15 
5 
0 
7 
15 
1 
12 
12 
10 
4 
13 
27 
14 
17 
22 
45 
40 
26 
13 
0 
20 
10 
5 
13 
25 
10 
9 
4 
2 
4 
27 
41 
40 
27 
17 
17 
3 
8 
26 
14 
3 
12 
15 
14 
21 
37 
37 
35 
30 
18 
33 
26 
0 
1 
3 
9 
4 
5 
0 
14 
8 
11 
24 
25 
31 
39 
40 
20 
0 
4 
7 
13 
22 
16 
16 
0 
0 
9 
2 
4 
9 
21 
12 
7 
14 
0 
13 
7 
3 
3 
9 
2 
1 
9 
5 
23 
44 
39 
29 
24 
17 
26 
18 
8 
10 
2 
5 
18 
22 
17 
11 
12 
26 
43 
39 
49 
50 
38 
29 
2 
8 
6 
0 
10 
8 
2 
2 
4 
17 
20 
33 
39 
43 
35 
10 
11 
10 
2 
11 
27 
8 
0 
2 
1 
11 
16 
43 
28 
19 
0 
8 
4 
16 
23 
23 
13 
2 
13 
29 
36 
42 
57 
64 
71 
45 
57 
59 
42 
23 
14 
24 
20 
33 
45 
59 
37 
16 
7 
7 
17 
35 
46 
33 
25 
21 
5 
14 
7 
1 
16 
1 
4 
4 
5 
1 
7 
29 
41 
45 
31 
39 
28 
10 
14 
0 
17 
1 
9 
15 
2 
21 
23 
35 
35 
35 
17 
24 
10 
2 
15 
5 
3 
1 
2 
0 
0 
9 
15 
23 
17 
19 
28 
21 
9 
3 
13 
0 
1 
8 
8 
30 
44 
38 
30 
25 
27 
26 
35 
36 
7 
14 
2 
15 
9 
18 
26 
24 
22 
18 
13 
10 
17 
35 
32 
45 
53 
56 
40 
18 
20 
1 
1 
4 
8 
6 
14 
5 
17 
21 
28 
41 
40 
29 
15 
8 
4 
4 
1 
8 
15 
14 
2 
13 
8 
8 
3 
22 
39 
43 
46 
51 
49 
38 
19 
6 
0 
0 
17 
22 
22 
19 
0 
2 
11 
34 
36 
46 
30 
22 
20 
15 
2 
4 
9 
15 
24 
30 
16 
1 
9 
45 
75 
61 
64 
43 
39 
22 
11 
9 
21 
20 
9 
15 
5 
10 
14 
9 
22 
15 
3 
2 
9 
19 
11 
6 
3 
24 
33 
26 
36 
48 
56 
52 
36 
41 
32 
14 
4 
0 
3 
8 
3 
11 
21 
24 
22 
17 
10 
0 
19 
33 
50 
53 
35 
40 
40 
35 
18 
2 
5 
19 
13 
6 
6 
7 
4 
2 
16 
33 
25 
44 
52 
37 
26 
14 
4 
6 
21 
20 
16 
17 
1 
25 
32 
39 
20 
17 
13 
5 
13 
30 
43 
24 
9 
10 
19 
8 
4 
8 
13 
21 
42 
30 
18 
21 
22 
21 
5 
3 
10 
11 
11 
18 
6 
10 
1 
23 
18 
16 
19 
52 
51 
40 
28 
10 
8 
0 
18 
20 
18 
6 
20 
17 
16 
30 
43 
44 
34 
23 
0 
1 
7 
6 
16 
1 
1 
1 
2 
5 
2 
23 
42 
33 
25 
2 
1 
2 
8 
5 
18 
16 
8 
0 
14 
20 
44 
55 
58 
54 
31 
46 
42 
28 
12 
15 
11 
6 
5 
15 
10 
13 
14 
24 
28 
20 
30 
26 
15 
10 
4 
24 
10 
10 
9 
21 
4 
5 
11 
18 
29 
38 
51 
45 
43 
25 
6 
5 
2 
11 
16 
2 
2 
7 
7 
17 
33 
29 
24 
34 
27 
12 
23 
2 
5 
5 
7 
5 
3 
1 
7 
9 
0 
7 
1 
13 
34 
33 
30 
28 
24 
23 
10 
7 
1 
25 
35 
14 
5 
23 
23 
37 
51 
48 
50 
35 
38 
32 
6 
7 
7 
16 
17 
18 
11 
3 
3 
17 
26 
37 
28 
26 
20 
11 
3 
17 
19 
20 
39 
25 
15 
8 
37 
49 
58 
57 
81 
80 
64 
40 
13 
5 
3 
15 
31 
24 
18 
7 
10 
14 
6 
5 
28 
26 
15 
17 
20 
21 
11 
3 
17 
6 
17 
2 
2 
5 
21 
33 
33 
46 
31 
47 
38 
20 
1 
15 
24 
23 
16 
12 
20 
1 
9 
21 
17 
21 
49 
55 
38 
20 
9 
4 
12 
6 
6 
1 
26 
1 
7 
13 
3 
27 
23 
28 
31 
25 
14 
0 
1 
10 
20 
1 
4 
9 
10 
5 
5 
40 
47 
50 
22 
36 
30 
24 
14 
1 
21 
4 
15 
26 
36 
6 
13 
25 
36 
49 
39 
48 
40 
24 
2 
8 
3 
5 
18 
16 
15 
9 
13 
19 
1 
23 
40 
39 
33 
28 
8 
10 
2 
1 
15 
1 
13 
13 
10 
0 
5 
12 
21 
33 
12 
39 
44 
38 
26 
14 
7 
20 
7 
1 
12 
10 
17 
22 
27 
24 
12 
17 
21 
13 
2 
4 
1 
13 
17 
19 
8 
8 
7 
1 
3 
19 
47 
48 
44 
44 
27 
31 
22 
20 
2 
0 
0 
7 
13 
16 
19 
2 
8 
21 
5 
21 
24 
25 
17 
20 
10 
15 
8 
4 
13 
10 
25 
28 
28 
43 
35 
48 
47 
36 
24 
0 
2 
21 
36 
35 
31 
14 
4 
6 
1 
15 
36 
21 
20 
24 
17 
25 
22 
6 
2 
0 
19 
10 
9 
15 
21 
20 
23 
24 
16 
30 
23 
16 
15 
6 
2 
9 
20 
12 
8 
0 
7 
8 
1 
6 
28 
29 
29 
20 
12 
11 
5 
3 
1 
3 
2 
0 
9 
13 
18 
22 
45 
39 
28 
14 
22 
20 
8 
8 
23 
13 
12 
12 
0 
3 
17 
36 
48 
52 
41 
42 
24 
8 
8 
24 
17 
4 
0 
0 
2 
14 
34 
35 
30 
25 
43 
36 
19 
5 
20 
9 
1 
1 
18 
18 
8 
1 
5 
7 
11 
21 
34 
41 
34 
15 
19 
21 
8 
1 
12 
6 
5 
6 
16 
2 
21 
20 
13 
18 
15 
33 
35 
40 
17 
2 
10 
4 
3 
20 
15 
1 
16 
12 
23 
36 
65 
53 
42 
33 
20 
2 
0 
11 
35 
31 
9 
3 
0 
13 
19 
30 
51 
47 
37 
14 
7 
6 
4 
21 
25 
25 
20 
19 
27 
7 
14 
43 
48 
59 
45 
66 
62 
34 
18 
13 
2 
6 
7 
12 
29 
13 
3 
7 
5 
19 
21 
23 
17 
13 
1 
10 
8 
0 
2 
21 
3 
7 
7 
3 
4 
17 
31 
35 
35 
13 
17 
33 
34 
28 
13 
24 
16 
3 
1 
8 
0 
5 
19 
25 
23 
11 
13 
12 
7 
13 
4 
13 
0 
7 
3 
8 
7 
5 
6 
23 
26 
11 
2 
1 
8 
11 
30 
33 
24 
19 
26 
28 
22 
9 
10 
15 
25 
15 
1 
11 
10 
20 
14 
9 
13 
14 
13 
6 
6 
6 
5 
28 
31 
25 
1 
15 
18 
8 
9 
8 
1 
11 
14 
10 
17 
3 
6 
11 
17 
33 
34 
42 
44 
40 
18 
34 
43 
27 
13 
14 
14 
13 
17 
6 
3 
0 
19 
1 
12 
16 
2 
18 
22 
30 
23 
8 
11 
4 
7 
7 
26 
39 
37 
41 
21 
13 
29 
26 
31 
14 
15 
27 
34 
30 
18 
2 
7 
13 
19 
26 
39 
47 
44 
38 
34 
19 
9 
0 
0 
15 
23 
13 
0 
2 
4 
13 
35 
29 
7 
2 
9 
5 
3 
1 
10 
3 
1 
1 
29 
32 
52 
58 
56 
53 
23 
31 
31 
17 
1 
31 
30 
41 
38 
23 
15 
20 
3 
18 
14 
22 
46 
52 
37 
38 
29 
38 
47 
41 
42 
25 
24 
19 
4 
4 
6 
1 
3 
1 
18 
27 
35 
34 
29 
33 
23 
7 
13 
25 
39 
50 
64 
73 
78 
68 
51 
15 
13 
7 
0 
8 
4 
3 
30 
59 
67 
34 
3 
14 
24 
51 
70 
81 
79 
78 
53 
41 
47 
15 
10 
17 
39 
45 
49 
61 
54 
33 
9 
17 
17 
6 
33 
53 
62 
76 
79 
79 
85 
59 
29 
3 
16 
15 
1 
16 
25 
20 
1 
38 
55 
35 
48 
31 
19 
4 
24 
28 
70 
87 
62 
46 
132 
107 
17 
24 
16 
41 
52 
1 
35 
49 
47 
50 
51 
47 
26 
17 
40 
41 
40 
64 
71 
59 
49 
45 
7 
5 
7 
27 
64 
74 
12 
16 
8 
7 
3 
19 
7 
16 
39 
35 
45 
39 
7 
35 
58 
48 
31 
16 
25 
69 
68 
39 
4 
29 
56 
12 
49 
83 
41 
11 
35 
26 
34 
20 
27 
15 
16 
33 
48 
46 
91 
76 
42 
13 
25 
20 
17 
53 
73 
80 
80 
53 
16 
1 
21 
59 
67 
33 
32 
57 
73 
72 
38 
4 
31 
47 
55 
18 
22 
59 
90 
78 
73 
81 
28 
11 
4 
4 
9 
13 
5 
25 
10 
47 
80 
6 
74 
21 
45 
10 
46 
113 
39 
23 
41 
81 
110 
68 
9 
72 
96 
2 
25 
16 
40 
40 
70 
33 
32 
77 
74 
50 
79 
137 
20 
19 
36 
69 
64 
69 
80 
69 
33 
20 
10 
28 
56 
57 
32 
10 
2 
5 
1 
40 
3 
10 
15 
28 
11 
4 
6 
16 
10 
27 
10 
5 
22 
8 
16 
36 
73 
22 
35 
91 
55 
26 
11 
50 
1 
33 
16 
10 
26 
12 
5 
15 
0 
26 
93 
101 
133 
4 
92 
132 
42 
148 
143 
167 
29 
26 
10 
31 
78 
78 
3 
24 
55 
66 
61 
91 
74 
82 
72 
67 
69 
7 
133 
85 
27 
14 
14 
40 
20 
38 
12 
19 
60 
64 
33 
20 
37 
21 
1 
37 
40 
9 
31 
16 
25 
52 
97 
85 
70 
13 
16 
15 
17 
54 
35 
0 
31 
30 
4 
36 
13 
24 
12 
24 
39 
11 
17 
43 
30 
17 
4 
36 
86 
57 
62 
34 
0 
16 
13 
21 
76 
16 
65 
16 
1 
47 
54 
65 
76 
32 
12 
43 
14 
33 
13 
76 
74 
75 
46 
7 
64 
104 
151 
17 
129 
116 
53 
46 
98 
190 
109 
32 
65 
59 
52 
82 
57 
67 
46 
2 
9 
5 
62 
63 
56 
75 
45 
30 
41 
49 
25 
20 
56 
47 
5 
29 
25 
17 
24 
1 
5 
2 
25 
24 
41 
69 
54 
6 
28 
65 
31 
37 
53 
38 
43 
14 
30 
62 
55 
23 
14 
74 
25 
24 
66 
90 
76 
36 
27 
8 
25 
30 
4 
77 
43 
25 
37 
16 
10 
37 
5 
68 
66 
73 
94 
145 
130 
45 
20 
19 
7 
3 
5 
0 
53 
48 
7 
3 
24 
99 
43 
17 
57 
62 
40 
6 
22 
9 
21 
20 
21 
5 
46 
16 
37 
90 
98 
11 
27 
143 
117 
8 
44 
42 
95 
70 
56 
1 
9 
6 
28 
52 
14 
6 
28 
15 
49 
82 
67 
18 
12 
31 
33 
66 
96 
1 
56 
94 
90 
79 
66 
51 
62 
37 
42 
3 
26 
13 
12 
12 
10 
68 
41 
27 
0 
53 
2 
27 
5 
14 
15 
30 
25 
156 
23 
98 
117 
8 
0 
82 
130 
8 
50 
76 
72 
51 
21 
5 
18 
9 
5 
84 
82 
43 
12 
13 
39 
93 
143 
73 
135 
125 
123 
112 
64 
21 
232 
183 
1 
61 
47 
147 
237 
159 
186 
67 
25 
93 
143 
175 
374 
211 
163 
178 
82 
57 
29 
25 
39 
64 
83 
110 
90 
68 
35 
6 
43 
96 
75 
35 
93 
99 
10 
95 
174 
157 
134 
16 
15 
66 
116 
55 
47 
191 
63 
151 
40 
2 
38 
147 
26 
108 
88 
212 
96 
97 
117 
63 
441 
255 
88 
100 
93 
83 
37 
10 
91 
164 
62 
34 
71 
120 
52 
114 
0 
67 
31 
51 
173 
106 
26 
14 
33 
38 
120 
172 
149 
104 
49 
73 
133 
32 
75 
46 
36 
103 
53 
33 
89 
81 
64 
40 
71 
118 
15 
104 
219 
281 
172 
1 
33 
74 
110 
185 
149 
16 
49 
14 
0 
135 
77 
140 
93 
74 
182 
156 
87 
83 
226 
141 
72 
48 
11 
88 
71 
13 
75 
93 
132 
177 
170 
108 
74 
48 
12 
101 
83 
20 
29 
19 
5 
50 
13 
164 
37 
96 
75 
65 
35 
41 
5 
11 
5 
15 
38 
25 
85 
172 
225 
158 
11 
263 
407 
142 
154 
164 
55 
4 
182 
12 
30 
255 
267 
64 
264 
342 
343 
247 
106 
147 
66 
32 
83 
122 
87 
18 
8 
98 
118 
12 
58 
105 
179 
115 
53 
73 
44 
39 
71 
11 
30 
21 
1 
72 
9 
90 
112 
0 
53 
35 
50 
39 
155 
9 
23 
74 
99 
212 
158 
109 
356 
128 
116 
19 
137 
167 
117 
211 
209 
84 
76 
45 
55 
69 
6 
51 
11 
60 
218 
60 
287 
220 
151 
25 
26 
15 
1 
121 
202 
142 
8 
91 
68 
9 
18 
2 
146 
34 
59 
54 
156 
168 
81 
31 
97 
158 
120 
2 
111 
54 
1 
71 
203 
90 
10 
14 
92 
96 
6 
131 
79 
11 
79 
238 
106 
1 
32 
118 
174 
39 
26 
68 
72 
151 
104 
10 
145 
178 
82 
123 
14 
83 
90 
105 
33 
3 
65 
1 
92 
48 
49 
60 
90 
82 
246 
159 
19 
170 
276 
261 
197 
137 
105 
31 
67 
304 
177 
9 
148 
115 
15 
19 
0 
51 
105 
44 
34 
61 
161 
99 
128 
155 
171 
15 
241 
321 
27 
77 
7 
174 
178 
144 
61 
73 
18 
135 
10 
33 
25 
130 
54 
81 
34 
0 
20 
37 
49 
70 
99 
85 
6 
0 
36 
19 
67 
59 
72 
110 
51 
57 
30 
136 
66 
11 
200 
329 
68 
89 
6 
280 
272 
236 
83 
120 
160 
125 
126 
405 
340 
143 
86 
0 
106 
109 
276 
437 
226 
58 
23 
268 
211 
166 
21 
26 
2 
116 
136 
120 
2 
67 
52 
33 
20 
121 
155 
195 
92 
186 
162 
159 
29 
27 
316 
63 
95 
37 
61 
152 
162 
234 
96 
71 
112 
134 
187 
137 
88 
38 
56 
92 
44 
111 
153 
35 
19 
63 
267 
452 
44 
94 
6 
108 
113 
6 
58 
144 
151 
32 
32 
56 
34 
127 
239 
12 
113 
105 
135 
3 
80 
62 
8 
89 
247 
347 
307 
243 
150 
46 
19 
66 
63 
145 
10 
12 
34 
102 
118 
69 
67 
107 
148 
82 
22 
70 
121 
218 
206 
180 
253 
106 
354 
370 
91 
114 
156 
95 
82 
115 
107 
97 
109 
93 
7 
15 
188 
72 
301 
367 
317 
201 
143 
117 
4 
371 
623 
131 
31 
59 
90 
48 
166 
147 
128 
81 
39 
65 
114 
75 
39 
63 
77 
20 
148 
69 
71 
19 
164 
103 
1 
63 
33 
51 
255 
318 
28 
89 
324 
396 
327 
105 
284 
159 
24 
80 
34 
140 
5 
123 
103 
21 
121 
187 
60 
238 
80 
111 
85 
79 
172 
208 
249 
299 
247 
182 
158 
126 
59 
93 
191 
145 
3 
77 
92 
51 
112 
161 
167 
114 
102 
44 
90 
226 
400 
370 
328 
321 
214 
3 
64 
215 
315 
243 
168 
84 
64 
197 
190 
40 
141 
207 
155 
186 
39 
101 
136 
156 
204 
143 
49 
55 
309 
375 
29 
127 
137 
69 
97 
11 
149 
97 
70 
213 
56 
90 
56 
54 
141 
203 
191 
137 
67 
73 
11 
3 
43 
0 
144 
73 
6 
57 
229 
362 
92 
90 
148 
288 
192 
47 
35 
73 
41 
0 
17 
14 
32 
80 
125 
142 
47 
0 
53 
299 
286 
109 
157 
10 
28 
16 
82 
314 
272 
117 
74 
6 
11 
61 
335 
486 
146 
5 
206 
92 
81 
152 
138 
197 
151 
56 
4 
19 
60 
56 
248 
272 
201 
62 
68 
36 
32 
90 
37 
59 
184 
85 
46 
251 
276 
110 
33 
76 
35 
209 
242 
248 
175 
110 
79 
19 
128 
9 
432 
342 
148 
163 
84 
48 
124 
88 
4 
149 
132 
113 
151 
90 
87 
232 
95 
102 
201 
172 
158 
249 
32 
128 
147 
191 
162 
188 
171 
126 
6 
130 
225 
190 
165 
108 
9 
195 
320 
364 
348 
234 
95 
80 
39 
102 
358 
376 
47 
9 
59 
1 
19 
44 
130 
119 
67 
17 
100 
66 
114 
59 
207 
296 
14 
27 
62 
72 
159 
2 
130 
247 
164 
0 
59 
35 
98 
73 
114 
131 
105 
92 
104 
69 
98 
39 
399 
361 
129 
144 
77 
50 
163 
243 
314 
328 
182 
137 
72 
84 
48 
29 
31 
76 
89 
18 
35 
86 
97 
99 
258 
285 
139 
55 
108 
72 
79 
137 
111 
261 
256 
239 
103 
17 
34 
145 
116 
96 
75 
102 
202 
320 
164 
50 
39 
349 
36 
46 
49 
143 
125 
146 
266 
331 
248 
137 
100 
70 
34 
35 
78 
151 
155 
173 
125 
124 
89 
26 
34 
17 
82 
6 
14 
17 
73 
28 
25 
118 
152 
108 
106 
156 
112 
55 
38 
209 
107 
43 
38 
203 
237 
204 
129 
27 
74 
106 
167 
213 
220 
122 
104 
180 
173 
94 
66 
188 
241 
76 
113 
110 
108 
178 
195 
30 
111 
130 
230 
315 
311 
271 
129 
48 
15 
99 
125 
93 
62 
83 
104 
128 
131 
24 
52 
31 
8 
22 
3 
118 
114 
113 
43 
3 
107 
167 
55 
30 
113 
290 
219 
32 
0 
57 
50 
164 
110 
150 
88 
123 
88 
79 
176 
166 
11 
120 
108 
29 
26 
90 
27 
11 
24 
3 
60 
151 
161 
73 
13 
1 
8 
18 
106 
209 
256 
186 
95 
41 
152 
154 
138 
137 
115 
52 
48 
53 
35 
12 
56 
64 
61 
6 
37 
65 
6 
163 
292 
152 
16 
122 
156 
87 
96 
86 
9 
55 
56 
70 
8 
56 
58 
48 
30 
79 
177 
161 
96 
36 
15 
50 
44 
64 
32 
185 
136 
120 
163 
89 
70 
30 
65 
157 
238 
308 
258 
137 
60 
44 
57 
71 
259 
171 
88 
212 
355 
185 
70 
100 
167 
67 
15 
67 
60 
72 
57 
120 
171 
27 
80 
66 
27 
38 
87 
108 
135 
95 
22 
77 
56 
63 
33 
5 
36 
83 
82 
110 
54 
37 
51 
5 
135 
235 
188 
4 
71 
26 
115 
174 
61 
31 
5 
8 
13 
144 
138 
87 
40 
31 
63 
30 
7 
84 
2 
8 
39 
86 
140 
175 
45 
139 
47 
61 
23 
20 
101 
205 
63 
39 
15 
0 
7 
104 
68 
24 
44 
103 
121 
79 
75 
110 
135 
154 
174 
128 
59 
54 
91 
13 
159 
34 
31 
212 
332 
316 
54 
229 
268 
217 
162 
110 
86 
122 
418 
273 
17 
57 
3 
95 
47 
66 
28 
4 
61 
104 
65 
54 
19 
92 
84 
69 
80 
87 
146 
84 
39 
3 
12 
5 
99 
102 
50 
73 
45 
41 
1 
41 
31 
26 
9 
31 
83 
119 
0 
70 
31 
13 
55 
24 
9 
68 
70 
75 
158 
163 
148 
108 
79 
57 
16 
28 
161 
264 
242 
136 
60 
43 
127 
200 
236 
157 
78 
118 
394 
202 
75 
95 
10 
25 
3 
67 
84 
103 
196 
191 
125 
152 
79 
116 
47 
16 
77 
38 
113 
209 
179 
123 
88 
71 
106 
194 
150 
132 
76 
114 
50 
86 
303 
158 
55 
85 
177 
161 
172 
202 
134 
19 
244 
226 
177 
177 
211 
160 
120 
48 
132 
180 
340 
355 
296 
255 
250 
232 
112 
11 
136 
292 
371 
332 
423 
237 
46 
151 
235 
221 
169 
106 
104 
5 
6 
177 
278 
143 
13 
63 
39 
30 
91 
223 
314 
283 
137 
49 
25 
55 
36 
12 
66 
136 
197 
228 
196 
151 
197 
270 
257 
234 
188 
56 
133 
230 
58 
190 
269 
515 
464 
202 
207 
130 
98 
333 
423 
427 
325 
192 
89 
72 
27 
74 
172 
242 
182 
126 
46 
30 
20 
29 
74 
29 
148 
143 
150 
158 
55 
50 
69 
32 
58 
85 
35 
125 
301 
349 
218 
105 
87 
282 
256 
136 
345 
313 
136 
6 
163 
96 
84 
166 
252 
227 
148 
84 
124 
82 
19 
71 
142 
225 
316 
319 
240 
106 
129 
280 
281 
258 
236 
214 
179 
148 
25 
87 
230 
256 
243 
113 
6 
90 
177 
166 
114 
195 
168 
22 
37 
99 
196 
508 
485 
317 
138 
157 
253 
238 
222 
489 
621 
452 
201 
27 
135 
270 
442 
556 
586 
312 
110 
280 
274 
213 
143 
154 
125 
43 
18 
94 
216 
327 
253 
139 
110 
254 
304 
305 
282 
220 
38 
97 
95 
20 
86 
178 
131 
13 
54 
87 
144 
141 
236 
227 
66 
106 
312 
401 
365 
338 
210 
169 
60 
376 
419 
438 
386 
328 
244 
83 
66 
316 
462 
442 
137 
181 
315 
324 
308 
179 
128 
135 
157 
344 
382 
304 
248 
171 
158 
11 
222 
296 
315 
317 
269 
131 
11 
33 
9 
1 
104 
104 
33 
27 
12 
3 
26 
3 
21 
32 
27 
12 
61 
26 
252 
178 
210 
47 
146 
300 
297 
365 
456 
331 
204 
60 
103 
228 
332 
284 
243 
247 
214 
158 
48 
244 
209 
241 
304 
319 
224 
60 
218 
436 
494 
625 
538 
132 
235 
545 
834 
687 
394 
197 
168 
120 
41 
253 
257 
390 
374 
285 
183 
38 
68 
55 
16 
31 
48 
45 
59 
71 
104 
42 
25 
25 
33 
25 
96 
126 
134 
2 
35 
17 
188 
225 
197 
145 
103 
38 
1 
84 
238 
245 
177 
140 
59 
118 
118 
55 
17 
32 
41 
15 
26 
64 
20 
63 
54 
93 
93 
77 
130 
314 
368 
311 
307 
212 
109 
108 
107 
170 
231 
289 
357 
523 
482 
506 
255 
150 
140 
44 
303 
400 
426 
409 
338 
272 
212 
75 
159 
288 
372 
138 
79 
176 
123 
50 
113 
158 
94 
37 
46 
62 
124 
147 
146 
158 
22 
16 
39 
87 
101 
113 
17 
70 
35 
26 
51 
23 
3 
137 
280 
287 
188 
167 
74 
170 
245 
177 
139 
103 
31 
16 
4 
87 
118 
156 
175 
164 
2 
274 
410 
383 
305 
18 
285 
430 
414 
377 
267 
157 
67 
70 
48 
98 
222 
358 
217 
416 
370 
185 
54 
44 
19 
152 
267 
340 
260 
177 
103 
35 
69 
35 
53 
88 
54 
33 
48 
60 
99 
222 
14 
272 
311 
241 
39 
97 
132 
67 
23 
14 
24 
22 
209 
315 
285 
171 
191 
141 
38 
21 
1 
134 
238 
394 
442 
451 
340 
184 
74 
163 
387 
476 
446 
392 
327 
225 
86 
27 
172 
204 
217 
259 
239 
126 
34 
35 
1 
18 
83 
74 
220 
288 
327 
299 
139 
61 
21 
98 
171 
312 
238 
141 
42 
119 
31 
166 
77 
84 
344 
413 
269 
83 
21 
102 
143 
214 
221 
287 
349 
537 
453 
191 
6 
158 
566 
625 
566 
446 
305 
196 
136 
144 
60 
44 
293 
410 
519 
507 
238 
44 
24 
2 
24 
90 
121 
93 
45 
39 
196 
261 
181 
119 
66 
5 
30 
53 
18 
32 
11 
11 
16 
14 
34 
4 
61 
37 
39 
138 
162 
49 
121 
132 
101 
30 
20 
82 
187 
189 
141 
22 
94 
108 
189 
312 
304 
201 
143 
106 
59 
7 
13 
20 
111 
230 
275 
217 
139 
69 
38 
97 
103 
116 
113 
99 
42 
93 
121 
106 
36 
80 
143 
127 
74 
57 
49 
52 
56 
42 
90 
96 
1 
144 
185 
252 
182 
74 
5 
46 
145 
131 
1 
49 
49 
32 
13 
125 
168 
67 
12 
96 
155 
6 
115 
99 
44 
42 
17 
10 
37 
23 
25 
20 
109 
87 
3 
1 
38 
44 
32 
118 
156 
67 
125 
253 
227 
173 
94 
70 
36 
0 
30 
60 
45 
40 
7 
31 
70 
55 
15 
31 
38 
11 
1 
7 
31 
59 
34 
32 
40 
2 
49 
7 
7 
15 
6 
3 
44 
76 
154 
121 
32 
46 
36 
10 
67 
40 
22 
17 
3 
19 
39 
54 
54 
22 
7 
14 
44 
84 
43 
13 
26 
154 
164 
124 
59 
21 
98 
126 
5 
25 
61 
118 
2 
66 
17 
22 
25 
6 
75 
111 
53 
118 
129 
34 
28 
22 
48 
150 
197 
113 
104 
111 
105 
95 
89 
43 
12 
0 
37 
119 
165 
143 
93 
44 
11 
15 
34 
47 
42 
8 
44 
89 
45 
84 
75 
20 
15 
1 
52 
75 
27 
25 
13 
5 
29 
44 
20 
7 
24 
19 
12 
45 
80 
50 
42 
68 
91 
176 
144 
103 
86 
70 
57 
36 
83 
17 
137 
155 
161 
115 
90 
59 
12 
103 
129 
87 
24 
67 
43 
20 
27 
61 
58 
12 
54 
71 
93 
144 
165 
99 
42 
9 
44 
37 
4 
32 
32 
39 
25 
20 
47 
45 
16 
24 
17 
7 
0 
56 
87 
60 
17 
22 
31 
0 
19 
27 
36 
36 
22 
1 
15 
12 
19 
30 
37 
15 
31 
62 
59 
48 
42 
34 
15 
59 
57 
85 
231 
175 
39 
134 
173 
153 
136 
112 
65 
73 
62 
35 
27 
35 
59 
71 
17 
21 
5 
52 
5 
15 
29 
20 
32 
37 
66 
35 
19 
143 
12 
34 
12 
19 
37 
26 
27 
19 
8 
42 
22 
10 
18 
6 
2 
10 
28 
70 
60 
31 
35 
61 
60 
42 
12 
2 
27 
20 
9 
14 
2 
5 
2 
10 
10 
14 
2 
30 
29 
7 
1 
25 
30 
22 
19 
42 
41 
36 
39 
24 
4 
23 
25 
22 
20 
9 
7 
9 
35 
28 
11 
36 
47 
1 
15 
39 
96 
87 
7 
18 
5 
41 
41 
13 
16 
27 
24 
7 
23 
16 
27 
9 
39 
73 
19 
39 
60 
73 
53 
42 
28 
18 
8 
1 
22 
17 
0 
0 
54 
95 
74 
22 
1 
16 
7 
13 
5 
48 
66 
68 
68 
56 
44 
46 
21 
1 
2 
10 
0 
6 
9 
3 
14 
20 
44 
35 
32 
8 
3 
5 
4 
14 
25 
26 
3 
25 
38 
28 
23 
32 
16 
31 
35 
25 
41 
16 
6 
54 
57 
64 
58 
28 
13 
8 
3 
28 
34 
17 
14 
45 
61 
26 
10 
2 
22 
18 
22 
16 
20 
48 
50 
21 
20 
34 
16 
42 
25 
7 
64 
89 
28 
13 
13 
19 
53 
64 
83 
81 
66 
49 
29 
14 
9 
1 
27 
25 
5 
4 
15 
9 
0 
8 
17 
5 
34 
27 
11 
0 
0 
1 
2 
2 
15 
3 
3 
7 
11 
7 
23 
41 
46 
47 
56 
19 
20 
40 
64 
40 
10 
58 
28 
13 
17 
0 
34 
58 
1 
4 
1 
6 
3 
19 
26 
33 
22 
30 
21 
68 
100 
52 
7 
9 
3 
8 
24 
29 
54 
38 
25 
12 
22 
18 
52 
59 
60 
20 
20 
35 
19 
5 
17 
6 
26 
31 
39 
12 
18 
44 
53 
24 
5 
22 
19 
14 
2 
2 
37 
45 
18 
25 
14 
33 
47 
11 
29 
18 
10 
27 
6 
15 
20 
12 
24 
21 
22 
73 
32 
52 
59 
48 
61 
72 
63 
25 
5 
2 
20 
20 
17 
12 
23 
20 
5 
3 
11 
30 
51 
71 
50 
19 
10 
14 
8 
6 
30 
14 
10 
13 
15 
51 
55 
27 
27 
9 
0 
6 
0 
12 
21 
17 
18 
22 
4 
2 
24 
4 
29 
21 
68 
45 
37 
30 
2 
28 
8 
8 
3 
13 
7 
27 
41 
30 
6 
26 
4 
33 
54 
58 
14 
1 
6 
0 
14 
22 
17 
10 
2 
15 
29 
35 
29 
30 
45 
36 
9 
9 
13 
21 
0 
21 
46 
29 
10 
47 
51 
59 
46 
38 
32 
11 
8 
16 
30 
30 
30 
10 
14 
0 
12 
11 
12 
5 
3 
30 
51 
50 
44 
59 
46 
42 
2 
42 
72 
58 
48 
10 
31 
4 
14 
30 
35 
33 
23 
0 
8 
4 
31 
28 
9 
0 
3 
8 
5 
13 
2 
5 
8 
33 
30 
27 
14 
35 
37 
30 
17 
20 
6 
6 
29 
24 
10 
20 
45 
14 
32 
32 
8 
8 
8 
3 
4 
10 
3 
6 
7 
2 
9 
16 
21 
36 
41 
41 
17 
14 
2 
5 
19 
23 
0 
1 
2 
15 
16 
38 
38 
13 
0 
20 
13 
49 
12 
29 
31 
16 
8 
23 
30 
18 
9 
2 
2 
17 
33 
40 
21 
23 
44 
41 
33 
21 
3 
14 
7 
0 
16 
3 
0 
4 
8 
21 
19 
35 
38 
32 
22 
0 
10 
6 
6 
4 
1 
0 
0 
8 
3 
1 
4 
38 
47 
49 
50 
35 
19 
9 
8 
11 
13 
15 
22 
13 
2 
9 
33 
44 
28 
26 
30 
21 
10 
2 
12 
16 
4 
2 
6 
6 
10 
2 
12 
27 
9 
49 
64 
56 
27 
14 
26 
10 
1 
22 
35 
18 
16 
6 
1 
33 
73 
76 
47 
14 
3 
14 
15 
8 
16 
31 
21 
17 
2 
9 
16 
35 
43 
19 
13 
16 
31 
7 
1 
7 
2 
2 
5 
26 
42 
42 
38 
18 
20 
3 
32 
15 
24 
14 
3 
2 
13 
41 
34 
42 
54 
25 
5 
9 
10 
9 
6 
6 
28 
18 
11 
18 
22 
10 
8 
3 
0 
4 
19 
11 
2 
2 
2 
10 
22 
26 
44 
40 
18 
0 
6 
6 
6 
3 
1 
15 
7 
9 
12 
18 
10 
34 
38 
27 
12 
0 
11 
8 
4 
20 
22 
19 
18 
9 
1 
6 
2 
10 
12 
19 
7 
15 
18 
7 
1 
3 
1 
10 
27 
1 
15 
12 
7 
9 
13 
22 
62 
61 
44 
33 
6 
1 
4 
2 
17 
36 
32 
17 
34 
45 
45 
33 
12 
16 
21 
20 
8 
7 
11 
24 
31 
6 
0 
0 
0 
13 
38 
35 
37 
47 
28 
18 
34 
32 
10 
7 
5 
14 
0 
12 
8 
21 
27 
1 
0 
18 
5 
7 
10 
18 
6 
10 
13 
8 
2 
8 
1 
4 
28 
22 
45 
42 
56 
36 
18 
18 
2 
2 
17 
10 
8 
10 
24 
19 
10 
0 
8 
15 
15 
24 
16 
26 
20 
7 
6 
7 
9 
41 
50 
17 
17 
1 
11 
0 
25 
23 
19 
53 
45 
42 
16 
22 
18 
3 
3 
4 
12 
1 
0 
2 
7 
37 
41 
30 
24 
19 
18 
20 
4 
9 
21 
24 
37 
4 
30 
31 
48 
69 
72 
50 
10 
9 
2 
4 
17 
20 
9 
0 
6 
5 
2 
0 
0 
25 
36 
38 
41 
46 
17 
13 
8 
13 
2 
3 
0 
6 
13 
2 
6 
1 
0 
15 
40 
38 
44 
22 
27 
22 
22 
12 
19 
21 
15 
4 
4 
5 
13 
27 
31 
30 
8 
19 
35 
18 
12 
13 
6 
0 
0 
2 
1 
10 
8 
0 
23 
37 
51 
42 
18 
31 
13 
16 
27 
2 
1 
10 
11 
9 
12 
10 
5 
28 
37 
26 
21 
17 
16 
34 
28 
20 
4 
11 
12 
13 
1 
9 
15 
24 
28 
26 
34 
30 
19 
3 
5 
20 
33 
23 
18 
17 
7 
31 
37 
41 
56 
66 
47 
31 
33 
18 
2 
5 
13 
16 
16 
22 
8 
17 
22 
27 
32 
53 
37 
20 
8 
18 
10 
14 
9 
2 
7 
3 
7 
2 
9 
5 
22 
35 
26 
26 
12 
17 
22 
24 
13 
2 
8 
6 
14 
22 
10 
11 
3 
11 
31 
30 
23 
38 
29 
16 
6 
7 
4 
1 
5 
2 
19 
16 
3 
0 
7 
11 
12 
19 
7 
18 
25 
27 
33 
28 
10 
4 
11 
27 
15 
3 
15 
18 
30 
18 
22 
28 
23 
6 
9 
10 
6 
6 
2 
17 
18 
24 
47 
32 
28 
28 
26 
30 
10 
0 
5 
7 
5 
4 
3 
11 
0 
7 
7 
13 
22 
40 
24 
22 
6 
6 
18 
33 
18 
4 
1 
4 
12 
5 
2 
1 
8 
16 
17 
13 
17 
13 
19 
25 
26 
0 
16 
21 
7 
4 
0 
9 
13 
9 
1 
3 
7 
13 
14 
16 
4 
11 
21 
19 
17 
34 
28 
19 
0 
0 
5 
7 
30 
28 
23 
20 
13 
14 
4 
4 
3 
0 
5 
2 
1 
12 
14 
18 
28 
34 
18 
14 
19 
2 
2 
0 
10 
7 
5 
5 
14 
3 
7 
14 
15 
25 
30 
44 
41 
24 
4 
6 
5 
11 
12 
3 
20 
34 
33 
9 
13 
28 
22 
1 
3 
14 
23 
32 
23 
1 
3 
8 
8 
7 
2 
8 
16 
36 
35 
27 
14 
14 
12 
9 
4 
23 
0 
8 
19 
17 
16 
1 
15 
4 
11 
41 
40 
31 
15 
4 
1 
9 
12 
12 
5 
5 
12 
20 
13 
0 
8 
22 
29 
24 
16 
17 
17 
12 
9 
7 
13 
2 
14 
24 
22 
6 
5 
30 
34 
39 
22 
10 
7 
6 
4 
0 
1 
5 
18 
26 
40 
11 
11 
34 
47 
53 
51 
50 
45 
50 
30 
4 
5 
24 
17 
37 
24 
4 
8 
14 
24 
16 
33 
33 
28 
8 
13 
12 
14 
0 
8 
25 
9 
13 
12 
12 
18 
23 
17 
24 
19 
30 
35 
23 
6 
20 
18 
16 
26 
19 
19 
11 
28 
25 
30 
21 
26 
22 
31 
20 
2 
12 
8 
1 
9 
10 
9 
26 
39 
34 
1 
12 
8 
14 
2 
2 
11 
15 
9 
9 
4 
1 
5 
5 
3 
2 
15 
28 
33 
37 
18 
25 
19 
7 
18 
10 
20 
6 
5 
15 
18 
6 
1 
7 
23 
39 
40 
37 
31 
13 
4 
10 
16 
13 
2 
13 
15 
0 
0 
0 
17 
1 
2 
40 
45 
7 
25 
48 
22 
2 
10 
32 
14 
2 
17 
17 
4 
24 
34 
22 
4 
5 
26 
21 
14 
10 
5 
2 
9 
9 
11 
7 
17 
14 
23 
20 
40 
42 
39 
15 
8 
13 
4 
1 
7 
20 
5 
5 
0 
1 
8 
19 
28 
37 
25 
9 
22 
27 
12 
7 
3 
0 
4 
12 
16 
18 
15 
28 
42 
35 
39 
56 
42 
26 
9 
4 
0 
3 
6 
11 
10 
12 
12 
6 
9 
12 
29 
31 
19 
0 
1 
7 
29 
0 
3 
4 
1 
16 
23 
32 
30 
24 
38 
41 
31 
34 
28 
18 
15 
2 
19 
13 
18 
16 
15 
13 
4 
20 
29 
31 
23 
36 
44 
21 
2 
6 
7 
10 
27 
9 
27 
2 
38 
49 
36 
31 
32 
38 
25 
10 
11 
12 
10 
33 
22 
13 
8 
3 
1 
15 
28 
42 
45 
37 
22 
26 
19 
1 
3 
5 
4 
8 
1 
3 
4 
3 
15 
25 
25 
31 
28 
17 
24 
18 
2 
3 
2 
5 
2 
4 
10 
9 
11 
20 
33 
42 
60 
48 
37 
24 
0 
17 
15 
23 
25 
12 
11 
9 
15 
23 
24 
32 
42 
44 
37 
32 
29 
28 
13 
1 
4 
12 
17 
19 
19 
18 
11 
8 
25 
31 
29 
31 
23 
18 
14 
7 
4 
4 
3 
4 
6 
6 
1 
13 
18 
14 
45 
48 
36 
28 
6 
1 
2 
1 
11 
33 
10 
1 
2 
5 
8 
45 
64 
56 
24 
12 
13 
13 
10 
5 
2 
2 
0 
5 
2 
21 
9 
19 
20 
23 
17 
29 
17 
7 
4 
2 
2 
7 
8 
3 
11 
19 
15 
17 
13 
27 
34 
29 
31 
18 
20 
32 
12 
4 
4 
13 
5 
1 
0 
2 
13 
25 
32 
26 
22 
5 
2 
1 
1 
6 
11 
8 
8 
10 
4 
9 
23 
41 
45 
41 
35 
37 
38 
27 
0 
12 
17 
7 
4 
6 
6 
12 
19 
12 
16 
31 
29 
30 
23 
20 
5 
5 
2 
9 
11 
13 
17 
2 
1 
12 
0 
23 
49 
37 
23 
22 
12 
27 
28 
17 
0 
1 
1 
22 
22 
15 
6 
17 
33 
44 
46 
60 
52 
40 
27 
9 
1 
14 
30 
23 
30 
9 
3 
15 
22 
21 
17 
19 
3 
10 
15 
8 
0 
4 
22 
11 
0 
5 
11 
11 
20 
33 
36 
29 
13 
3 
5 
21 
22 
15 
6 
20 
25 
20 
9 
18 
37 
44 
46 
29 
3 
1 
1 
0 
12 
7 
18 
10 
22 
32 
12 
11 
10 
21 
31 
34 
49 
48 
30 
18 
4 
9 
10 
1 
1 
13 
12 
7 
4 
1 
