15 
9 
10 
4 
11 
0 
7 
23 
18 
24 
27 
28 
15 
9 
2 
2 
14 
11 
10 
1 
12 
4 
8 
11 
7 
7 
14 
36 
25 
34 
14 
26 
25 
18 
6 
2 
0 
19 
16 
7 
3 
14 
2 
7 
19 
20 
23 
26 
14 
5 
12 
0 
0 
4 
1 
16 
23 
7 
1 
4 
11 
27 
20 
27 
18 
11 
8 
3 
0 
7 
0 
0 
2 
1 
9 
11 
22 
34 
36 
37 
50 
43 
5 
9 
17 
12 
12 
7 
12 
3 
7 
24 
17 
34 
61 
60 
52 
32 
26 
13 
70 
69 
65 
61 
52 
54 
38 
32 
4 
38 
57 
57 
56 
47 
28 
21 
31 
28 
8 
2 
12 
0 
12 
20 
13 
13 
25 
23 
26 
32 
25 
34 
27 
18 
6 
2 
5 
3 
8 
5 
1 
12 
12 
19 
13 
31 
36 
25 
18 
13 
1 
2 
2 
0 
4 
1 
7 
6 
10 
6 
22 
28 
31 
27 
30 
17 
24 
11 
0 
8 
5 
0 
7 
2 
24 
31 
27 
8 
1 
18 
21 
46 
27 
13 
18 
7 
23 
24 
23 
24 
10 
6 
9 
29 
47 
50 
60 
49 
20 
8 
38 
33 
15 
12 
6 
2 
1 
7 
7 
12 
6 
28 
53 
53 
39 
30 
27 
15 
2 
8 
4 
0 
0 
7 
10 
8 
23 
23 
28 
31 
26 
22 
17 
10 
1 
6 
2 
7 
7 
0 
3 
7 
14 
12 
15 
18 
21 
22 
21 
10 
3 
0 
0 
18 
24 
27 
30 
5 
1 
18 
5 
2 
14 
27 
34 
34 
39 
9 
7 
12 
11 
24 
8 
1 
24 
16 
23 
23 
19 
28 
25 
34 
29 
14 
11 
6 
22 
17 
6 
22 
29 
16 
9 
6 
1 
16 
35 
46 
41 
30 
23 
12 
11 
3 
12 
4 
5 
0 
7 
3 
26 
32 
37 
34 
37 
10 
2 
7 
2 
5 
10 
5 
0 
0 
0 
6 
14 
24 
29 
26 
25 
22 
17 
16 
11 
2 
1 
3 
3 
4 
7 
11 
16 
17 
26 
22 
26 
17 
24 
15 
1 
9 
1 
2 
1 
0 
3 
15 
12 
7 
19 
20 
31 
28 
27 
10 
14 
1 
4 
7 
8 
2 
5 
3 
11 
4 
9 
22 
28 
35 
34 
26 
19 
17 
1 
13 
10 
5 
0 
8 
0 
3 
15 
14 
32 
35 
40 
35 
25 
10 
7 
1 
0 
0 
0 
0 
0 
0 
15 
12 
17 
30 
25 
28 
27 
13 
6 
6 
3 
0 
8 
0 
0 
2 
11 
7 
16 
9 
22 
24 
27 
13 
22 
11 
3 
4 
0 
0 
3 
1 
4 
15 
11 
10 
24 
25 
42 
29 
18 
9 
4 
7 
0 
0 
2 
3 
3 
6 
8 
7 
19 
36 
35 
26 
30 
19 
9 
6 
3 
6 
5 
0 
3 
0 
19 
19 
28 
21 
18 
27 
33 
34 
24 
6 
16 
20 
26 
29 
28 
18 
2 
5 
29 
37 
31 
22 
28 
27 
27 
24 
19 
6 
1 
6 
0 
0 
3 
6 
8 
5 
14 
29 
38 
29 
14 
11 
2 
3 
4 
7 
8 
4 
2 
8 
12 
15 
15 
23 
30 
44 
43 
36 
31 
13 
6 
3 
1 
13 
16 
12 
11 
12 
12 
6 
1 
25 
27 
26 
28 
31 
39 
28 
31 
57 
42 
38 
27 
13 
6 
6 
6 
0 
0 
6 
3 
4 
14 
9 
0 
1 
4 
3 
1 
7 
3 
5 
23 
18 
20 
21 
22 
33 
26 
7 
15 
8 
5 
6 
3 
3 
3 
14 
24 
13 
26 
17 
34 
25 
10 
1 
2 
2 
1 
1 
0 
8 
3 
6 
12 
4 
0 
10 
24 
27 
27 
22 
28 
15 
8 
7 
3 
4 
3 
7 
6 
8 
11 
11 
26 
25 
30 
17 
26 
13 
8 
7 
4 
7 
7 
8 
1 
19 
23 
12 
19 
28 
31 
21 
14 
19 
2 
2 
5 
2 
1 
2 
2 
6 
0 
3 
6 
19 
23 
24 
27 
20 
19 
2 
1 
2 
1 
4 
3 
6 
4 
15 
30 
29 
34 
21 
18 
19 
17 
4 
0 
2 
1 
2 
1 
2 
1 
12 
19 
20 
25 
34 
27 
21 
22 
15 
2 
1 
3 
3 
10 
13 
0 
0 
11 
16 
17 
34 
45 
22 
17 
20 
23 
5 
5 
6 
9 
0 
0 
1 
7 
11 
18 
23 
27 
28 
27 
36 
35 
13 
0 
3 
6 
5 
14 
9 
2 
6 
16 
27 
23 
24 
27 
29 
22 
11 
6 
2 
3 
7 
0 
0 
6 
13 
6 
8 
23 
22 
22 
17 
16 
15 
13 
2 
4 
0 
6 
1 
0 
7 
3 
1 
4 
11 
31 
24 
23 
26 
21 
6 
0 
3 
2 
4 
0 
4 
2 
11 
14 
24 
20 
27 
34 
39 
23 
5 
1 
2 
10 
0 
3 
1 
0 
3 
7 
12 
11 
27 
36 
27 
26 
13 
16 
11 
8 
3 
3 
2 
6 
0 
1 
6 
12 
21 
26 
21 
34 
37 
36 
31 
9 
5 
5 
0 
19 
24 
11 
5 
14 
28 
27 
28 
39 
32 
19 
2 
3 
7 
8 
7 
1 
2 
6 
8 
3 
6 
23 
27 
24 
31 
18 
18 
13 
6 
0 
7 
6 
1 
3 
3 
11 
16 
25 
26 
17 
26 
21 
22 
17 
2 
0 
0 
4 
5 
0 
0 
1 
8 
11 
19 
14 
23 
39 
44 
23 
8 
7 
3 
11 
8 
4 
9 
11 
19 
18 
5 
14 
21 
26 
9 
18 
15 
4 
3 
3 
4 
5 
4 
7 
7 
10 
16 
23 
31 
24 
17 
26 
31 
18 
10 
2 
0 
2 
2 
0 
4 
0 
1 
14 
24 
19 
24 
35 
34 
18 
13 
2 
3 
0 
0 
1 
0 
11 
12 
11 
14 
17 
24 
31 
18 
10 
9 
10 
7 
0 
14 
9 
7 
3 
7 
6 
16 
17 
34 
32 
31 
30 
26 
17 
8 
4 
11 
10 
5 
0 
12 
0 
14 
16 
25 
30 
32 
35 
36 
27 
9 
8 
3 
0 
8 
5 
0 
11 
20 
9 
18 
0 
7 
8 
11 
0 
11 
20 
25 
26 
8 
0 
7 
10 
0 
4 
7 
24 
29 
26 
25 
30 
21 
6 
2 
10 
1 
7 
7 
1 
3 
8 
3 
14 
20 
7 
19 
22 
27 
23 
16 
9 
6 
4 
19 
11 
2 
0 
4 
2 
8 
9 
26 
28 
31 
28 
7 
0 
7 
3 
12 
0 
10 
10 
12 
8 
3 
15 
21 
23 
14 
20 
23 
22 
11 
7 
0 
7 
15 
6 
0 
3 
15 
18 
19 
19 
22 
29 
30 
13 
10 
1 
8 
7 
1 
4 
4 
8 
11 
19 
20 
17 
26 
35 
30 
18 
9 
12 
3 
4 
0 
0 
15 
8 
2 
1 
0 
15 
32 
31 
13 
12 
11 
6 
5 
3 
0 
10 
8 
3 
5 
7 
10 
24 
35 
35 
38 
33 
30 
10 
6 
19 
16 
7 
8 
9 
2 
20 
15 
9 
15 
26 
31 
35 
28 
23 
20 
11 
4 
0 
0 
6 
6 
12 
3 
19 
34 
23 
19 
1 
2 
9 
10 
17 
6 
2 
5 
3 
3 
0 
13 
15 
14 
14 
20 
19 
22 
23 
27 
12 
15 
8 
7 
6 
4 
1 
3 
6 
4 
7 
18 
28 
31 
30 
19 
20 
23 
20 
11 
7 
2 
1 
0 
1 
6 
4 
7 
11 
22 
32 
35 
29 
32 
23 
1 
0 
0 
11 
12 
9 
20 
12 
2 
22 
48 
47 
39 
40 
31 
6 
2 
14 
13 
4 
4 
8 
1 
2 
16 
15 
19 
18 
36 
47 
32 
27 
22 
14 
6 
17 
20 
33 
20 
2 
11 
26 
46 
64 
51 
32 
11 
2 
5 
13 
10 
5 
0 
15 
22 
8 
0 
4 
0 
2 
1 
12 
27 
23 
27 
20 
32 
15 
7 
10 
4 
0 
0 
3 
3 
10 
12 
15 
23 
36 
25 
22 
5 
6 
7 
11 
20 
9 
14 
8 
0 
3 
1 
14 
19 
27 
28 
27 
33 
42 
21 
2 
9 
14 
5 
22 
17 
15 
4 
34 
32 
29 
58 
49 
38 
7 
18 
27 
36 
27 
16 
2 
9 
21 
37 
31 
30 
30 
32 
23 
20 
23 
16 
11 
1 
2 
0 
0 
3 
6 
10 
28 
35 
40 
23 
17 
10 
1 
11 
6 
0 
11 
17 
10 
1 
10 
5 
22 
21 
22 
30 
11 
1 
13 
46 
70 
47 
15 
4 
4 
14 
26 
27 
11 
1 
1 
2 
23 
33 
38 
16 
2 
4 
13 
14 
14 
1 
2 
9 
6 
5 
2 
13 
28 
19 
5 
14 
6 
0 
6 
1 
3 
8 
19 
20 
5 
6 
8 
19 
26 
25 
24 
31 
41 
45 
18 
1 
5 
10 
2 
21 
24 
42 
17 
3 
14 
13 
18 
33 
50 
43 
38 
22 
15 
1 
0 
8 
5 
2 
1 
2 
2 
10 
35 
30 
44 
38 
25 
20 
20 
0 
21 
17 
13 
16 
30 
29 
22 
2 
24 
31 
27 
26 
39 
39 
24 
5 
10 
8 
11 
2 
0 
4 
12 
1 
10 
8 
15 
26 
38 
33 
22 
22 
19 
17 
10 
2 
0 
10 
13 
8 
11 
8 
4 
6 
22 
28 
35 
28 
25 
26 
7 
11 
6 
3 
3 
1 
3 
15 
12 
17 
38 
41 
30 
14 
3 
3 
2 
1 
11 
7 
0 
2 
9 
10 
4 
7 
30 
33 
28 
35 
6 
6 
15 
2 
5 
6 
6 
4 
0 
2 
3 
15 
32 
21 
30 
25 
44 
35 
21 
2 
5 
0 
3 
4 
19 
24 
19 
12 
2 
20 
31 
43 
54 
45 
30 
13 
4 
0 
2 
2 
5 
3 
1 
10 
8 
15 
18 
17 
24 
31 
18 
46 
47 
29 
9 
17 
17 
22 
23 
20 
13 
0 
15 
38 
48 
51 
50 
50 
23 
2 
17 
17 
18 
15 
10 
2 
8 
9 
22 
16 
17 
22 
25 
38 
33 
24 
15 
5 
0 
16 
47 
40 
5 
16 
24 
59 
43 
24 
27 
16 
3 
8 
11 
12 
11 
2 
0 
0 
3 
8 
8 
4 
6 
16 
32 
53 
46 
40 
19 
6 
1 
4 
3 
1 
3 
0 
0 
10 
16 
19 
31 
40 
43 
36 
31 
9 
5 
1 
2 
1 
0 
0 
12 
11 
4 
7 
12 
31 
20 
23 
21 
18 
14 
5 
20 
3 
5 
6 
3 
4 
11 
3 
0 
1 
26 
16 
19 
28 
29 
26 
12 
10 
9 
13 
11 
3 
0 
20 
24 
35 
23 
26 
24 
15 
8 
11 
4 
7 
1 
11 
11 
18 
28 
25 
26 
9 
14 
31 
22 
18 
10 
3 
9 
20 
11 
9 
2 
2 
7 
28 
29 
20 
0 
10 
15 
19 
22 
32 
16 
23 
13 
15 
22 
10 
6 
1 
0 
0 
3 
11 
6 
24 
29 
46 
24 
23 
17 
22 
17 
2 
5 
10 
1 
1 
14 
5 
5 
26 
33 
50 
47 
25 
1 
21 
22 
9 
0 
7 
1 
4 
8 
5 
4 
17 
46 
48 
39 
20 
11 
8 
15 
4 
20 
6 
20 
8 
23 
27 
16 
21 
17 
8 
4 
0 
0 
3 
6 
16 
51 
43 
34 
25 
30 
31 
29 
34 
14 
13 
13 
13 
17 
4 
3 
9 
5 
3 
9 
7 
18 
22 
13 
6 
26 
35 
33 
33 
37 
21 
19 
10 
3 
7 
4 
14 
0 
7 
1 
13 
14 
18 
6 
10 
25 
21 
15 
7 
0 
3 
17 
26 
18 
11 
9 
5 
1 
1 
8 
8 
4 
0 
10 
6 
14 
24 
10 
15 
1 
6 
1 
0 
5 
5 
11 
22 
14 
35 
43 
29 
13 
6 
13 
9 
0 
6 
2 
9 
22 
25 
26 
26 
23 
17 
14 
6 
8 
10 
3 
7 
9 
1 
8 
0 
15 
13 
22 
13 
18 
34 
27 
27 
37 
29 
25 
3 
20 
32 
30 
27 
20 
11 
7 
15 
46 
56 
41 
38 
27 
14 
14 
0 
5 
5 
2 
2 
1 
14 
5 
26 
33 
26 
30 
39 
39 
19 
1 
19 
23 
17 
8 
14 
9 
2 
14 
24 
15 
18 
13 
22 
17 
14 
19 
14 
18 
13 
8 
11 
14 
5 
9 
22 
9 
9 
22 
17 
18 
17 
30 
43 
33 
2 
2 
4 
14 
17 
22 
13 
3 
3 
11 
18 
32 
39 
47 
52 
27 
28 
11 
5 
17 
24 
24 
15 
0 
21 
23 
26 
27 
35 
36 
43 
9 
2 
31 
22 
14 
11 
10 
29 
26 
21 
15 
4 
26 
44 
41 
46 
37 
30 
31 
14 
22 
11 
21 
14 
1 
4 
8 
18 
17 
2 
15 
9 
26 
26 
11 
10 
18 
5 
4 
2 
2 
4 
15 
26 
21 
30 
25 
26 
27 
13 
9 
2 
6 
18 
3 
0 
2 
2 
7 
9 
2 
2 
10 
33 
44 
47 
43 
25 
5 
2 
17 
13 
9 
2 
2 
1 
26 
29 
18 
21 
30 
14 
23 
19 
7 
6 
14 
0 
7 
1 
1 
3 
7 
4 
5 
10 
9 
26 
37 
42 
31 
25 
13 
10 
2 
0 
17 
1 
5 
6 
17 
26 
33 
42 
56 
24 
16 
16 
10 
13 
37 
49 
45 
32 
11 
0 
11 
34 
42 
52 
29 
34 
33 
22 
27 
22 
18 
11 
10 
9 
20 
29 
13 
11 
8 
4 
29 
46 
48 
43 
29 
22 
19 
10 
1 
2 
10 
13 
6 
2 
9 
0 
6 
14 
21 
26 
18 
19 
13 
10 
2 
2 
6 
2 
9 
3 
3 
14 
25 
30 
21 
22 
31 
21 
14 
7 
6 
4 
7 
4 
3 
0 
2 
2 
23 
39 
18 
22 
25 
22 
14 
14 
11 
7 
6 
1 
6 
4 
9 
6 
1 
6 
12 
31 
21 
26 
27 
25 
18 
6 
3 
1 
0 
0 
15 
28 
27 
0 
27 
38 
49 
58 
37 
34 
46 
47 
15 
7 
4 
20 
34 
38 
23 
24 
35 
8 
18 
56 
77 
74 
53 
42 
20 
5 
12 
22 
21 
16 
7 
3 
6 
17 
26 
25 
28 
31 
25 
14 
6 
2 
0 
7 
0 
3 
1 
9 
6 
4 
15 
16 
31 
28 
31 
29 
14 
6 
0 
1 
5 
1 
2 
16 
15 
4 
2 
6 
2 
14 
17 
18 
21 
20 
19 
4 
7 
16 
7 
3 
4 
0 
3 
7 
39 
42 
29 
58 
59 
53 
6 
37 
49 
45 
32 
16 
17 
7 
24 
47 
47 
35 
22 
19 
15 
0 
3 
12 
5 
18 
32 
19 
15 
6 
11 
11 
0 
11 
20 
23 
25 
34 
27 
7 
1 
1 
2 
1 
2 
1 
10 
5 
30 
17 
22 
17 
14 
10 
7 
5 
1 
8 
7 
0 
16 
11 
3 
10 
16 
13 
18 
12 
31 
20 
35 
30 
22 
3 
10 
4 
4 
0 
1 
5 
4 
7 
15 
26 
29 
50 
49 
26 
8 
13 
12 
22 
15 
12 
9 
0 
3 
4 
13 
11 
34 
34 
32 
51 
52 
43 
17 
2 
6 
6 
11 
20 
12 
8 
11 
11 
18 
19 
39 
24 
43 
38 
30 
11 
17 
25 
52 
42 
26 
6 
49 
73 
51 
42 
40 
31 
14 
6 
5 
1 
2 
1 
2 
0 
0 
0 
11 
11 
26 
15 
39 
33 
30 
27 
19 
5 
1 
17 
4 
13 
14 
5 
9 
12 
8 
3 
3 
7 
30 
31 
43 
36 
23 
16 
0 
20 
7 
4 
2 
1 
3 
4 
7 
4 
7 
23 
28 
27 
20 
23 
20 
27 
26 
9 
2 
9 
14 
9 
14 
4 
15 
16 
14 
6 
21 
34 
39 
16 
7 
8 
7 
11 
14 
4 
4 
3 
20 
39 
43 
30 
10 
21 
14 
1 
0 
6 
18 
1 
2 
1 
2 
16 
15 
10 
6 
25 
22 
14 
11 
5 
14 
15 
12 
0 
0 
0 
0 
1 
14 
39 
47 
41 
26 
2 
8 
8 
10 
21 
17 
4 
11 
18 
12 
3 
3 
9 
23 
34 
56 
59 
50 
38 
23 
2 
14 
1 
6 
7 
1 
2 
2 
12 
38 
31 
28 
3 
15 
41 
39 
42 
36 
27 
19 
2 
2 
0 
0 
0 
0 
4 
6 
12 
23 
19 
20 
31 
32 
31 
8 
7 
4 
0 
11 
26 
17 
3 
8 
23 
39 
59 
66 
53 
34 
9 
3 
4 
19 
20 
5 
27 
23 
6 
8 
16 
15 
0 
19 
46 
21 
38 
21 
26 
20 
15 
10 
16 
3 
7 
2 
6 
5 
18 
29 
18 
14 
13 
14 
2 
5 
10 
4 
4 
4 
5 
0 
15 
35 
44 
25 
46 
55 
25 
10 
1 
23 
25 
18 
3 
6 
1 
24 
31 
22 
13 
18 
7 
1 
13 
14 
1 
15 
31 
30 
28 
33 
14 
12 
15 
14 
5 
2 
3 
29 
1 
5 
24 
31 
30 
9 
2 
8 
4 
9 
7 
12 
4 
17 
31 
50 
44 
41 
34 
25 
6 
10 
1 
2 
6 
0 
4 
0 
0 
11 
12 
17 
50 
41 
26 
11 
6 
2 
7 
8 
0 
7 
2 
10 
8 
13 
10 
28 
31 
32 
23 
14 
10 
9 
3 
0 
7 
8 
2 
16 
19 
34 
61 
62 
47 
23 
1 
3 
0 
13 
33 
41 
45 
32 
33 
19 
8 
44 
53 
57 
39 
39 
46 
24 
19 
10 
14 
21 
12 
7 
2 
10 
5 
0 
4 
3 
12 
2 
14 
21 
30 
31 
46 
38 
19 
9 
6 
2 
2 
8 
11 
13 
10 
7 
10 
6 
6 
15 
9 
1 
1 
12 
4 
19 
15 
18 
1 
12 
16 
11 
3 
18 
20 
31 
30 
17 
10 
13 
8 
7 
4 
11 
12 
2 
2 
17 
34 
47 
41 
38 
34 
10 
10 
26 
32 
6 
8 
11 
4 
0 
11 
0 
15 
24 
23 
27 
30 
33 
30 
27 
24 
4 
17 
42 
31 
13 
6 
28 
12 
17 
45 
45 
29 
9 
35 
57 
46 
46 
19 
0 
1 
25 
32 
36 
21 
16 
23 
47 
46 
41 
42 
35 
10 
18 
8 
33 
33 
43 
26 
20 
1 
30 
50 
50 
64 
75 
66 
46 
23 
0 
0 
1 
13 
9 
13 
13 
13 
25 
25 
16 
14 
9 
3 
9 
3 
15 
15 
17 
8 
6 
11 
20 
15 
14 
8 
42 
38 
36 
27 
23 
22 
8 
0 
28 
29 
23 
22 
12 
7 
2 
15 
4 
22 
39 
28 
29 
39 
75 
63 
16 
15 
3 
0 
11 
4 
6 
26 
22 
7 
2 
16 
28 
23 
15 
39 
2 
16 
3 
8 
16 
25 
3 
15 
13 
9 
9 
37 
33 
43 
66 
57 
46 
13 
22 
10 
23 
31 
27 
31 
9 
1 
19 
33 
58 
58 
46 
41 
5 
0 
4 
8 
22 
33 
40 
34 
38 
9 
13 
12 
21 
28 
28 
39 
47 
37 
18 
8 
1 
0 
10 
0 
11 
8 
0 
7 
18 
32 
32 
49 
38 
37 
38 
35 
19 
16 
52 
74 
57 
41 
4 
1 
25 
57 
55 
65 
103 
114 
89 
29 
42 
70 
79 
33 
7 
6 
1 
18 
13 
3 
32 
30 
16 
20 
45 
33 
56 
90 
121 
118 
57 
27 
55 
77 
24 
2 
54 
129 
118 
66 
47 
0 
38 
34 
11 
12 
11 
19 
16 
83 
69 
21 
59 
47 
7 
76 
121 
123 
69 
1 
0 
40 
80 
51 
48 
72 
73 
20 
89 
79 
106 
142 
150 
105 
129 
128 
92 
27 
68 
60 
105 
111 
79 
15 
22 
37 
54 
30 
51 
58 
6 
26 
65 
88 
58 
21 
25 
9 
5 
36 
112 
126 
81 
9 
12 
10 
22 
7 
24 
17 
12 
37 
2 
3 
1 
0 
25 
46 
52 
156 
171 
159 
88 
71 
62 
133 
166 
205 
200 
151 
86 
39 
12 
36 
114 
154 
146 
77 
59 
10 
4 
23 
6 
31 
19 
29 
26 
0 
6 
1 
101 
145 
132 
118 
68 
32 
124 
170 
130 
93 
52 
93 
19 
154 
222 
218 
134 
49 
143 
46 
37 
56 
101 
283 
403 
330 
129 
55 
205 
195 
168 
176 
207 
205 
143 
63 
31 
36 
37 
14 
7 
12 
26 
112 
179 
227 
198 
78 
30 
44 
24 
41 
77 
63 
51 
27 
11 
5 
49 
124 
135 
166 
136 
11 
107 
128 
68 
34 
120 
137 
23 
73 
136 
160 
122 
77 
13 
4 
11 
62 
91 
74 
18 
84 
141 
86 
71 
78 
72 
105 
111 
117 
124 
46 
23 
48 
16 
97 
109 
46 
189 
206 
155 
71 
81 
58 
18 
7 
106 
136 
30 
15 
7 
172 
334 
379 
298 
185 
114 
14 
114 
163 
149 
204 
223 
133 
96 
88 
55 
33 
13 
72 
186 
408 
456 
307 
7 
256 
371 
416 
349 
172 
75 
17 
100 
102 
139 
167 
63 
64 
43 
59 
120 
169 
118 
20 
44 
89 
3 
96 
134 
96 
25 
142 
84 
144 
282 
251 
34 
152 
242 
343 
298 
79 
35 
39 
29 
61 
104 
90 
139 
58 
17 
52 
7 
15 
22 
46 
31 
35 
70 
78 
105 
405 
577 
151 
187 
242 
280 
320 
278 
183 
62 
78 
182 
203 
207 
203 
190 
257 
344 
369 
159 
146 
467 
510 
474 
292 
168 
118 
118 
71 
14 
27 
11 
27 
108 
101 
137 
324 
459 
352 
107 
63 
42 
3 
118 
10 
27 
193 
238 
95 
323 
407 
432 
313 
119 
32 
27 
151 
327 
334 
168 
15 
42 
46 
14 
143 
281 
261 
212 
294 
316 
156 
130 
241 
247 
285 
358 
298 
73 
48 
102 
41 
45 
106 
60 
108 
175 
143 
104 
69 
37 
74 
61 
7 
22 
59 
418 
376 
17 
410 
659 
727 
631 
371 
195 
67 
284 
556 
698 
564 
475 
326 
26 
227 
146 
141 
149 
95 
189 
178 
194 
258 
219 
177 
53 
282 
242 
86 
64 
124 
171 
21 
157 
55 
24 
12 
47 
98 
64 
93 
182 
123 
3 
52 
76 
51 
176 
292 
246 
193 
77 
6 
8 
27 
10 
65 
87 
212 
93 
94 
128 
114 
155 
145 
147 
70 
66 
165 
129 
71 
211 
341 
297 
111 
110 
75 
153 
356 
364 
276 
159 
38 
370 
227 
41 
209 
236 
117 
49 
89 
155 
212 
101 
37 
85 
54 
134 
70 
77 
202 
282 
188 
16 
244 
411 
396 
208 
35 
128 
474 
399 
148 
84 
169 
44 
184 
289 
362 
282 
117 
256 
293 
232 
396 
479 
203 
26 
190 
247 
323 
290 
282 
313 
205 
0 
105 
167 
143 
185 
167 
184 
127 
65 
7 
19 
92 
181 
152 
41 
35 
52 
83 
108 
434 
393 
201 
113 
364 
416 
411 
279 
124 
10 
75 
111 
120 
65 
132 
214 
203 
95 
217 
538 
311 
110 
362 
478 
375 
248 
57 
50 
26 
30 
87 
55 
77 
127 
111 
59 
156 
131 
277 
401 
341 
371 
289 
51 
10 
185 
326 
201 
253 
273 
126 
191 
236 
65 
221 
148 
128 
179 
218 
279 
269 
206 
45 
150 
251 
315 
185 
145 
31 
48 
26 
78 
49 
319 
335 
141 
8 
82 
12 
119 
24 
33 
29 
113 
184 
134 
223 
482 
566 
312 
43 
226 
500 
713 
722 
650 
444 
286 
71 
60 
40 
172 
362 
501 
488 
340 
287 
490 
453 
248 
112 
214 
347 
430 
466 
365 
239 
19 
155 
40 
16 
81 
144 
73 
220 
50 
45 
17 
10 
131 
177 
198 
286 
382 
112 
85 
75 
72 
124 
272 
303 
382 
275 
132 
99 
142 
119 
110 
144 
277 
536 
603 
477 
543 
264 
48 
45 
179 
366 
434 
296 
303 
233 
87 
15 
35 
1 
101 
87 
66 
40 
32 
150 
232 
267 
389 
507 
308 
294 
181 
52 
146 
79 
28 
76 
196 
243 
387 
408 
369 
247 
171 
172 
38 
122 
304 
349 
398 
458 
327 
268 
154 
72 
232 
25 
87 
57 
100 
146 
38 
142 
308 
362 
351 
468 
368 
128 
35 
162 
326 
362 
286 
211 
142 
146 
141 
135 
241 
370 
267 
236 
87 
203 
489 
340 
124 
22 
2 
222 
107 
6 
81 
106 
12 
10 
84 
194 
255 
146 
41 
76 
32 
262 
254 
310 
437 
382 
217 
83 
124 
347 
442 
243 
13 
189 
239 
277 
239 
357 
478 
167 
34 
158 
101 
168 
386 
519 
445 
265 
242 
117 
184 
395 
311 
286 
217 
77 
80 
45 
147 
228 
194 
207 
204 
32 
128 
195 
146 
130 
159 
212 
172 
30 
149 
233 
233 
105 
0 
148 
310 
337 
279 
121 
36 
48 
16 
47 
8 
47 
201 
293 
37 
249 
325 
372 
240 
13 
218 
288 
128 
103 
187 
160 
145 
113 
315 
318 
332 
19 
100 
188 
388 
466 
512 
395 
86 
306 
590 
637 
649 
385 
164 
246 
394 
456 
488 
399 
49 
186 
402 
678 
683 
446 
91 
365 
649 
662 
611 
346 
220 
79 
268 
251 
181 
168 
175 
172 
314 
440 
414 
271 
37 
31 
166 
380 
407 
451 
329 
118 
31 
54 
51 
28 
172 
256 
286 
340 
290 
225 
144 
45 
92 
180 
49 
9 
126 
335 
197 
174 
72 
65 
219 
159 
197 
76 
91 
200 
216 
241 
361 
471 
338 
214 
78 
202 
382 
494 
390 
299 
276 
54 
225 
213 
175 
156 
275 
392 
276 
30 
103 
129 
280 
530 
515 
209 
101 
29 
190 
214 
107 
206 
276 
275 
267 
185 
103 
65 
236 
310 
330 
114 
58 
301 
629 
842 
557 
274 
72 
33 
65 
178 
168 
215 
189 
233 
269 
192 
142 
106 
54 
44 
12 
121 
231 
238 
118 
93 
18 
70 
138 
109 
221 
268 
123 
76 
50 
212 
168 
59 
177 
360 
226 
27 
223 
793 
518 
272 
177 
43 
229 
293 
552 
638 
597 
220 
116 
277 
258 
389 
428 
80 
235 
63 
143 
98 
95 
16 
232 
353 
440 
305 
147 
134 
278 
346 
285 
274 
219 
130 
2 
86 
16 
51 
230 
387 
267 
169 
407 
218 
18 
344 
542 
579 
807 
953 
661 
227 
129 
450 
529 
518 
475 
466 
453 
298 
140 
85 
8 
99 
164 
276 
331 
293 
174 
41 
11 
8 
211 
414 
338 
118 
84 
295 
149 
2 
117 
163 
258 
215 
57 
337 
371 
285 
206 
40 
100 
188 
209 
32 
168 
63 
8 
108 
251 
365 
524 
370 
227 
62 
259 
476 
227 
79 
59 
5 
17 
87 
106 
52 
243 
199 
173 
260 
130 
95 
341 
493 
436 
483 
279 
112 
416 
639 
642 
251 
194 
460 
597 
449 
242 
38 
250 
353 
435 
414 
101 
172 
271 
144 
106 
82 
441 
485 
192 
86 
244 
388 
334 
372 
508 
513 
345 
181 
63 
65 
431 
634 
501 
265 
242 
210 
234 
151 
52 
79 
200 
257 
247 
133 
164 
307 
196 
0 
44 
39 
0 
55 
25 
70 
36 
49 
121 
129 
55 
151 
135 
61 
77 
82 
66 
11 
37 
212 
148 
95 
55 
71 
81 
134 
434 
510 
460 
379 
250 
80 
11 
497 
824 
924 
395 
26 
179 
315 
463 
399 
218 
77 
396 
359 
304 
294 
11 
292 
287 
258 
138 
67 
101 
212 
163 
7 
15 
16 
163 
71 
56 
93 
152 
25 
0 
5 
37 
181 
220 
258 
270 
233 
305 
181 
50 
17 
171 
413 
517 
392 
119 
85 
55 
161 
214 
127 
46 
157 
12 
120 
81 
245 
408 
353 
103 
233 
101 
173 
229 
189 
40 
73 
23 
257 
304 
288 
223 
74 
19 
56 
144 
162 
64 
75 
116 
189 
315 
536 
516 
43 
180 
225 
304 
405 
608 
787 
809 
353 
158 
652 
777 
675 
624 
408 
182 
117 
16 
444 
597 
488 
319 
199 
5 
73 
215 
381 
483 
222 
58 
215 
229 
112 
227 
329 
167 
35 
35 
6 
2 
196 
132 
130 
115 
234 
82 
127 
232 
342 
243 
106 
131 
289 
207 
39 
47 
1 
97 
322 
517 
421 
180 
15 
258 
429 
61 
351 
542 
488 
329 
112 
103 
312 
151 
96 
208 
104 
120 
55 
23 
96 
67 
97 
353 
397 
208 
337 
903 
875 
357 
64 
110 
383 
444 
466 
359 
233 
152 
163 
89 
72 
212 
176 
78 
196 
59 
302 
351 
276 
208 
19 
94 
89 
302 
492 
465 
98 
169 
135 
62 
84 
107 
131 
410 
307 
107 
211 
315 
379 
225 
69 
143 
41 
230 
1 
104 
113 
113 
177 
13 
44 
73 
21 
48 
2 
65 
186 
19 
104 
47 
151 
355 
121 
287 
329 
272 
66 
226 
166 
115 
206 
299 
282 
206 
39 
94 
15 
24 
66 
232 
377 
350 
207 
97 
273 
572 
1156 
1153 
567 
80 
567 
668 
476 
371 
387 
304 
69 
110 
77 
96 
284 
210 
92 
83 
398 
531 
240 
52 
191 
212 
133 
145 
120 
113 
150 
149 
57 
42 
91 
210 
255 
118 
139 
352 
405 
174 
77 
234 
305 
183 
14 
133 
6 
192 
346 
286 
30 
116 
163 
6 
81 
146 
245 
214 
222 
251 
262 
180 
47 
35 
172 
446 
481 
810 
505 
54 
409 
526 
640 
518 
404 
342 
197 
19 
134 
201 
472 
861 
721 
412 
102 
133 
305 
542 
483 
350 
212 
35 
233 
127 
103 
66 
116 
66 
61 
27 
28 
80 
17 
28 
60 
79 
31 
32 
8 
149 
200 
162 
277 
99 
112 
212 
357 
170 
102 
156 
71 
285 
400 
519 
638 
550 
377 
325 
214 
260 
557 
851 
815 
905 
889 
403 
158 
453 
704 
604 
365 
254 
187 
102 
39 
210 
193 
31 
265 
375 
392 
343 
121 
200 
457 
360 
138 
93 
132 
139 
338 
441 
4 
463 
581 
525 
571 
428 
140 
222 
353 
754 
840 
873 
203 
176 
388 
428 
443 
433 
472 
414 
283 
75 
33 
274 
360 
396 
301 
103 
185 
128 
91 
95 
127 
157 
185 
193 
180 
104 
83 
76 
96 
116 
117 
107 
75 
70 
17 
11 
36 
76 
50 
159 
278 
693 
555 
134 
631 
887 
668 
633 
577 
515 
96 
204 
466 
627 
566 
410 
255 
54 
29 
95 
375 
347 
137 
69 
137 
233 
320 
230 
336 
347 
20 
443 
669 
304 
213 
405 
303 
6 
171 
363 
347 
305 
333 
616 
411 
180 
157 
155 
109 
366 
806 
862 
557 
95 
343 
688 
657 
452 
357 
232 
39 
488 
742 
558 
284 
0 
252 
228 
139 
209 
227 
128 
14 
174 
84 
103 
210 
192 
148 
180 
189 
95 
207 
162 
52 
56 
76 
91 
84 
60 
8 
94 
53 
94 
389 
526 
272 
221 
17 
369 
473 
375 
248 
120 
147 
87 
38 
0 
11 
145 
0 
81 
64 
146 
246 
129 
233 
459 
204 
224 
305 
275 
167 
10 
11 
130 
243 
239 
137 
41 
165 
340 
282 
96 
111 
470 
524 
260 
139 
256 
572 
801 
811 
396 
78 
198 
429 
494 
417 
260 
144 
59 
103 
200 
245 
200 
156 
311 
357 
379 
300 
394 
246 
108 
176 
215 
291 
348 
281 
273 
340 
267 
139 
67 
292 
448 
681 
451 
103 
10 
309 
404 
326 
297 
247 
147 
74 
41 
102 
64 
15 
23 
48 
135 
41 
221 
314 
455 
376 
32 
22 
177 
233 
224 
167 
24 
174 
82 
84 
49 
4 
76 
123 
165 
279 
291 
246 
229 
28 
48 
50 
374 
501 
351 
123 
174 
45 
42 
11 
124 
288 
311 
198 
128 
166 
192 
111 
82 
163 
420 
261 
180 
367 
651 
1325 
1114 
512 
114 
534 
698 
694 
490 
334 
209 
76 
18 
32 
59 
36 
10 
25 
58 
111 
173 
124 
29 
37 
69 
172 
217 
187 
68 
30 
68 
74 
69 
13 
150 
193 
138 
5 
199 
88 
140 
164 
133 
96 
27 
92 
82 
89 
44 
21 
0 
22 
73 
118 
37 
29 
63 
100 
119 
120 
273 
76 
179 
217 
221 
86 
206 
326 
164 
18 
143 
372 
419 
402 
285 
20 
800 
997 
825 
374 
4 
233 
379 
435 
419 
354 
222 
87 
68 
124 
110 
95 
129 
38 
229 
419 
608 
420 
130 
194 
323 
178 
158 
88 
15 
48 
112 
159 
23 
156 
261 
260 
155 
42 
267 
314 
90 
9 
79 
232 
173 
35 
93 
108 
24 
94 
194 
156 
40 
6 
71 
40 
23 
43 
131 
233 
208 
208 
111 
6 
144 
213 
284 
315 
243 
113 
91 
123 
74 
5 
206 
151 
61 
9 
133 
46 
16 
96 
70 
141 
201 
348 
262 
94 
97 
134 
236 
220 
145 
87 
50 
18 
101 
111 
17 
115 
169 
184 
122 
134 
22 
125 
128 
214 
229 
227 
67 
145 
299 
404 
586 
523 
327 
38 
530 
899 
993 
926 
261 
41 
372 
436 
480 
378 
276 
154 
83 
54 
63 
124 
225 
224 
131 
20 
24 
128 
325 
423 
272 
22 
111 
157 
114 
34 
63 
137 
178 
91 
21 
47 
134 
206 
304 
145 
105 
154 
141 
54 
31 
28 
59 
53 
35 
62 
66 
108 
163 
145 
28 
126 
82 
83 
52 
81 
15 
57 
24 
102 
31 
86 
108 
125 
26 
52 
152 
219 
238 
199 
93 
187 
325 
339 
205 
42 
38 
85 
154 
221 
190 
126 
113 
80 
64 
58 
181 
224 
64 
89 
74 
72 
76 
212 
262 
154 
112 
86 
30 
239 
235 
144 
13 
0 
82 
166 
38 
78 
164 
93 
62 
100 
108 
115 
92 
44 
7 
30 
36 
41 
25 
11 
3 
13 
19 
5 
21 
35 
58 
88 
104 
81 
56 
52 
10 
120 
0 
67 
11 
81 
140 
168 
176 
21 
113 
137 
71 
34 
104 
51 
4 
50 
65 
78 
59 
43 
24 
31 
49 
18 
41 
18 
26 
59 
118 
104 
42 
18 
58 
56 
24 
43 
59 
23 
88 
103 
11 
71 
104 
66 
6 
61 
87 
19 
49 
40 
27 
11 
24 
77 
75 
15 
7 
52 
25 
6 
8 
25 
34 
104 
51 
13 
14 
170 
118 
14 
30 
66 
61 
68 
58 
100 
128 
39 
22 
13 
53 
76 
53 
136 
64 
28 
54 
84 
59 
20 
0 
18 
80 
83 
60 
15 
58 
189 
67 
25 
18 
4 
19 
64 
104 
87 
70 
50 
40 
51 
4 
18 
52 
43 
35 
38 
51 
24 
33 
19 
32 
60 
55 
62 
59 
41 
13 
59 
123 
49 
0 
83 
98 
74 
27 
39 
54 
41 
104 
99 
68 
8 
63 
87 
70 
41 
14 
24 
92 
33 
36 
40 
23 
51 
66 
53 
34 
11 
34 
30 
8 
15 
84 
182 
105 
48 
69 
92 
64 
45 
41 
11 
3 
12 
36 
16 
9 
23 
59 
60 
59 
46 
42 
21 
5 
10 
1 
21 
6 
84 
50 
21 
13 
55 
93 
114 
58 
23 
21 
11 
32 
31 
0 
0 
26 
40 
51 
8 
68 
70 
2 
9 
18 
19 
39 
18 
20 
35 
15 
16 
41 
74 
92 
40 
35 
117 
122 
95 
82 
57 
103 
142 
84 
12 
83 
108 
45 
18 
21 
34 
95 
112 
115 
67 
7 
16 
28 
21 
15 
16 
1 
11 
18 
28 
20 
7 
11 
16 
44 
35 
39 
65 
85 
61 
28 
10 
3 
1 
23 
5 
17 
44 
38 
0 
15 
13 
58 
42 
11 
5 
5 
0 
11 
11 
20 
3 
23 
50 
44 
19 
14 
1 
16 
5 
9 
20 
52 
35 
44 
56 
52 
40 
4 
44 
12 
0 
19 
31 
31 
58 
64 
45 
26 
7 
21 
1 
7 
0 
2 
4 
16 
0 
7 
5 
32 
35 
52 
47 
64 
67 
45 
22 
6 
20 
50 
51 
48 
31 
28 
36 
43 
84 
48 
32 
19 
35 
54 
8 
19 
23 
24 
1 
2 
23 
24 
1 
16 
33 
30 
21 
18 
11 
17 
34 
54 
31 
18 
27 
8 
27 
3 
35 
64 
1 
49 
51 
54 
60 
37 
38 
17 
14 
2 
17 
5 
34 
17 
15 
76 
111 
40 
35 
59 
111 
110 
72 
31 
17 
6 
17 
5 
1 
46 
69 
47 
28 
19 
27 
38 
28 
11 
20 
15 
12 
12 
32 
19 
2 
5 
13 
31 
31 
31 
27 
23 
11 
2 
12 
5 
14 
3 
19 
24 
0 
0 
18 
32 
47 
35 
7 
43 
10 
18 
24 
13 
10 
7 
11 
15 
11 
37 
0 
39 
51 
35 
40 
51 
69 
49 
45 
9 
4 
2 
51 
65 
32 
28 
87 
46 
24 
4 
3 
22 
9 
7 
16 
3 
46 
48 
7 
3 
15 
23 
6 
23 
11 
0 
13 
35 
26 
44 
47 
38 
30 
31 
1 
13 
38 
63 
30 
10 
8 
10 
22 
26 
15 
15 
9 
3 
4 
0 
11 
10 
2 
9 
25 
2 
7 
33 
30 
26 
39 
37 
6 
13 
30 
27 
8 
31 
24 
3 
30 
32 
35 
23 
22 
28 
39 
38 
42 
39 
17 
22 
22 
18 
8 
2 
0 
4 
13 
1 
4 
3 
4 
0 
7 
2 
34 
51 
45 
17 
5 
29 
17 
3 
13 
6 
5 
10 
8 
16 
1 
8 
0 
0 
1 
0 
19 
27 
35 
10 
9 
22 
20 
22 
52 
14 
25 
31 
56 
26 
24 
15 
27 
2 
7 
12 
7 
15 
27 
32 
39 
27 
11 
16 
1 
13 
44 
15 
27 
52 
55 
68 
59 
41 
14 
22 
7 
14 
1 
1 
1 
9 
18 
28 
20 
12 
4 
0 
3 
8 
42 
53 
45 
40 
29 
5 
11 
51 
69 
45 
12 
8 
19 
13 
18 
19 
29 
26 
13 
20 
27 
5 
1 
0 
0 
11 
10 
16 
16 
9 
14 
5 
8 
19 
14 
31 
35 
24 
15 
36 
39 
29 
26 
24 
24 
18 
6 
9 
5 
13 
12 
15 
12 
15 
12 
7 
35 
38 
24 
3 
16 
27 
14 
5 
10 
2 
2 
10 
3 
0 
5 
17 
7 
14 
14 
26 
28 
31 
19 
3 
4 
6 
12 
3 
6 
18 
2 
1 
2 
7 
16 
24 
26 
18 
18 
22 
26 
32 
23 
3 
2 
12 
9 
11 
10 
2 
15 
27 
36 
48 
60 
63 
56 
8 
43 
56 
18 
27 
19 
15 
51 
14 
0 
20 
46 
70 
66 
63 
43 
32 
19 
9 
6 
6 
11 
14 
1 
12 
13 
6 
15 
31 
24 
11 
1 
15 
16 
11 
0 
0 
6 
16 
15 
14 
24 
27 
22 
1 
1 
25 
26 
27 
22 
2 
8 
7 
7 
4 
3 
7 
1 
22 
32 
13 
10 
21 
22 
17 
4 
8 
6 
14 
25 
34 
13 
6 
1 
2 
3 
2 
10 
24 
37 
28 
27 
17 
14 
10 
0 
14 
7 
4 
8 
15 
23 
20 
7 
2 
1 
18 
17 
26 
21 
6 
4 
0 
0 
9 
19 
20 
16 
0 
16 
20 
40 
41 
58 
59 
51 
43 
25 
24 
12 
1 
0 
22 
21 
16 
8 
3 
4 
23 
28 
31 
32 
27 
37 
26 
18 
14 
6 
1 
4 
6 
2 
0 
4 
0 
0 
23 
24 
27 
21 
10 
15 
9 
10 
10 
0 
1 
1 
2 
6 
9 
18 
23 
38 
34 
23 
17 
1 
1 
12 
11 
0 
8 
19 
18 
8 
12 
6 
20 
19 
18 
17 
10 
25 
32 
39 
29 
22 
6 
28 
31 
0 
3 
7 
26 
19 
23 
14 
22 
29 
26 
24 
10 
7 
9 
6 
2 
1 
22 
18 
13 
3 
2 
34 
42 
56 
32 
4 
11 
57 
40 
11 
7 
31 
34 
36 
25 
26 
33 
30 
28 
18 
0 
2 
4 
7 
1 
13 
14 
9 
11 
4 
4 
14 
27 
39 
32 
43 
37 
30 
16 
18 
7 
9 
8 
0 
18 
2 
9 
22 
13 
2 
1 
22 
19 
13 
18 
12 
14 
19 
5 
12 
0 
1 
14 
13 
0 
7 
22 
26 
21 
22 
10 
7 
2 
14 
21 
2 
5 
14 
16 
11 
12 
19 
30 
21 
32 
19 
25 
2 
1 
4 
3 
4 
0 
2 
1 
0 
4 
7 
15 
11 
14 
32 
33 
30 
29 
2 
0 
27 
48 
9 
32 
15 
23 
15 
2 
28 
39 
50 
44 
35 
29 
34 
15 
17 
4 
15 
0 
14 
16 
13 
10 
13 
14 
1 
6 
17 
34 
22 
19 
13 
2 
2 
2 
2 
1 
2 
12 
15 
4 
5 
22 
31 
34 
22 
7 
11 
9 
2 
5 
1 
16 
19 
28 
23 
17 
0 
4 
4 
11 
8 
11 
0 
7 
16 
37 
55 
4 
21 
25 
21 
27 
26 
38 
48 
39 
47 
40 
23 
1 
1 
3 
0 
12 
4 
7 
4 
6 
0 
1 
7 
1 
8 
15 
17 
23 
18 
16 
15 
1 
2 
0 
2 
0 
2 
9 
15 
27 
24 
24 
19 
3 
23 
26 
20 
19 
2 
4 
8 
17 
5 
16 
28 
28 
32 
39 
47 
38 
21 
2 
11 
0 
8 
7 
0 
3 
4 
3 
1 
3 
4 
1 
35 
42 
44 
23 
22 
25 
20 
11 
8 
13 
6 
12 
3 
14 
23 
7 
15 
1 
22 
21 
22 
14 
10 
0 
7 
2 
4 
0 
4 
2 
4 
11 
31 
22 
32 
51 
57 
46 
24 
10 
8 
20 
50 
33 
46 
10 
36 
40 
39 
31 
38 
33 
26 
13 
6 
10 
7 
1 
7 
0 
8 
1 
5 
8 
0 
12 
13 
30 
33 
34 
39 
25 
6 
10 
3 
2 
0 
3 
9 
4 
0 
4 
9 
26 
33 
26 
14 
9 
0 
7 
3 
11 
16 
9 
10 
11 
7 
2 
23 
27 
33 
32 
42 
23 
7 
4 
6 
25 
24 
12 
3 
7 
27 
42 
41 
50 
59 
37 
5 
6 
3 
27 
21 
11 
2 
21 
30 
15 
0 
2 
10 
13 
22 
21 
16 
15 
22 
30 
21 
6 
10 
0 
34 
17 
11 
7 
18 
25 
34 
25 
42 
46 
31 
23 
13 
9 
2 
10 
13 
5 
9 
16 
15 
5 
7 
3 
25 
30 
24 
14 
19 
11 
0 
2 
17 
18 
2 
24 
27 
27 
12 
3 
1 
26 
69 
2 
38 
40 
43 
16 
9 
34 
24 
7 
3 
14 
8 
17 
18 
25 
46 
39 
19 
7 
0 
3 
4 
22 
21 
9 
0 
3 
5 
6 
4 
11 
23 
39 
28 
27 
32 
27 
2 
5 
8 
0 
1 
1 
7 
3 
3 
23 
27 
43 
50 
45 
38 
27 
5 
13 
17 
6 
7 
11 
16 
11 
16 
17 
22 
19 
31 
24 
19 
6 
3 
3 
12 
10 
9 
3 
15 
18 
3 
7 
10 
28 
27 
30 
29 
24 
23 
21 
10 
2 
4 
0 
0 
2 
3 
0 
6 
16 
15 
22 
33 
42 
31 
21 
10 
2 
7 
8 
3 
0 
3 
5 
38 
17 
0 
13 
34 
40 
27 
14 
1 
0 
4 
1 
6 
10 
14 
30 
44 
40 
27 
6 
10 
21 
14 
6 
17 
6 
6 
2 
8 
23 
25 
3 
1 
1 
6 
2 
10 
18 
30 
48 
33 
22 
9 
6 
5 
14 
24 
15 
22 
17 
1 
19 
12 
1 
17 
30 
33 
26 
15 
29 
34 
26 
3 
2 
5 
10 
2 
12 
3 
20 
19 
2 
2 
9 
10 
13 
10 
8 
0 
3 
7 
10 
8 
11 
23 
24 
9 
22 
29 
46 
39 
23 
1 
13 
9 
12 
11 
4 
6 
7 
15 
18 
24 
25 
30 
33 
30 
23 
9 
6 
5 
20 
10 
5 
6 
6 
0 
4 
3 
30 
36 
53 
62 
39 
25 
2 
21 
36 
54 
21 
3 
20 
11 
15 
33 
43 
34 
24 
23 
22 
14 
1 
1 
1 
8 
3 
14 
16 
7 
3 
1 
7 
7 
11 
30 
32 
17 
18 
15 
16 
7 
2 
4 
2 
15 
30 
16 
19 
23 
18 
25 
30 
43 
33 
29 
13 
1 
1 
28 
39 
30 
24 
17 
0 
28 
44 
41 
42 
49 
54 
35 
33 
9 
30 
22 
5 
15 
21 
24 
25 
13 
30 
25 
0 
15 
42 
64 
55 
44 
31 
24 
11 
4 
11 
6 
0 
4 
7 
10 
10 
17 
2 
10 
3 
2 
7 
0 
3 
3 
18 
34 
24 
24 
15 
23 
15 
10 
6 
20 
23 
23 
4 
3 
0 
0 
3 
35 
31 
10 
11 
24 
25 
31 
4 
35 
43 
51 
38 
24 
19 
18 
16 
11 
11 
6 
8 
5 
6 
12 
9 
6 
2 
6 
9 
26 
35 
28 
27 
24 
27 
8 
0 
3 
16 
17 
2 
10 
24 
27 
18 
9 
10 
5 
6 
16 
7 
5 
4 
0 
14 
16 
19 
15 
18 
29 
42 
33 
26 
19 
13 
8 
3 
6 
1 
9 
6 
16 
0 
7 
8 
0 
4 
22 
29 
38 
25 
24 
19 
16 
35 
22 
9 
22 
17 
11 
8 
7 
45 
70 
45 
34 
8 
13 
32 
22 
1 
19 
23 
30 
28 
19 
12 
7 
8 
19 
18 
6 
13 
4 
7 
4 
4 
5 
0 
15 
20 
19 
12 
3 
10 
12 
19 
18 
21 
20 
3 
2 
0 
3 
10 
13 
10 
4 
19 
30 
19 
11 
4 
5 
6 
2 
2 
8 
12 
4 
11 
15 
26 
22 
28 
15 
3 
1 
11 
31 
40 
47 
34 
26 
19 
5 
5 
1 
6 
5 
10 
1 
2 
14 
50 
50 
33 
9 
5 
5 
9 
17 
12 
7 
3 
10 
15 
23 
25 
19 
6 
16 
28 
31 
20 
7 
4 
7 
8 
3 
8 
11 
15 
6 
15 
19 
16 
19 
24 
31 
37 
30 
18 
3 
5 
8 
33 
10 
12 
23 
38 
41 
25 
8 
36 
43 
47 
50 
33 
34 
19 
4 
8 
0 
23 
28 
15 
10 
13 
26 
27 
10 
4 
10 
11 
9 
2 
2 
0 
2 
4 
0 
7 
0 
14 
21 
26 
24 
23 
30 
26 
21 
18 
18 
19 
5 
9 
12 
15 
8 
0 
15 
39 
62 
40 
15 
9 
0 
13 
20 
28 
38 
31 
12 
31 
46 
50 
22 
28 
24 
27 
31 
28 
11 
14 
10 
13 
4 
0 
1 
18 
23 
8 
0 
4 
0 
44 
31 
5 
11 
13 
12 
2 
18 
17 
22 
27 
31 
14 
15 
0 
13 
16 
8 
14 
17 
38 
34 
54 
57 
34 
3 
25 
28 
18 
2 
21 
18 
18 
30 
17 
14 
19 
33 
37 
21 
5 
1 
3 
1 
14 
3 
4 
1 
18 
23 
20 
27 
29 
38 
20 
16 
8 
7 
11 
21 
20 
18 
11 
0 
11 
26 
32 
32 
39 
58 
45 
29 
6 
2 
22 
22 
18 
7 
0 
3 
15 
12 
11 
14 
13 
18 
17 
14 
11 
4 
3 
11 
4 
1 
8 
11 
11 
3 
5 
1 
5 
13 
23 
74 
64 
27 
9 
37 
30 
9 
33 
58 
37 
42 
45 
18 
6 
11 
9 
2 
15 
9 
11 
31 
5 
10 
9 
1 
7 
0 
3 
0 
3 
11 
15 
3 
5 
11 
18 
24 
3 
5 
0 
10 
10 
8 
20 
20 
8 
0 
0 
5 
7 
26 
37 
38 
17 
14 
3 
1 
0 
0 
2 
13 
7 
0 
12 
20 
20 
28 
27 
35 
32 
19 
14 
14 
5 
16 
19 
0 
28 
29 
7 
7 
27 
38 
68 
85 
58 
11 
14 
17 
9 
3 
10 
5 
2 
8 
1 
9 
12 
0 
14 
32 
39 
36 
29 
34 
17 
10 
7 
11 
2 
1 
1 
10 
0 
0 
0 
7 
11 
18 
14 
17 
14 
6 
2 
1 
19 
27 
22 
28 
19 
15 
16 
35 
52 
27 
16 
34 
34 
33 
9 
3 
4 
2 
2 
16 
17 
25 
19 
15 
11 
33 
47 
42 
37 
26 
23 
20 
0 
0 
12 
7 
8 
1 
3 
19 
36 
37 
22 
26 
35 
33 
13 
2 
17 
2 
3 
23 
44 
27 
4 
11 
25 
23 
22 
36 
47 
35 
20 
15 
8 
5 
50 
55 
35 
3 
40 
39 
12 
23 
22 
22 
41 
38 
25 
16 
7 
4 
12 
25 
7 
20 
36 
28 
26 
10 
26 
20 
20 
25 
30 
41 
38 
23 
2 
5 
4 
11 
8 
8 
4 
8 
13 
30 
33 
34 
47 
37 
26 
10 
2 
0 
10 
11 
8 
7 
1 
14 
16 
11 
22 
49 
58 
66 
31 
29 
32 
18 
14 
44 
52 
40 
32 
27 
16 
7 
7 
35 
39 
46 
44 
45 
30 
32 
43 
32 
8 
31 
32 
9 
0 
3 
8 
15 
24 
35 
34 
46 
41 
38 
14 
12 
14 
15 
25 
1 
13 
21 
24 
22 
21 
1 
0 
2 
14 
21 
14 
4 
4 
5 
11 
27 
31 
28 
28 
24 
23 
35 
28 
27 
22 
16 
14 
0 
0 
2 
7 
4 
3 
3 
8 
17 
24 
23 
24 
31 
37 
25 
9 
2 
