9 
0 
5 
10 
0 
8 
3 
0 
3 
20 
29 
46 
49 
42 
36 
16 
2 
8 
0 
9 
4 
23 
22 
10 
10 
17 
9 
5 
22 
18 
11 
41 
41 
9 
13 
29 
16 
23 
24 
13 
10 
40 
40 
31 
35 
42 
45 
46 
27 
4 
26 
29 
21 
11 
8 
14 
36 
37 
42 
37 
58 
47 
27 
1 
23 
17 
1 
2 
14 
20 
14 
7 
5 
2 
9 
4 
34 
5 
23 
28 
31 
25 
34 
14 
2 
15 
0 
12 
31 
23 
7 
4 
1 
6 
5 
0 
11 
20 
17 
18 
12 
0 
2 
18 
10 
4 
0 
8 
4 
0 
5 
15 
30 
30 
28 
23 
35 
18 
0 
12 
0 
6 
18 
28 
55 
83 
69 
26 
5 
22 
34 
28 
28 
26 
0 
7 
22 
28 
23 
41 
31 
26 
20 
5 
14 
13 
14 
25 
1 
5 
12 
7 
11 
22 
15 
11 
1 
24 
27 
11 
28 
23 
12 
30 
41 
59 
52 
31 
0 
33 
56 
100 
87 
82 
36 
10 
35 
60 
71 
92 
66 
28 
18 
57 
52 
62 
53 
45 
28 
42 
33 
40 
30 
22 
22 
20 
35 
40 
31 
15 
9 
2 
2 
4 
6 
1 
1 
2 
7 
11 
17 
38 
51 
33 
26 
14 
10 
2 
10 
0 
1 
8 
7 
2 
2 
9 
34 
42 
35 
31 
37 
16 
9 
42 
42 
50 
23 
0 
12 
13 
26 
28 
19 
23 
44 
37 
40 
35 
17 
2 
4 
14 
0 
21 
9 
11 
6 
14 
24 
19 
42 
39 
14 
5 
13 
11 
1 
8 
18 
5 
15 
39 
42 
19 
7 
9 
3 
8 
6 
28 
51 
70 
71 
37 
6 
17 
24 
38 
37 
28 
4 
10 
44 
59 
60 
59 
57 
37 
29 
1 
11 
39 
47 
45 
34 
5 
20 
23 
46 
32 
39 
32 
31 
25 
66 
56 
20 
15 
39 
55 
61 
62 
37 
3 
12 
32 
54 
54 
60 
51 
35 
28 
11 
5 
6 
1 
10 
15 
12 
0 
7 
15 
1 
6 
13 
18 
38 
37 
34 
34 
11 
3 
14 
11 
20 
8 
3 
3 
3 
0 
11 
48 
35 
9 
0 
12 
14 
25 
23 
7 
7 
24 
32 
12 
25 
21 
25 
15 
30 
44 
53 
42 
27 
9 
13 
27 
28 
24 
20 
3 
11 
23 
30 
36 
49 
62 
37 
30 
16 
4 
7 
25 
28 
30 
17 
16 
12 
6 
22 
32 
32 
25 
26 
16 
3 
0 
11 
2 
12 
3 
7 
29 
23 
10 
16 
3 
7 
42 
44 
35 
26 
16 
2 
4 
4 
22 
3 
0 
3 
3 
4 
3 
3 
1 
20 
28 
35 
51 
40 
15 
11 
9 
14 
3 
16 
12 
8 
1 
2 
8 
11 
35 
47 
46 
61 
50 
32 
22 
0 
20 
42 
29 
11 
11 
12 
7 
22 
17 
8 
4 
21 
5 
3 
11 
10 
6 
22 
34 
16 
17 
21 
21 
23 
26 
28 
31 
30 
18 
3 
10 
17 
4 
0 
0 
6 
3 
7 
17 
15 
10 
8 
25 
38 
50 
34 
31 
25 
6 
1 
8 
13 
16 
2 
0 
5 
2 
12 
21 
26 
28 
23 
22 
18 
9 
2 
8 
3 
1 
7 
3 
12 
15 
19 
22 
28 
21 
38 
41 
30 
23 
1 
1 
7 
8 
4 
1 
11 
15 
3 
4 
0 
28 
35 
26 
18 
13 
6 
1 
22 
21 
31 
7 
4 
16 
8 
20 
38 
50 
52 
41 
22 
5 
4 
12 
19 
12 
1 
16 
24 
19 
13 
19 
18 
23 
31 
28 
35 
34 
30 
7 
6 
0 
0 
10 
1 
8 
7 
4 
9 
14 
21 
30 
33 
22 
19 
14 
14 
7 
14 
1 
6 
1 
4 
4 
0 
46 
61 
74 
79 
49 
5 
18 
39 
45 
37 
37 
28 
23 
15 
7 
8 
8 
23 
40 
34 
34 
34 
46 
40 
25 
2 
0 
4 
2 
7 
14 
6 
10 
8 
15 
15 
26 
43 
47 
40 
35 
13 
5 
12 
23 
24 
11 
3 
19 
19 
18 
36 
37 
30 
17 
28 
27 
9 
6 
9 
10 
0 
7 
12 
19 
24 
15 
12 
27 
20 
23 
13 
14 
14 
3 
5 
2 
1 
6 
2 
9 
0 
7 
7 
12 
0 
20 
45 
58 
29 
14 
9 
2 
9 
18 
11 
0 
11 
16 
20 
21 
5 
4 
15 
35 
47 
50 
55 
39 
26 
10 
10 
17 
11 
12 
5 
4 
9 
18 
16 
9 
22 
25 
26 
21 
10 
5 
2 
8 
12 
5 
16 
17 
26 
20 
19 
24 
23 
21 
12 
7 
5 
10 
4 
4 
28 
31 
22 
13 
26 
27 
33 
22 
6 
5 
5 
2 
22 
38 
24 
16 
10 
20 
34 
23 
12 
6 
1 
9 
30 
38 
54 
53 
38 
10 
5 
0 
1 
0 
23 
17 
6 
4 
18 
11 
8 
9 
20 
15 
17 
16 
15 
9 
14 
5 
10 
15 
6 
21 
6 
13 
36 
31 
1 
1 
10 
16 
28 
24 
8 
2 
11 
11 
14 
25 
5 
1 
1 
5 
18 
5 
10 
11 
12 
7 
2 
0 
6 
4 
2 
1 
10 
16 
28 
23 
27 
30 
25 
34 
21 
18 
19 
16 
19 
5 
14 
3 
0 
3 
3 
10 
1 
4 
3 
12 
35 
34 
30 
25 
24 
11 
1 
1 
6 
5 
0 
15 
12 
19 
28 
23 
25 
18 
15 
2 
5 
1 
10 
8 
3 
0 
5 
2 
4 
3 
24 
25 
32 
27 
32 
19 
12 
4 
17 
20 
16 
17 
17 
4 
8 
4 
44 
56 
47 
39 
22 
10 
10 
9 
22 
21 
15 
7 
8 
14 
24 
37 
25 
37 
23 
26 
32 
29 
10 
11 
3 
0 
6 
2 
3 
4 
0 
7 
14 
22 
24 
23 
19 
22 
35 
43 
36 
27 
0 
0 
3 
4 
0 
1 
2 
21 
22 
33 
46 
35 
23 
13 
5 
1 
13 
24 
18 
13 
15 
3 
15 
34 
36 
31 
35 
40 
47 
37 
22 
1 
12 
16 
10 
15 
32 
33 
11 
0 
0 
23 
31 
47 
59 
42 
17 
10 
17 
10 
5 
2 
10 
9 
7 
4 
3 
0 
18 
22 
32 
25 
26 
17 
18 
11 
16 
15 
12 
3 
0 
14 
5 
0 
1 
22 
40 
31 
24 
23 
22 
5 
1 
0 
0 
2 
8 
3 
7 
10 
19 
27 
22 
29 
26 
23 
29 
42 
38 
0 
13 
32 
42 
21 
19 
16 
10 
4 
18 
22 
34 
28 
28 
32 
39 
39 
42 
40 
19 
0 
12 
17 
2 
2 
12 
7 
1 
5 
1 
8 
11 
8 
15 
18 
20 
13 
7 
2 
16 
15 
11 
18 
24 
45 
58 
47 
37 
10 
5 
9 
25 
19 
17 
10 
0 
12 
2 
4 
11 
10 
28 
33 
34 
32 
31 
17 
14 
13 
18 
7 
5 
1 
4 
0 
8 
17 
38 
39 
13 
17 
18 
10 
3 
1 
2 
9 
14 
5 
0 
11 
16 
13 
18 
21 
26 
19 
9 
2 
0 
2 
6 
4 
0 
6 
8 
7 
0 
6 
20 
11 
3 
10 
20 
35 
24 
9 
14 
4 
7 
6 
8 
3 
9 
19 
22 
24 
17 
26 
40 
35 
17 
17 
25 
6 
18 
13 
18 
5 
18 
1 
1 
3 
3 
20 
13 
18 
13 
14 
5 
1 
0 
0 
2 
6 
8 
4 
0 
3 
19 
30 
24 
35 
39 
32 
19 
0 
4 
8 
15 
16 
9 
14 
1 
10 
5 
10 
17 
22 
51 
53 
34 
18 
13 
15 
17 
24 
31 
28 
15 
16 
8 
7 
19 
57 
51 
46 
48 
29 
22 
9 
6 
5 
2 
4 
8 
0 
19 
6 
17 
32 
31 
25 
14 
20 
10 
0 
5 
4 
4 
10 
9 
3 
8 
5 
8 
15 
19 
32 
29 
30 
13 
18 
4 
5 
18 
8 
3 
7 
2 
4 
2 
14 
16 
29 
26 
25 
36 
35 
21 
2 
9 
12 
47 
40 
11 
3 
19 
35 
46 
52 
45 
58 
41 
18 
1 
8 
18 
21 
21 
15 
16 
1 
0 
16 
23 
23 
31 
46 
36 
19 
8 
3 
0 
7 
8 
8 
0 
1 
4 
8 
7 
19 
31 
38 
41 
42 
37 
34 
18 
3 
14 
15 
20 
16 
8 
8 
9 
10 
36 
49 
42 
27 
18 
6 
0 
18 
23 
20 
5 
0 
5 
9 
15 
26 
18 
32 
19 
10 
21 
22 
29 
32 
27 
30 
18 
22 
37 
38 
21 
0 
3 
19 
51 
50 
33 
22 
5 
0 
0 
15 
16 
8 
14 
30 
36 
24 
7 
19 
15 
2 
5 
10 
20 
27 
13 
10 
5 
18 
19 
19 
4 
0 
2 
3 
0 
6 
24 
15 
22 
9 
12 
7 
0 
7 
8 
1 
10 
8 
11 
19 
26 
20 
17 
26 
25 
14 
21 
14 
14 
9 
10 
6 
2 
1 
6 
6 
21 
30 
33 
22 
10 
7 
11 
0 
10 
13 
17 
18 
5 
4 
8 
16 
20 
27 
31 
23 
30 
32 
25 
22 
7 
6 
6 
1 
8 
3 
0 
16 
3 
10 
1 
8 
15 
39 
48 
37 
38 
27 
22 
14 
6 
3 
0 
8 
11 
0 
3 
0 
35 
30 
26 
23 
13 
22 
24 
6 
8 
18 
7 
0 
15 
6 
14 
40 
33 
22 
17 
38 
43 
25 
5 
7 
17 
18 
19 
22 
1 
4 
23 
27 
23 
34 
40 
37 
36 
31 
15 
6 
11 
16 
19 
0 
6 
16 
15 
14 
3 
11 
26 
19 
27 
46 
50 
29 
10 
12 
2 
4 
14 
15 
28 
23 
24 
2 
15 
22 
36 
35 
27 
42 
45 
42 
25 
18 
9 
3 
12 
23 
16 
19 
10 
10 
24 
31 
34 
65 
58 
42 
27 
3 
12 
14 
9 
5 
0 
3 
7 
8 
15 
13 
22 
25 
34 
34 
23 
19 
1 
5 
17 
14 
9 
4 
0 
12 
5 
2 
0 
19 
40 
33 
18 
15 
12 
3 
4 
4 
17 
15 
4 
1 
3 
22 
26 
40 
47 
46 
37 
22 
27 
9 
5 
2 
18 
21 
8 
4 
0 
2 
18 
32 
39 
36 
35 
53 
42 
30 
4 
1 
5 
21 
25 
22 
9 
1 
6 
29 
34 
51 
50 
24 
2 
3 
10 
22 
21 
6 
13 
20 
25 
29 
24 
0 
16 
29 
54 
49 
46 
43 
29 
10 
2 
13 
1 
13 
18 
1 
0 
3 
0 
6 
9 
6 
2 
19 
27 
32 
7 
3 
14 
18 
8 
24 
19 
7 
0 
14 
16 
23 
35 
32 
15 
16 
27 
25 
18 
3 
11 
12 
7 
14 
1 
7 
15 
28 
39 
26 
22 
23 
13 
6 
7 
4 
3 
1 
2 
2 
8 
11 
12 
17 
26 
17 
20 
19 
13 
4 
15 
2 
6 
16 
19 
6 
1 
1 
2 
1 
2 
10 
21 
22 
13 
14 
2 
5 
0 
3 
10 
8 
19 
15 
15 
16 
13 
38 
41 
50 
35 
21 
33 
22 
3 
25 
28 
30 
29 
20 
8 
1 
12 
21 
30 
36 
33 
34 
29 
26 
13 
4 
9 
6 
0 
3 
0 
0 
10 
25 
14 
27 
46 
36 
18 
7 
8 
22 
19 
16 
7 
13 
26 
29 
22 
2 
5 
5 
26 
28 
11 
4 
11 
8 
5 
6 
4 
4 
0 
3 
18 
8 
15 
23 
12 
13 
26 
29 
38 
29 
10 
0 
9 
5 
3 
0 
7 
0 
11 
24 
25 
30 
33 
34 
17 
18 
6 
1 
8 
11 
16 
2 
14 
9 
0 
0 
3 
11 
18 
34 
25 
22 
22 
5 
3 
16 
31 
24 
16 
1 
14 
22 
46 
52 
45 
42 
29 
22 
7 
6 
9 
6 
5 
0 
0 
2 
8 
11 
14 
25 
34 
21 
26 
19 
14 
1 
2 
2 
5 
10 
11 
7 
6 
11 
11 
3 
3 
6 
5 
22 
13 
10 
1 
2 
12 
11 
11 
2 
0 
3 
21 
7 
20 
13 
22 
24 
27 
32 
35 
25 
6 
4 
1 
6 
5 
3 
2 
2 
16 
13 
30 
46 
46 
37 
18 
10 
3 
9 
8 
13 
13 
8 
0 
4 
11 
23 
34 
21 
30 
29 
26 
13 
12 
3 
0 
7 
3 
2 
6 
12 
1 
2 
8 
7 
28 
25 
16 
23 
16 
27 
30 
22 
17 
10 
9 
6 
4 
8 
11 
5 
1 
5 
16 
29 
9 
8 
11 
23 
38 
26 
6 
4 
12 
12 
15 
9 
19 
20 
15 
19 
20 
19 
8 
7 
12 
9 
10 
12 
9 
6 
4 
7 
19 
24 
23 
36 
39 
33 
14 
6 
2 
0 
1 
2 
14 
1 
9 
18 
9 
10 
9 
6 
19 
14 
10 
5 
3 
4 
8 
0 
11 
2 
15 
13 
15 
14 
28 
39 
34 
33 
22 
6 
0 
6 
17 
13 
3 
0 
10 
12 
12 
3 
15 
24 
11 
23 
24 
9 
26 
16 
7 
1 
3 
0 
5 
1 
3 
3 
7 
13 
27 
30 
40 
43 
16 
0 
3 
12 
5 
0 
11 
7 
11 
19 
15 
27 
23 
14 
12 
11 
20 
19 
20 
11 
3 
0 
3 
2 
12 
15 
15 
10 
28 
29 
26 
42 
34 
33 
26 
5 
29 
24 
23 
16 
17 
0 
16 
43 
27 
19 
14 
20 
31 
24 
11 
12 
11 
4 
0 
0 
1 
0 
15 
15 
7 
14 
24 
25 
30 
21 
26 
13 
14 
6 
2 
6 
5 
2 
11 
3 
0 
3 
6 
17 
26 
25 
32 
27 
21 
10 
6 
11 
4 
12 
23 
24 
16 
13 
17 
1 
14 
24 
31 
43 
43 
38 
28 
27 
26 
0 
16 
20 
5 
16 
7 
3 
18 
41 
42 
5 
6 
1 
4 
0 
9 
0 
3 
13 
21 
27 
10 
16 
16 
21 
26 
36 
31 
21 
2 
10 
13 
8 
11 
0 
3 
1 
0 
0 
3 
3 
5 
13 
38 
45 
30 
25 
4 
3 
4 
0 
1 
3 
6 
8 
5 
4 
3 
19 
42 
36 
45 
38 
13 
5 
4 
8 
17 
3 
0 
5 
19 
18 
24 
15 
23 
24 
23 
32 
23 
1 
1 
2 
6 
0 
4 
2 
3 
10 
24 
15 
15 
22 
31 
39 
34 
34 
19 
6 
5 
16 
7 
8 
11 
3 
16 
3 
23 
36 
33 
34 
37 
26 
19 
8 
7 
6 
17 
10 
1 
3 
2 
2 
8 
7 
10 
15 
15 
36 
35 
21 
1 
7 
15 
6 
8 
4 
0 
2 
2 
12 
9 
30 
48 
47 
29 
22 
6 
0 
22 
17 
18 
17 
0 
11 
15 
18 
31 
31 
22 
19 
23 
0 
1 
10 
19 
31 
28 
13 
10 
2 
6 
2 
2 
9 
14 
13 
22 
19 
22 
14 
3 
0 
4 
0 
1 
10 
8 
3 
7 
4 
3 
11 
24 
25 
34 
29 
26 
17 
22 
2 
1 
2 
10 
12 
15 
6 
14 
17 
34 
34 
27 
0 
6 
10 
19 
8 
8 
19 
28 
11 
7 
12 
19 
46 
29 
6 
18 
35 
21 
1 
21 
36 
19 
16 
13 
9 
2 
14 
22 
30 
30 
44 
52 
39 
26 
17 
10 
14 
7 
0 
3 
7 
4 
3 
8 
15 
14 
13 
26 
29 
18 
30 
23 
5 
4 
11 
1 
1 
2 
6 
1 
6 
5 
22 
23 
18 
14 
19 
9 
1 
4 
7 
4 
7 
8 
3 
0 
11 
14 
36 
19 
27 
28 
23 
5 
2 
10 
13 
0 
3 
6 
10 
24 
15 
11 
1 
8 
19 
35 
28 
23 
20 
15 
12 
7 
8 
3 
4 
7 
3 
12 
15 
27 
28 
31 
13 
10 
2 
2 
3 
12 
6 
11 
15 
2 
5 
0 
15 
19 
14 
16 
27 
22 
13 
14 
15 
11 
28 
15 
7 
3 
14 
25 
15 
0 
0 
10 
30 
44 
21 
22 
24 
23 
14 
8 
0 
0 
2 
20 
8 
0 
1 
7 
22 
32 
31 
34 
46 
39 
25 
6 
5 
4 
7 
16 
17 
4 
7 
6 
11 
19 
28 
21 
34 
33 
28 
15 
0 
3 
4 
3 
0 
8 
0 
4 
5 
18 
28 
39 
46 
30 
9 
6 
2 
10 
5 
14 
6 
4 
0 
4 
2 
11 
31 
36 
23 
28 
35 
4 
7 
0 
0 
4 
7 
6 
12 
2 
30 
28 
20 
25 
42 
40 
43 
21 
10 
5 
4 
21 
9 
36 
19 
20 
23 
1 
6 
8 
5 
13 
18 
9 
5 
54 
47 
47 
40 
15 
1 
8 
3 
1 
0 
15 
22 
21 
18 
15 
17 
2 
1 
8 
9 
10 
16 
11 
20 
23 
27 
20 
17 
16 
15 
18 
22 
15 
15 
17 
6 
0 
7 
1 
13 
22 
9 
8 
9 
30 
44 
59 
38 
22 
15 
11 
6 
25 
9 
1 
10 
9 
6 
1 
14 
13 
18 
21 
30 
31 
29 
46 
28 
4 
9 
8 
5 
10 
1 
3 
2 
10 
4 
2 
0 
5 
6 
10 
12 
27 
8 
1 
14 
28 
32 
60 
47 
31 
20 
15 
16 
31 
21 
18 
2 
1 
7 
2 
16 
25 
17 
0 
4 
1 
0 
23 
43 
38 
21 
22 
29 
34 
13 
14 
7 
4 
0 
7 
2 
2 
4 
15 
20 
31 
34 
28 
34 
35 
19 
15 
11 
5 
1 
5 
22 
21 
14 
2 
9 
26 
29 
18 
3 
10 
5 
1 
10 
15 
19 
2 
24 
27 
22 
24 
23 
28 
35 
25 
2 
8 
8 
4 
1 
12 
6 
0 
19 
17 
22 
9 
3 
4 
11 
16 
4 
13 
38 
36 
23 
8 
3 
26 
16 
11 
11 
2 
3 
3 
3 
1 
18 
33 
42 
43 
29 
34 
6 
8 
20 
20 
12 
12 
14 
18 
25 
37 
32 
22 
9 
1 
0 
0 
2 
1 
1 
2 
2 
10 
14 
5 
0 
10 
19 
33 
49 
66 
65 
37 
10 
16 
23 
25 
42 
26 
22 
0 
7 
12 
19 
29 
44 
55 
59 
49 
29 
35 
13 
11 
17 
45 
33 
25 
21 
7 
1 
26 
23 
14 
18 
19 
21 
14 
22 
19 
17 
30 
22 
11 
6 
6 
4 
3 
5 
1 
9 
30 
34 
27 
19 
15 
19 
9 
1 
2 
10 
19 
11 
1 
9 
5 
4 
10 
19 
23 
17 
21 
17 
18 
6 
0 
5 
1 
2 
1 
9 
30 
29 
26 
28 
28 
28 
28 
20 
34 
25 
5 
26 
43 
39 
21 
16 
30 
13 
1 
18 
13 
30 
31 
19 
24 
27 
38 
43 
47 
20 
11 
10 
1 
2 
6 
2 
14 
12 
7 
3 
1 
3 
1 
6 
6 
30 
40 
23 
8 
2 
2 
13 
26 
23 
33 
34 
18 
4 
13 
20 
10 
0 
10 
5 
7 
15 
12 
17 
30 
21 
34 
25 
20 
11 
9 
2 
1 
2 
2 
2 
2 
12 
15 
16 
27 
14 
18 
15 
13 
14 
27 
9 
4 
0 
7 
4 
4 
5 
22 
8 
31 
36 
39 
26 
30 
43 
49 
37 
21 
0 
22 
35 
31 
33 
40 
10 
10 
25 
22 
17 
26 
17 
50 
45 
8 
3 
2 
2 
10 
1 
12 
17 
22 
20 
39 
54 
44 
8 
29 
57 
45 
37 
24 
5 
11 
15 
33 
75 
94 
68 
51 
29 
14 
2 
5 
34 
26 
42 
49 
45 
27 
20 
0 
0 
16 
19 
28 
47 
64 
54 
58 
46 
36 
19 
8 
0 
6 
6 
13 
1 
12 
14 
2 
2 
1 
9 
24 
27 
26 
26 
29 
42 
27 
4 
7 
29 
26 
13 
1 
37 
12 
17 
13 
6 
1 
21 
50 
53 
54 
43 
25 
6 
11 
5 
54 
63 
81 
40 
7 
19 
34 
48 
71 
101 
102 
95 
28 
16 
9 
33 
61 
64 
84 
86 
53 
40 
46 
42 
20 
2 
5 
22 
29 
31 
24 
6 
5 
33 
49 
21 
19 
86 
134 
104 
80 
72 
13 
67 
126 
142 
108 
64 
21 
28 
48 
74 
88 
111 
102 
58 
36 
13 
13 
24 
42 
31 
8 
24 
27 
22 
1 
32 
54 
43 
40 
11 
0 
2 
40 
56 
56 
48 
56 
19 
24 
9 
8 
31 
29 
15 
52 
42 
46 
44 
67 
69 
26 
36 
38 
35 
41 
65 
49 
6 
22 
29 
62 
93 
94 
18 
46 
42 
3 
23 
7 
78 
110 
80 
81 
46 
15 
8 
24 
54 
86 
85 
75 
4 
55 
67 
71 
54 
60 
83 
46 
34 
31 
2 
23 
29 
32 
71 
57 
18 
20 
4 
5 
30 
51 
27 
14 
6 
13 
69 
162 
194 
124 
8 
35 
52 
24 
11 
27 
12 
27 
70 
72 
38 
8 
18 
27 
0 
39 
81 
78 
62 
45 
26 
144 
183 
271 
267 
198 
160 
9 
113 
119 
120 
143 
155 
119 
53 
5 
48 
103 
181 
146 
66 
14 
22 
34 
43 
48 
50 
8 
63 
135 
76 
48 
123 
136 
134 
76 
43 
12 
63 
22 
14 
24 
1 
21 
28 
56 
32 
43 
32 
14 
22 
69 
95 
140 
129 
111 
30 
43 
126 
90 
48 
12 
26 
61 
81 
131 
42 
44 
152 
163 
169 
152 
88 
7 
60 
99 
154 
216 
137 
63 
13 
45 
44 
9 
34 
16 
56 
104 
158 
69 
52 
103 
160 
148 
113 
67 
24 
7 
49 
159 
152 
116 
27 
141 
120 
55 
15 
158 
310 
368 
316 
226 
23 
127 
256 
295 
221 
143 
43 
38 
7 
19 
12 
44 
30 
46 
0 
50 
122 
135 
92 
45 
59 
59 
123 
97 
31 
5 
54 
105 
69 
64 
103 
100 
91 
109 
46 
79 
208 
215 
168 
277 
192 
60 
51 
22 
29 
33 
234 
397 
406 
278 
61 
228 
336 
358 
384 
171 
14 
180 
249 
216 
51 
69 
12 
107 
74 
40 
24 
12 
52 
74 
53 
37 
53 
73 
109 
85 
89 
163 
293 
197 
8 
178 
218 
188 
113 
38 
8 
3 
31 
145 
275 
188 
135 
8 
94 
64 
47 
96 
193 
218 
42 
236 
98 
41 
200 
222 
210 
136 
23 
110 
158 
222 
193 
246 
249 
78 
1 
52 
136 
208 
280 
278 
224 
68 
67 
76 
84 
180 
364 
449 
349 
143 
95 
176 
253 
222 
109 
122 
143 
74 
34 
39 
3 
42 
15 
19 
6 
165 
465 
523 
278 
189 
200 
137 
151 
170 
84 
32 
17 
58 
47 
66 
1 
67 
143 
162 
103 
12 
26 
101 
52 
45 
131 
170 
162 
176 
163 
72 
67 
125 
138 
327 
339 
193 
27 
61 
2 
82 
129 
19 
149 
89 
52 
69 
34 
290 
201 
38 
217 
347 
386 
244 
175 
146 
37 
130 
219 
227 
177 
130 
147 
111 
17 
70 
312 
344 
161 
42 
152 
211 
186 
185 
226 
194 
193 
168 
0 
102 
117 
195 
317 
319 
25 
22 
19 
44 
15 
4 
8 
16 
110 
172 
164 
119 
52 
30 
145 
166 
158 
197 
83 
42 
361 
411 
197 
53 
238 
353 
354 
320 
215 
169 
109 
38 
202 
325 
405 
496 
411 
229 
139 
78 
31 
67 
53 
86 
186 
288 
196 
145 
116 
60 
100 
115 
28 
20 
131 
230 
182 
70 
17 
71 
0 
82 
34 
27 
118 
246 
113 
50 
366 
454 
388 
238 
142 
63 
145 
337 
236 
76 
65 
86 
41 
66 
43 
71 
102 
70 
4 
19 
17 
2 
10 
82 
66 
2 
1 
2 
16 
36 
56 
20 
16 
63 
32 
14 
13 
98 
41 
29 
72 
49 
18 
10 
47 
85 
185 
174 
143 
162 
125 
33 
82 
171 
273 
360 
301 
220 
158 
82 
0 
154 
339 
316 
237 
146 
108 
98 
22 
117 
129 
149 
130 
147 
138 
80 
98 
107 
140 
191 
204 
152 
111 
39 
29 
58 
58 
103 
65 
124 
110 
141 
59 
5 
3 
23 
23 
99 
73 
140 
121 
137 
129 
117 
56 
59 
35 
103 
175 
138 
53 
106 
152 
185 
122 
20 
228 
315 
273 
137 
23 
108 
223 
265 
215 
243 
307 
258 
193 
232 
109 
67 
221 
338 
499 
520 
516 
434 
197 
75 
386 
468 
373 
297 
215 
160 
64 
4 
63 
14 
40 
97 
98 
7 
71 
30 
29 
107 
89 
8 
86 
157 
97 
8 
47 
26 
108 
121 
51 
81 
106 
13 
181 
180 
207 
167 
41 
138 
47 
130 
179 
116 
103 
69 
82 
78 
53 
12 
46 
19 
59 
29 
141 
37 
145 
89 
7 
11 
14 
25 
69 
135 
59 
52 
31 
3 
1 
52 
192 
134 
28 
23 
127 
111 
218 
295 
220 
133 
43 
130 
120 
212 
229 
297 
287 
204 
139 
8 
81 
148 
180 
237 
176 
60 
35 
113 
148 
223 
123 
84 
228 
194 
176 
89 
39 
4 
14 
123 
244 
232 
237 
273 
148 
26 
26 
37 
90 
185 
90 
137 
130 
5 
47 
23 
81 
170 
293 
312 
172 
23 
42 
141 
198 
211 
202 
194 
237 
317 
207 
37 
128 
225 
288 
338 
348 
458 
415 
177 
42 
96 
131 
261 
392 
417 
326 
233 
139 
141 
157 
179 
113 
7 
91 
8 
64 
263 
341 
368 
258 
201 
149 
100 
105 
158 
150 
136 
230 
283 
207 
63 
73 
57 
54 
30 
112 
55 
3 
85 
153 
158 
105 
15 
4 
125 
268 
434 
412 
218 
105 
74 
24 
126 
321 
460 
518 
423 
263 
101 
308 
355 
272 
85 
64 
42 
98 
206 
135 
3 
136 
191 
72 
33 
91 
95 
199 
294 
276 
235 
147 
92 
82 
244 
307 
313 
347 
227 
83 
66 
142 
89 
4 
108 
162 
126 
130 
160 
238 
298 
294 
164 
191 
159 
70 
14 
1 
0 
0 
20 
134 
201 
221 
215 
220 
214 
206 
179 
153 
113 
42 
54 
247 
409 
319 
21 
40 
49 
56 
37 
48 
40 
41 
39 
65 
302 
372 
220 
167 
49 
176 
499 
648 
437 
258 
112 
58 
175 
335 
270 
156 
85 
6 
12 
51 
10 
46 
75 
3 
3 
20 
181 
326 
322 
217 
39 
117 
309 
392 
350 
298 
49 
36 
93 
59 
116 
236 
352 
253 
205 
1 
148 
164 
148 
39 
17 
144 
155 
101 
147 
42 
209 
208 
237 
229 
25 
77 
248 
166 
51 
31 
22 
163 
164 
20 
59 
126 
214 
294 
282 
148 
13 
131 
109 
4 
143 
304 
211 
25 
307 
747 
998 
847 
227 
165 
408 
479 
438 
403 
362 
198 
82 
167 
135 
198 
213 
46 
63 
109 
45 
115 
124 
105 
44 
143 
276 
186 
28 
257 
273 
49 
32 
12 
58 
120 
96 
41 
85 
104 
150 
32 
73 
130 
195 
157 
12 
92 
111 
73 
119 
63 
71 
144 
192 
80 
137 
308 
378 
392 
320 
166 
249 
409 
156 
71 
169 
327 
388 
201 
112 
111 
224 
221 
205 
280 
230 
50 
142 
166 
83 
44 
29 
52 
162 
368 
281 
230 
164 
73 
46 
276 
425 
529 
630 
482 
222 
35 
165 
364 
409 
424 
453 
355 
163 
138 
12 
226 
295 
174 
20 
99 
123 
45 
155 
21 
28 
18 
191 
153 
23 
30 
48 
6 
48 
166 
116 
36 
83 
132 
153 
14 
134 
115 
220 
284 
311 
167 
113 
300 
188 
283 
234 
144 
229 
293 
178 
87 
127 
156 
135 
253 
477 
83 
117 
255 
326 
256 
174 
101 
326 
287 
177 
111 
32 
88 
80 
117 
213 
261 
205 
227 
151 
97 
122 
8 
264 
440 
526 
314 
183 
95 
54 
148 
306 
312 
312 
155 
51 
203 
90 
39 
6 
35 
83 
90 
124 
9 
168 
316 
415 
390 
269 
134 
71 
157 
37 
18 
107 
165 
187 
239 
22 
248 
214 
131 
59 
16 
270 
499 
423 
152 
79 
177 
82 
88 
105 
138 
31 
72 
11 
66 
0 
32 
56 
53 
41 
13 
2 
8 
9 
47 
33 
40 
158 
149 
91 
69 
17 
0 
38 
0 
54 
120 
78 
39 
113 
4 
100 
57 
67 
132 
73 
86 
139 
116 
20 
59 
316 
463 
448 
134 
157 
207 
174 
93 
120 
118 
58 
58 
26 
123 
204 
220 
259 
338 
360 
328 
32 
310 
344 
339 
561 
377 
95 
153 
410 
439 
238 
5 
81 
20 
45 
3 
139 
98 
25 
179 
215 
161 
110 
34 
103 
73 
98 
130 
190 
13 
96 
93 
58 
95 
97 
2 
34 
0 
56 
24 
56 
8 
238 
235 
10 
211 
252 
112 
199 
111 
39 
56 
95 
37 
37 
106 
98 
56 
75 
141 
206 
195 
100 
67 
20 
101 
78 
14 
52 
11 
260 
348 
143 
39 
22 
214 
101 
140 
276 
275 
210 
145 
122 
102 
61 
97 
68 
27 
20 
52 
43 
27 
284 
500 
446 
156 
16 
154 
162 
198 
241 
281 
248 
333 
467 
234 
101 
333 
333 
483 
247 
56 
223 
296 
213 
149 
77 
0 
73 
210 
230 
157 
63 
245 
373 
221 
94 
196 
340 
135 
72 
25 
173 
256 
54 
20 
50 
184 
157 
157 
4 
210 
159 
152 
140 
162 
24 
79 
39 
14 
143 
257 
303 
173 
18 
114 
344 
433 
234 
80 
344 
427 
385 
177 
6 
59 
203 
146 
57 
90 
199 
143 
166 
12 
34 
156 
351 
381 
316 
65 
55 
183 
351 
723 
271 
68 
238 
258 
73 
44 
11 
59 
97 
35 
231 
312 
240 
166 
155 
37 
113 
292 
210 
56 
38 
18 
129 
156 
98 
136 
163 
49 
125 
134 
59 
58 
55 
143 
54 
106 
111 
54 
101 
53 
17 
108 
180 
132 
18 
6 
67 
37 
24 
86 
13 
12 
82 
54 
46 
108 
60 
28 
29 
51 
45 
36 
37 
243 
300 
169 
115 
277 
294 
122 
81 
257 
191 
88 
16 
164 
66 
60 
226 
144 
341 
152 
65 
304 
169 
37 
6 
77 
32 
20 
87 
57 
148 
122 
56 
97 
122 
78 
29 
11 
113 
81 
79 
31 
127 
126 
276 
337 
349 
325 
27 
148 
364 
340 
298 
347 
377 
296 
2 
182 
299 
351 
181 
58 
190 
277 
62 
133 
126 
323 
279 
185 
238 
108 
211 
253 
158 
99 
76 
84 
124 
151 
109 
26 
20 
109 
146 
225 
138 
63 
199 
315 
2 
86 
106 
129 
231 
55 
1 
154 
23 
30 
74 
175 
112 
9 
127 
239 
278 
140 
270 
651 
418 
55 
32 
207 
343 
198 
165 
235 
157 
16 
129 
335 
287 
166 
120 
97 
268 
239 
96 
40 
54 
43 
90 
113 
60 
109 
159 
150 
136 
3 
82 
72 
70 
235 
324 
279 
343 
259 
59 
612 
732 
806 
775 
812 
238 
340 
453 
563 
460 
447 
419 
420 
282 
3 
246 
162 
62 
59 
30 
78 
65 
44 
296 
410 
385 
171 
166 
222 
142 
19 
100 
136 
229 
244 
156 
116 
3 
52 
76 
73 
12 
19 
5 
83 
149 
30 
124 
27 
34 
14 
83 
13 
102 
195 
116 
104 
454 
634 
504 
202 
134 
300 
397 
474 
360 
101 
199 
177 
130 
135 
40 
336 
516 
401 
97 
404 
433 
465 
359 
20 
82 
63 
217 
314 
26 
165 
109 
160 
185 
182 
125 
159 
317 
205 
203 
108 
23 
1 
56 
182 
234 
193 
143 
118 
117 
162 
241 
263 
176 
78 
237 
123 
35 
84 
396 
252 
55 
110 
37 
47 
110 
12 
66 
9 
6 
26 
57 
103 
9 
39 
144 
160 
7 
92 
2 
181 
168 
103 
78 
84 
204 
196 
67 
277 
370 
385 
287 
0 
189 
233 
186 
66 
29 
18 
39 
31 
54 
173 
61 
15 
144 
112 
16 
129 
111 
104 
184 
231 
215 
150 
64 
46 
228 
251 
146 
63 
103 
111 
1 
170 
135 
203 
109 
75 
108 
275 
239 
249 
362 
318 
284 
41 
240 
406 
443 
423 
333 
141 
43 
35 
36 
205 
219 
132 
145 
201 
225 
170 
183 
110 
20 
26 
38 
75 
91 
283 
274 
152 
85 
18 
90 
151 
103 
135 
135 
14 
43 
123 
202 
215 
190 
212 
244 
195 
130 
81 
63 
33 
7 
8 
69 
254 
237 
227 
204 
212 
130 
110 
18 
172 
167 
225 
247 
231 
62 
4 
10 
20 
143 
321 
406 
173 
12 
98 
156 
186 
191 
168 
152 
23 
81 
50 
0 
49 
330 
351 
158 
131 
267 
346 
257 
122 
7 
37 
161 
190 
101 
104 
131 
148 
1 
107 
99 
67 
108 
219 
95 
110 
48 
81 
127 
145 
82 
40 
48 
71 
82 
150 
253 
196 
81 
24 
33 
109 
128 
12 
106 
32 
198 
170 
49 
35 
42 
148 
175 
177 
127 
31 
79 
33 
50 
16 
10 
1 
29 
96 
131 
93 
46 
24 
33 
92 
74 
62 
27 
19 
37 
17 
17 
4 
19 
77 
118 
142 
138 
81 
8 
39 
126 
197 
216 
206 
100 
37 
1 
25 
9 
18 
17 
31 
45 
45 
57 
34 
37 
256 
219 
180 
115 
29 
163 
101 
25 
47 
86 
45 
167 
128 
40 
7 
143 
207 
174 
136 
158 
102 
57 
133 
62 
59 
11 
67 
19 
69 
70 
19 
130 
116 
29 
48 
110 
133 
139 
84 
6 
94 
50 
1 
6 
36 
35 
26 
17 
16 
73 
119 
32 
22 
77 
39 
30 
85 
156 
125 
70 
43 
35 
3 
13 
17 
71 
65 
15 
6 
2 
27 
48 
94 
107 
58 
6 
28 
29 
46 
19 
12 
6 
82 
68 
37 
72 
3 
74 
47 
14 
85 
56 
14 
56 
70 
67 
69 
30 
92 
167 
121 
2 
104 
115 
109 
27 
34 
97 
4 
61 
12 
5 
46 
80 
30 
4 
26 
49 
23 
51 
85 
96 
94 
28 
91 
74 
30 
39 
113 
135 
0 
111 
86 
109 
88 
110 
36 
10 
76 
15 
4 
21 
0 
20 
5 
40 
35 
65 
45 
22 
19 
45 
9 
4 
5 
20 
26 
36 
2 
159 
104 
14 
69 
95 
78 
64 
41 
138 
62 
2 
79 
88 
144 
123 
108 
97 
49 
1 
22 
34 
54 
1 
52 
42 
65 
20 
45 
51 
37 
73 
188 
39 
33 
0 
63 
6 
2 
45 
72 
72 
39 
14 
42 
63 
23 
39 
15 
55 
54 
10 
19 
21 
62 
11 
75 
26 
32 
13 
70 
173 
109 
64 
54 
12 
29 
38 
27 
11 
52 
100 
172 
175 
65 
58 
7 
56 
72 
16 
112 
176 
179 
61 
148 
178 
55 
31 
7 
0 
7 
0 
10 
1 
45 
128 
147 
213 
78 
36 
55 
25 
71 
73 
26 
16 
30 
104 
59 
13 
60 
51 
13 
22 
23 
113 
159 
15 
108 
106 
79 
24 
8 
32 
8 
1 
64 
38 
59 
77 
110 
124 
93 
46 
25 
60 
51 
50 
4 
7 
14 
4 
82 
160 
145 
62 
53 
42 
34 
10 
26 
127 
135 
63 
15 
0 
23 
8 
32 
15 
55 
48 
55 
23 
22 
53 
59 
69 
38 
20 
51 
11 
61 
11 
29 
9 
4 
10 
68 
90 
96 
129 
82 
25 
138 
127 
103 
63 
24 
64 
64 
39 
1 
58 
103 
55 
58 
14 
5 
7 
24 
2 
22 
13 
40 
62 
44 
4 
91 
122 
16 
69 
82 
127 
103 
33 
77 
88 
118 
16 
30 
36 
10 
54 
19 
114 
216 
93 
18 
1 
21 
45 
88 
87 
110 
72 
1 
24 
38 
32 
41 
36 
29 
44 
74 
32 
46 
77 
87 
54 
55 
41 
34 
151 
111 
33 
42 
39 
8 
37 
73 
126 
109 
80 
39 
9 
36 
51 
13 
99 
56 
70 
3 
23 
57 
8 
91 
13 
132 
290 
159 
72 
69 
29 
45 
80 
112 
119 
54 
21 
2 
40 
40 
7 
81 
90 
31 
86 
125 
75 
28 
9 
26 
65 
55 
81 
50 
48 
111 
94 
56 
43 
29 
12 
15 
25 
8 
17 
15 
43 
29 
108 
122 
23 
55 
87 
31 
5 
1 
13 
45 
53 
40 
15 
6 
13 
23 
22 
45 
103 
118 
108 
60 
20 
115 
180 
148 
119 
57 
74 
2 
49 
90 
135 
64 
5 
1 
18 
74 
98 
78 
21 
0 
1 
103 
265 
34 
133 
101 
32 
23 
87 
118 
125 
72 
22 
100 
114 
124 
194 
103 
32 
56 
96 
149 
125 
85 
48 
31 
46 
2 
31 
24 
6 
2 
32 
54 
64 
59 
13 
44 
74 
68 
122 
56 
15 
71 
56 
16 
16 
16 
32 
63 
71 
58 
22 
55 
31 
38 
10 
23 
39 
16 
53 
105 
34 
21 
53 
133 
152 
115 
117 
107 
37 
81 
143 
57 
8 
8 
6 
5 
24 
23 
9 
5 
18 
55 
23 
15 
26 
38 
53 
56 
15 
13 
29 
10 
34 
46 
61 
48 
24 
25 
16 
59 
37 
20 
18 
8 
30 
32 
44 
5 
48 
23 
7 
2 
5 
2 
14 
13 
5 
8 
8 
17 
2 
7 
6 
37 
2 
8 
24 
56 
80 
59 
61 
51 
21 
57 
39 
9 
2 
7 
21 
6 
13 
13 
8 
24 
39 
38 
13 
15 
14 
15 
25 
18 
71 
94 
48 
1 
82 
72 
29 
6 
18 
26 
0 
48 
0 
16 
48 
72 
72 
63 
31 
17 
2 
8 
0 
9 
5 
21 
0 
0 
6 
5 
32 
31 
46 
40 
30 
32 
30 
16 
1 
39 
49 
18 
0 
23 
34 
46 
40 
11 
2 
7 
3 
5 
23 
24 
2 
38 
53 
24 
16 
0 
9 
18 
5 
37 
29 
40 
39 
30 
5 
8 
14 
5 
15 
24 
9 
5 
16 
23 
31 
46 
45 
24 
30 
13 
0 
6 
23 
12 
13 
16 
0 
6 
29 
24 
15 
8 
6 
21 
32 
23 
14 
21 
8 
24 
17 
2 
5 
8 
8 
0 
16 
32 
40 
31 
42 
38 
7 
11 
13 
15 
0 
14 
21 
32 
31 
22 
5 
104 
101 
34 
54 
53 
37 
16 
15 
30 
61 
21 
63 
47 
8 
32 
0 
50 
5 
45 
53 
72 
59 
61 
35 
29 
16 
17 
42 
23 
16 
8 
0 
10 
6 
13 
13 
24 
19 
13 
24 
30 
24 
14 
13 
7 
26 
22 
15 
24 
5 
6 
2 
0 
16 
39 
38 
21 
0 
17 
5 
32 
8 
0 
2 
45 
45 
2 
42 
58 
58 
46 
37 
24 
7 
25 
47 
47 
40 
16 
23 
31 
40 
32 
32 
24 
32 
32 
24 
15 
23 
30 
24 
0 
9 
42 
26 
16 
16 
8 
0 
0 
0 
24 
48 
32 
16 
8 
8 
15 
15 
14 
5 
8 
15 
15 
10 
2 
14 
21 
13 
24 
23 
31 
30 
21 
24 
15 
6 
0 
24 
41 
10 
24 
39 
0 
18 
46 
37 
16 
36 
26 
8 
16 
7 
0 
5 
2 
18 
18 
42 
46 
29 
21 
24 
15 
30 
24 
19 
29 
27 
29 
11 
13 
22 
8 
14 
4 
5 
11 
8 
6 
0 
1 
7 
17 
10 
0 
8 
1 
10 
0 
8 
7 
0 
2 
6 
13 
21 
32 
15 
6 
2 
2 
16 
7 
0 
23 
7 
7 
23 
7 
24 
7 
39 
47 
55 
26 
14 
18 
79 
56 
24 
7 
16 
33 
18 
18 
39 
48 
40 
24 
16 
24 
39 
14 
13 
16 
0 
0 
2 
8 
16 
0 
0 
48 
69 
53 
45 
0 
40 
33 
23 
36 
26 
9 
15 
25 
20 
2 
12 
18 
23 
33 
50 
47 
47 
32 
24 
16 
8 
16 
0 
18 
2 
13 
29 
37 
29 
21 
0 
31 
15 
39 
30 
37 
24 
15 
6 
21 
5 
16 
16 
15 
18 
22 
13 
16 
23 
30 
32 
19 
13 
0 
9 
2 
0 
0 
6 
5 
16 
15 
38 
37 
43 
45 
27 
5 
20 
10 
12 
5 
0 
0 
6 
10 
7 
8 
5 
1 
13 
24 
39 
22 
21 
23 
22 
5 
7 
7 
1 
2 
8 
16 
23 
30 
21 
16 
19 
29 
32 
11 
13 
8 
22 
8 
8 
9 
2 
16 
15 
6 
0 
0 
14 
29 
39 
46 
32 
6 
8 
14 
15 
16 
1 
13 
0 
15 
0 
15 
34 
46 
21 
8 
0 
14 
5 
7 
8 
14 
5 
8 
23 
22 
21 
0 
16 
1 
21 
32 
39 
46 
40 
11 
21 
15 
20 
5 
16 
31 
22 
13 
15 
22 
29 
27 
13 
7 
1 
0 
9 
18 
15 
16 
5 
6 
29 
29 
32 
23 
30 
32 
11 
5 
7 
30 
7 
1 
16 
15 
1 
2 
24 
15 
1 
2 
8 
15 
46 
29 
7 
6 
8 
7 
1 
10 
18 
31 
15 
16 
32 
32 
24 
8 
31 
54 
45 
55 
38 
40 
22 
15 
33 
66 
111 
56 
7 
39 
55 
47 
55 
58 
70 
45 
31 
14 
10 
15 
16 
9 
10 
0 
8 
15 
7 
6 
13 
32 
31 
30 
5 
0 
6 
13 
40 
31 
6 
5 
8 
0 
1 
2 
16 
0 
14 
13 
21 
39 
38 
29 
3 
10 
0 
9 
10 
7 
16 
24 
15 
15 
30 
45 
56 
54 
32 
17 
68 
82 
47 
24 
2 
18 
34 
34 
34 
26 
10 
22 
45 
37 
32 
11 
13 
0 
12 
2 
0 
0 
1 
5 
24 
8 
7 
22 
37 
24 
15 
6 
8 
7 
1 
7 
7 
6 
21 
16 
8 
1 
5 
5 
10 
8 
16 
8 
8 
0 
2 
1 
13 
21 
40 
16 
8 
0 
7 
15 
7 
34 
38 
37 
24 
7 
6 
2 
7 
32 
40 
56 
40 
7 
17 
5 
23 
12 
26 
55 
80 
56 
32 
21 
16 
0 
0 
8 
8 
10 
22 
2 
18 
39 
47 
31 
7 
1 
2 
10 
31 
15 
0 
32 
56 
40 
32 
32 
48 
40 
24 
7 
9 
13 
16 
23 
14 
13 
8 
6 
2 
8 
7 
14 
5 
8 
15 
22 
29 
35 
45 
19 
5 
20 
13 
7 
9 
7 
8 
9 
15 
0 
23 
22 
37 
40 
43 
37 
27 
13 
3 
5 
4 
5 
8 
4 
2 
0 
11 
21 
24 
22 
32 
38 
20 
21 
14 
11 
10 
12 
5 
3 
10 
7 
9 
7 
32 
9 
13 
16 
23 
30 
45 
48 
39 
38 
16 
4 
2 
7 
32 
9 
5 
24 
35 
37 
16 
30 
32 
14 
0 
6 
16 
6 
5 
0 
17 
7 
0 
1 
5 
16 
23 
30 
37 
19 
13 
8 
6 
5 
7 
14 
7 
8 
9 
2 
0 
8 
15 
15 
22 
29 
8 
1 
2 
16 
7 
7 
1 
5 
5 
13 
5 
32 
32 
31 
46 
48 
27 
32 
22 
24 
1 
39 
17 
10 
15 
8 
15 
1 
18 
2 
8 
3 
29 
16 
15 
1 
2 
7 
8 
23 
23 
23 
22 
29 
13 
16 
7 
14 
21 
8 
7 
1 
5 
8 
0 
1 
5 
13 
32 
31 
22 
21 
24 
11 
13 
16 
30 
5 
8 
1 
15 
0 
10 
14 
5 
16 
31 
22 
29 
24 
14 
13 
7 
6 
18 
15 
8 
8 
10 
22 
13 
16 
16 
23 
10 
22 
37 
40 
35 
21 
16 
1 
15 
20 
18 
7 
7 
7 
10 
6 
5 
13 
24 
32 
23 
38 
45 
39 
22 
8 
30 
29 
15 
14 
15 
40 
25 
7 
24 
40 
1 
37 
56 
55 
62 
21 
7 
6 
2 
23 
40 
37 
21 
13 
5 
26 
66 
71 
58 
46 
37 
24 
14 
13 
8 
8 
6 
13 
7 
1 
2 
23 
30 
16 
3 
13 
43 
53 
19 
2 
9 
31 
44 
34 
15 
0 
14 
29 
37 
48 
46 
37 
15 
6 
0 
1 
2 
0 
6 
13 
8 
8 
1 
5 
16 
23 
27 
37 
24 
4 
5 
0 
1 
2 
0 
1 
5 
5 
8 
15 
14 
29 
24 
31 
22 
24 
11 
21 
7 
9 
15 
0 
10 
9 
10 
2 
5 
16 
24 
39 
38 
37 
23 
14 
2 
0 
6 
5 
0 
0 
5 
1 
18 
5 
16 
24 
47 
39 
54 
40 
19 
5 
7 
3 
5 
8 
7 
1 
2 
8 
0 
6 
21 
16 
15 
6 
21 
31 
22 
13 
15 
14 
5 
7 
24 
29 
25 
2 
13 
29 
40 
39 
30 
29 
16 
0 
1 
2 
0 
0 
0 
15 
18 
30 
21 
32 
31 
22 
13 
7 
14 
8 
8 
17 
2 
0 
7 
2 
30 
29 
13 
8 
31 
30 
13 
0 
1 
10 
16 
5 
14 
21 
13 
5 
18 
2 
13 
13 
13 
21 
37 
45 
37 
24 
15 
10 
38 
29 
8 
0 
6 
21 
7 
24 
33 
34 
0 
31 
34 
22 
37 
24 
15 
7 
2 
14 
29 
21 
48 
40 
23 
22 
8 
4 
2 
7 
1 
5 
0 
24 
9 
5 
0 
15 
15 
7 
18 
30 
29 
32 
32 
30 
21 
16 
9 
18 
8 
0 
30 
13 
8 
8 
0 
9 
10 
18 
0 
24 
23 
23 
18 
14 
5 
13 
24 
16 
16 
16 
8 
8 
39 
39 
14 
13 
0 
8 
9 
13 
24 
15 
6 
29 
8 
8 
7 
17 
10 
18 
10 
13 
32 
40 
32 
15 
15 
6 
13 
5 
16 
8 
15 
23 
34 
30 
13 
8 
1 
13 
24 
22 
21 
19 
29 
24 
14 
21 
15 
6 
10 
8 
17 
2 
15 
7 
7 
22 
21 
16 
6 
45 
32 
15 
6 
18 
23 
32 
16 
5 
18 
30 
53 
69 
64 
27 
13 
23 
40 
33 
10 
2 
8 
24 
24 
31 
31 
30 
37 
40 
35 
45 
11 
5 
20 
31 
44 
18 
0 
15 
15 
22 
29 
40 
31 
46 
32 
11 
5 
12 
21 
32 
1 
7 
24 
41 
42 
15 
8 
15 
23 
39 
31 
38 
29 
16 
15 
6 
2 
8 
0 
7 
23 
31 
22 
13 
5 
16 
22 
29 
15 
6 
8 
1 
2 
0 
9 
2 
5 
8 
15 
7 
10 
22 
45 
48 
23 
14 
16 
14 
2 
8 
17 
10 
7 
0 
7 
7 
14 
21 
13 
24 
23 
22 
29 
24 
15 
1 
0 
15 
38 
45 
24 
23 
30 
8 
12 
18 
23 
9 
7 
11 
29 
32 
30 
13 
0 
1 
13 
13 
8 
15 
1 
10 
18 
23 
16 
1 
21 
32 
24 
23 
15 
18 
22 
5 
5 
5 
8 
48 
88 
47 
14 
15 
36 
18 
8 
9 
5 
15 
1 
21 
13 
32 
32 
31 
14 
13 
32 
27 
21 
7 
1 
0 
12 
2 
10 
0 
15 
15 
14 
21 
0 
7 
6 
16 
11 
29 
32 
30 
13 
3 
13 
8 
0 
1 
2 
0 
8 
2 
22 
37 
40 
22 
21 
15 
14 
16 
6 
5 
8 
9 
2 
8 
0 
6 
5 
8 
14 
13 
16 
14 
13 
15 
6 
5 
8 
15 
39 
38 
5 
15 
24 
1 
2 
7 
30 
37 
24 
9 
23 
32 
13 
14 
21 
17 
2 
2 
26 
26 
26 
18 
54 
93 
64 
6 
31 
52 
26 
15 
24 
21 
13 
2 
18 
18 
34 
54 
61 
61 
48 
22 
5 
0 
1 
23 
24 
17 
2 
8 
8 
15 
23 
30 
37 
40 
23 
6 
16 
3 
5 
0 
1 
5 
13 
8 
7 
2 
14 
5 
0 
0 
15 
22 
29 
24 
23 
14 
16 
0 
9 
18 
7 
15 
23 
14 
21 
21 
16 
7 
22 
21 
8 
1 
5 
0 
7 
15 
10 
14 
5 
2 
13 
16 
31 
35 
37 
40 
38 
37 
3 
18 
28 
34 
15 
0 
6 
13 
16 
16 
15 
22 
13 
48 
35 
13 
7 
17 
13 
8 
8 
25 
18 
10 
16 
16 
8 
0 
23 
39 
39 
38 
29 
24 
1 
18 
5 
24 
24 
8 
24 
29 
5 
22 
37 
45 
48 
35 
21 
24 
0 
17 
2 
8 
0 
2 
6 
5 
5 
16 
24 
31 
30 
37 
40 
27 
29 
0 
1 
15 
16 
17 
10 
16 
39 
30 
21 
8 
3 
29 
16 
6 
13 
23 
14 
21 
15 
30 
48 
35 
5 
48 
49 
39 
16 
1 
0 
7 
62 
117 
88 
38 
0 
9 
31 
52 
66 
63 
47 
0 
7 
31 
64 
63 
63 
47 
22 
21 
8 
0 
0 
1 
2 
0 
0 
7 
23 
14 
29 
40 
19 
21 
7 
6 
0 
25 
10 
0 
0 
16 
15 
15 
6 
21 
29 
32 
31 
22 
24 
7 
1 
18 
16 
2 
14 
21 
21 
8 
0 
0 
18 
6 
37 
56 
39 
22 
2 
16 
1 
2 
0 
7 
8 
15 
31 
26 
14 
5 
13 
16 
15 
6 
21 
24 
15 
6 
37 
37 
16 
7 
6 
2 
0 
4 
2 
7 
8 
17 
5 
8 
0 
8 
0 
7 
15 
39 
31 
8 
15 
0 
16 
32 
24 
56 
55 
46 
45 
8 
1 
18 
24 
37 
33 
18 
2 
16 
48 
48 
48 
47 
38 
21 
