8 
11 
7 
6 
9 
6 
5 
7 
1 
4 
13 
11 
9 
12 
1 
26 
91 
59 
26 
3 
30 
41 
5 
2 
0 
16 
21 
19 
8 
3 
33 
41 
38 
31 
21 
4 
7 
5 
1 
4 
7 
9 
3 
5 
13 
25 
30 
34 
23 
10 
1 
3 
1 
4 
4 
7 
7 
18 
17 
6 
8 
14 
22 
28 
24 
13 
12 
14 
18 
3 
0 
0 
2 
0 
6 
12 
1 
22 
13 
17 
36 
38 
28 
28 
33 
12 
12 
1 
16 
27 
19 
8 
9 
14 
15 
15 
21 
1 
2 
6 
8 
40 
39 
24 
5 
1 
7 
14 
17 
21 
50 
0 
23 
44 
30 
22 
29 
36 
31 
24 
21 
9 
3 
8 
7 
9 
11 
27 
43 
36 
30 
29 
17 
15 
3 
4 
7 
14 
16 
13 
13 
4 
2 
3 
13 
27 
41 
42 
30 
15 
5 
7 
12 
17 
19 
15 
0 
1 
7 
12 
24 
39 
51 
44 
24 
16 
12 
13 
1 
0 
1 
0 
0 
1 
0 
0 
4 
22 
13 
18 
21 
33 
43 
35 
10 
3 
1 
4 
18 
27 
9 
2 
1 
2 
23 
3 
6 
18 
24 
16 
21 
27 
89 
79 
14 
52 
85 
73 
42 
27 
8 
18 
66 
95 
123 
90 
46 
5 
48 
77 
67 
40 
10 
3 
20 
32 
26 
23 
25 
41 
39 
31 
17 
12 
0 
1 
1 
19 
11 
1 
13 
24 
37 
43 
37 
28 
30 
24 
22 
1 
3 
5 
3 
6 
4 
4 
8 
12 
19 
7 
2 
4 
14 
17 
17 
19 
17 
9 
6 
9 
11 
5 
20 
17 
13 
0 
10 
17 
21 
20 
14 
8 
12 
13 
11 
3 
0 
16 
12 
9 
2 
10 
16 
14 
14 
16 
11 
12 
0 
11 
29 
3 
0 
3 
2 
27 
42 
43 
25 
0 
0 
28 
36 
33 
14 
8 
10 
13 
15 
12 
8 
3 
0 
6 
17 
33 
43 
42 
21 
19 
16 
26 
19 
38 
25 
3 
8 
15 
4 
0 
19 
12 
4 
7 
12 
11 
18 
17 
30 
32 
49 
44 
23 
2 
2 
9 
8 
4 
4 
4 
5 
19 
40 
29 
31 
26 
27 
28 
8 
5 
3 
7 
3 
0 
1 
0 
5 
15 
16 
24 
26 
36 
18 
12 
10 
7 
10 
10 
2 
1 
6 
3 
9 
13 
20 
16 
26 
36 
28 
21 
10 
0 
1 
8 
52 
62 
21 
11 
27 
22 
25 
13 
2 
5 
9 
18 
28 
27 
17 
12 
1 
3 
0 
2 
9 
6 
22 
30 
30 
26 
35 
40 
29 
15 
1 
4 
2 
4 
3 
5 
32 
52 
42 
26 
4 
12 
15 
8 
3 
2 
10 
4 
7 
2 
14 
20 
12 
1 
5 
10 
0 
11 
34 
28 
67 
87 
86 
55 
1 
31 
40 
44 
47 
50 
28 
2 
28 
49 
79 
93 
74 
35 
2 
3 
13 
6 
17 
23 
36 
17 
25 
7 
3 
17 
35 
49 
54 
57 
46 
44 
68 
50 
22 
12 
32 
51 
52 
39 
35 
14 
0 
31 
50 
53 
47 
33 
23 
21 
9 
2 
6 
1 
18 
19 
7 
1 
4 
17 
18 
22 
24 
29 
26 
30 
24 
7 
11 
23 
23 
15 
11 
6 
5 
17 
27 
30 
29 
33 
23 
13 
5 
11 
7 
11 
3 
2 
9 
13 
3 
1 
17 
38 
38 
15 
4 
0 
11 
15 
4 
11 
9 
9 
5 
4 
1 
7 
10 
18 
37 
36 
28 
8 
5 
4 
1 
35 
32 
12 
8 
1 
30 
45 
23 
14 
15 
21 
35 
55 
52 
47 
41 
33 
10 
7 
25 
24 
16 
0 
15 
14 
15 
15 
25 
26 
17 
10 
9 
9 
9 
5 
13 
22 
20 
9 
3 
11 
2 
0 
5 
7 
19 
23 
34 
29 
13 
2 
20 
17 
13 
9 
16 
23 
24 
34 
18 
13 
3 
5 
11 
6 
13 
14 
1 
14 
22 
11 
7 
21 
17 
19 
21 
34 
38 
37 
33 
19 
12 
8 
1 
4 
11 
0 
5 
11 
25 
25 
25 
22 
5 
21 
32 
37 
24 
2 
4 
17 
11 
10 
10 
12 
27 
38 
59 
34 
24 
3 
6 
10 
26 
16 
49 
24 
14 
43 
37 
27 
20 
4 
0 
13 
34 
55 
73 
62 
33 
14 
14 
10 
3 
3 
1 
7 
15 
19 
3 
10 
22 
40 
18 
22 
10 
5 
2 
15 
45 
27 
2 
6 
15 
32 
26 
35 
29 
41 
38 
31 
26 
0 
11 
8 
13 
0 
10 
1 
0 
3 
21 
28 
27 
28 
17 
19 
25 
14 
8 
13 
7 
2 
9 
3 
0 
14 
35 
43 
34 
25 
25 
1 
2 
8 
3 
9 
8 
2 
27 
32 
50 
59 
39 
12 
5 
15 
25 
28 
32 
20 
10 
25 
12 
23 
8 
7 
16 
19 
17 
19 
18 
15 
11 
12 
4 
5 
18 
35 
36 
39 
24 
15 
1 
6 
19 
2 
2 
2 
15 
5 
23 
28 
44 
33 
41 
82 
68 
41 
6 
31 
37 
27 
33 
28 
22 
20 
15 
13 
9 
14 
5 
28 
45 
44 
32 
14 
16 
23 
3 
0 
27 
10 
16 
5 
17 
31 
39 
35 
24 
8 
14 
12 
6 
5 
6 
8 
10 
1 
16 
25 
35 
38 
30 
30 
21 
17 
16 
18 
19 
4 
12 
23 
10 
9 
3 
1 
27 
34 
15 
7 
22 
22 
3 
14 
38 
38 
44 
47 
61 
10 
35 
50 
39 
46 
56 
58 
46 
43 
32 
16 
15 
7 
9 
2 
1 
1 
0 
0 
4 
10 
21 
22 
21 
41 
36 
27 
13 
2 
18 
17 
10 
11 
8 
0 
0 
17 
27 
29 
26 
32 
36 
45 
25 
18 
42 
40 
16 
30 
35 
31 
26 
30 
12 
22 
11 
11 
23 
34 
47 
59 
64 
50 
27 
17 
6 
3 
9 
30 
21 
14 
0 
5 
9 
13 
19 
29 
42 
42 
29 
49 
34 
15 
5 
20 
37 
28 
23 
3 
2 
11 
26 
42 
30 
24 
18 
25 
27 
20 
14 
6 
2 
11 
13 
12 
28 
22 
34 
22 
12 
9 
9 
1 
9 
11 
3 
4 
16 
6 
1 
26 
33 
33 
28 
16 
35 
31 
39 
31 
3 
19 
41 
4 
7 
34 
39 
27 
20 
6 
17 
40 
27 
29 
28 
23 
13 
29 
51 
22 
10 
7 
7 
11 
15 
14 
0 
31 
40 
36 
37 
32 
24 
10 
7 
11 
23 
18 
13 
16 
26 
4 
28 
48 
47 
52 
52 
45 
24 
6 
11 
17 
1 
7 
2 
2 
5 
27 
23 
13 
15 
34 
42 
35 
22 
1 
9 
2 
7 
12 
5 
3 
20 
30 
22 
12 
5 
16 
26 
22 
16 
22 
49 
57 
31 
2 
10 
1 
3 
13 
24 
55 
59 
46 
22 
11 
17 
45 
58 
71 
101 
88 
60 
22 
15 
37 
36 
32 
28 
17 
6 
15 
30 
26 
35 
34 
14 
4 
3 
2 
2 
0 
2 
0 
9 
18 
23 
27 
37 
37 
51 
44 
36 
10 
15 
27 
17 
6 
20 
30 
4 
0 
9 
13 
14 
4 
14 
20 
26 
27 
13 
4 
5 
28 
45 
36 
24 
6 
1 
2 
1 
1 
4 
5 
1 
2 
4 
7 
13 
32 
32 
37 
33 
23 
1 
13 
25 
19 
0 
8 
4 
12 
13 
12 
5 
1 
20 
33 
39 
14 
15 
3 
12 
19 
11 
12 
11 
19 
18 
11 
0 
5 
1 
9 
0 
1 
3 
6 
0 
7 
1 
15 
41 
50 
58 
50 
29 
16 
35 
22 
1 
31 
48 
45 
46 
34 
14 
23 
35 
52 
43 
29 
33 
35 
1 
24 
33 
14 
13 
13 
28 
28 
28 
30 
23 
26 
37 
26 
16 
3 
6 
7 
3 
3 
0 
2 
27 
36 
50 
34 
11 
2 
2 
9 
12 
5 
1 
4 
15 
9 
6 
10 
18 
13 
10 
9 
38 
47 
49 
42 
33 
32 
16 
11 
2 
5 
14 
7 
9 
17 
25 
2 
20 
33 
30 
35 
33 
36 
28 
19 
5 
4 
10 
12 
8 
22 
0 
18 
26 
10 
0 
22 
32 
24 
2 
24 
33 
35 
24 
2 
9 
21 
32 
41 
23 
36 
22 
23 
41 
37 
24 
4 
33 
18 
11 
27 
38 
36 
10 
5 
21 
4 
21 
38 
41 
25 
33 
35 
34 
28 
23 
18 
21 
14 
23 
4 
20 
22 
35 
24 
6 
22 
36 
43 
41 
33 
14 
0 
0 
11 
16 
4 
3 
12 
17 
23 
31 
25 
22 
8 
13 
10 
19 
18 
14 
5 
0 
1 
3 
8 
4 
10 
1 
22 
27 
29 
29 
40 
36 
22 
4 
4 
5 
11 
10 
6 
8 
10 
30 
27 
0 
2 
8 
27 
10 
7 
1 
64 
33 
4 
27 
48 
59 
32 
16 
8 
28 
71 
101 
96 
81 
65 
49 
26 
24 
66 
94 
83 
61 
25 
22 
13 
37 
62 
47 
49 
19 
21 
31 
18 
13 
7 
20 
32 
20 
14 
10 
5 
11 
4 
11 
20 
22 
14 
20 
7 
8 
3 
11 
5 
5 
1 
0 
13 
5 
15 
16 
31 
37 
43 
37 
44 
46 
79 
69 
10 
34 
59 
60 
63 
51 
40 
22 
1 
17 
33 
21 
23 
36 
48 
41 
35 
24 
25 
16 
27 
22 
39 
48 
24 
8 
1 
4 
14 
45 
30 
2 
3 
8 
28 
34 
38 
35 
25 
18 
7 
15 
37 
41 
57 
51 
37 
33 
22 
10 
3 
3 
9 
9 
8 
7 
2 
1 
5 
17 
23 
19 
16 
21 
30 
25 
18 
16 
21 
6 
3 
5 
6 
2 
3 
1 
7 
24 
26 
13 
4 
22 
31 
23 
26 
29 
0 
1 
4 
7 
1 
42 
59 
30 
5 
2 
25 
41 
50 
39 
28 
10 
10 
36 
63 
50 
35 
37 
34 
25 
36 
44 
42 
52 
44 
7 
42 
63 
56 
27 
7 
0 
19 
17 
23 
29 
52 
47 
28 
20 
36 
13 
10 
3 
8 
23 
28 
18 
8 
32 
33 
20 
18 
20 
22 
22 
10 
12 
24 
7 
13 
33 
18 
13 
7 
10 
22 
35 
36 
31 
26 
28 
36 
28 
21 
4 
7 
3 
9 
16 
3 
12 
15 
13 
5 
1 
17 
28 
35 
60 
60 
43 
14 
3 
9 
4 
7 
5 
13 
17 
0 
7 
17 
27 
27 
16 
20 
35 
35 
0 
5 
1 
32 
27 
6 
19 
25 
5 
0 
6 
12 
8 
14 
16 
7 
3 
4 
26 
45 
38 
22 
0 
0 
18 
21 
55 
36 
31 
22 
11 
39 
52 
44 
25 
11 
7 
15 
23 
43 
45 
47 
32 
26 
20 
18 
10 
18 
21 
16 
16 
37 
18 
15 
26 
7 
18 
22 
13 
3 
22 
38 
26 
20 
21 
37 
12 
9 
25 
31 
34 
19 
0 
6 
27 
40 
53 
50 
48 
43 
24 
5 
8 
1 
9 
6 
1 
2 
8 
18 
1 
13 
10 
4 
11 
8 
3 
0 
9 
26 
18 
24 
15 
14 
9 
4 
61 
56 
39 
6 
13 
14 
11 
12 
1 
0 
14 
7 
4 
3 
4 
13 
18 
15 
11 
4 
9 
15 
31 
30 
25 
13 
25 
28 
26 
10 
2 
0 
0 
0 
1 
9 
24 
35 
40 
23 
6 
6 
6 
15 
17 
1 
0 
3 
12 
9 
1 
7 
5 
10 
4 
47 
36 
38 
27 
3 
20 
23 
7 
2 
9 
23 
12 
10 
9 
13 
35 
20 
29 
54 
61 
53 
44 
30 
37 
18 
8 
15 
2 
4 
3 
22 
23 
6 
2 
12 
16 
22 
32 
42 
27 
29 
19 
10 
5 
7 
6 
2 
4 
20 
22 
52 
24 
2 
13 
21 
21 
28 
14 
6 
11 
17 
25 
39 
45 
39 
28 
17 
26 
22 
14 
6 
3 
7 
6 
3 
4 
0 
11 
5 
4 
10 
13 
21 
36 
47 
38 
60 
53 
23 
12 
12 
31 
37 
51 
50 
53 
34 
1 
21 
33 
65 
66 
49 
50 
34 
0 
27 
22 
8 
3 
0 
16 
47 
51 
30 
17 
3 
10 
29 
26 
4 
5 
8 
19 
9 
14 
12 
1 
31 
31 
30 
23 
20 
18 
24 
24 
27 
26 
37 
26 
19 
15 
21 
13 
20 
33 
30 
13 
11 
33 
45 
45 
59 
49 
30 
15 
0 
0 
4 
17 
18 
22 
13 
6 
17 
18 
31 
34 
40 
26 
23 
6 
13 
2 
2 
3 
1 
1 
10 
15 
9 
41 
44 
34 
7 
4 
24 
33 
17 
7 
8 
7 
25 
33 
32 
34 
27 
0 
15 
33 
31 
41 
25 
29 
38 
37 
23 
23 
61 
37 
2 
14 
19 
37 
35 
26 
12 
7 
46 
68 
54 
43 
29 
12 
3 
3 
9 
3 
0 
11 
11 
17 
18 
22 
23 
16 
11 
6 
11 
2 
12 
20 
11 
19 
8 
4 
15 
10 
38 
33 
10 
6 
1 
12 
13 
10 
5 
7 
0 
15 
20 
14 
0 
1 
14 
41 
59 
66 
67 
39 
16 
10 
32 
43 
13 
17 
18 
12 
4 
5 
2 
10 
9 
16 
31 
48 
61 
62 
40 
30 
2 
21 
8 
9 
21 
4 
2 
2 
16 
32 
32 
28 
24 
8 
11 
5 
5 
1 
0 
0 
1 
2 
1 
13 
27 
29 
31 
32 
32 
39 
18 
7 
3 
3 
1 
9 
6 
5 
19 
14 
1 
2 
34 
33 
12 
3 
10 
8 
2 
1 
7 
8 
11 
3 
5 
1 
0 
1 
10 
23 
34 
43 
46 
43 
33 
25 
6 
3 
1 
1 
8 
12 
9 
7 
3 
0 
2 
20 
53 
44 
38 
38 
55 
23 
16 
29 
45 
49 
48 
24 
3 
25 
29 
20 
19 
23 
25 
23 
22 
16 
15 
27 
35 
24 
14 
5 
2 
4 
0 
4 
7 
10 
12 
18 
16 
7 
3 
2 
14 
25 
27 
26 
24 
25 
6 
10 
1 
4 
5 
9 
2 
18 
28 
41 
25 
1 
28 
35 
28 
21 
0 
2 
17 
49 
104 
87 
39 
0 
17 
33 
52 
44 
20 
8 
35 
41 
36 
33 
19 
8 
8 
12 
2 
6 
9 
5 
1 
11 
12 
11 
19 
12 
21 
34 
27 
23 
31 
67 
72 
23 
4 
43 
38 
42 
45 
55 
42 
14 
7 
7 
2 
3 
28 
78 
92 
77 
51 
35 
15 
17 
37 
42 
30 
13 
0 
7 
18 
23 
31 
24 
33 
39 
25 
33 
25 
16 
15 
10 
1 
0 
0 
15 
30 
30 
36 
16 
19 
14 
12 
16 
6 
14 
24 
19 
5 
12 
23 
16 
5 
5 
3 
9 
21 
31 
34 
18 
17 
15 
24 
11 
2 
14 
13 
22 
18 
2 
15 
22 
7 
2 
8 
25 
65 
66 
25 
22 
38 
41 
22 
20 
0 
9 
38 
43 
17 
3 
5 
14 
28 
18 
21 
20 
21 
23 
20 
11 
3 
8 
0 
5 
13 
45 
38 
29 
16 
8 
20 
7 
12 
7 
16 
21 
22 
21 
15 
4 
2 
1 
8 
4 
0 
16 
34 
24 
27 
26 
22 
15 
1 
0 
2 
1 
33 
54 
26 
5 
1 
9 
7 
6 
1 
0 
7 
6 
8 
7 
13 
6 
1 
15 
31 
38 
28 
20 
14 
5 
18 
38 
24 
10 
15 
16 
21 
15 
28 
22 
15 
6 
2 
7 
31 
49 
56 
55 
37 
23 
10 
10 
4 
1 
4 
0 
53 
71 
31 
4 
17 
23 
7 
2 
4 
3 
14 
22 
12 
15 
9 
14 
7 
1 
2 
3 
16 
34 
29 
15 
16 
23 
12 
10 
3 
2 
6 
10 
9 
1 
7 
11 
23 
16 
12 
19 
19 
16 
7 
2 
2 
10 
14 
6 
8 
13 
15 
20 
30 
42 
29 
18 
17 
10 
1 
3 
14 
6 
14 
14 
13 
15 
15 
8 
10 
5 
23 
42 
38 
45 
41 
16 
14 
1 
1 
26 
25 
21 
11 
4 
3 
1 
2 
6 
14 
26 
21 
20 
17 
0 
0 
7 
9 
9 
0 
19 
22 
35 
29 
44 
54 
84 
57 
2 
38 
57 
52 
56 
38 
12 
2 
15 
31 
33 
28 
28 
23 
15 
17 
8 
17 
24 
33 
19 
3 
1 
3 
3 
8 
8 
37 
63 
56 
32 
21 
0 
2 
16 
26 
28 
21 
20 
7 
5 
19 
40 
48 
37 
29 
18 
21 
27 
25 
26 
14 
23 
10 
0 
12 
12 
10 
7 
3 
4 
2 
19 
33 
30 
16 
6 
9 
9 
11 
1 
0 
1 
12 
11 
8 
3 
6 
10 
24 
21 
20 
23 
31 
33 
11 
0 
1 
17 
19 
12 
1 
0 
27 
38 
29 
27 
19 
17 
8 
9 
16 
14 
0 
8 
1 
1 
4 
0 
2 
3 
20 
34 
37 
51 
32 
24 
31 
46 
51 
30 
32 
16 
6 
25 
49 
55 
62 
59 
49 
35 
4 
29 
55 
58 
59 
56 
53 
39 
22 
13 
10 
1 
2 
5 
11 
6 
13 
23 
30 
22 
33 
30 
15 
7 
2 
10 
21 
14 
7 
19 
13 
7 
18 
29 
39 
45 
43 
52 
34 
1 
12 
13 
17 
10 
13 
3 
6 
23 
26 
15 
17 
19 
31 
31 
22 
10 
4 
7 
7 
2 
7 
20 
27 
49 
45 
15 
1 
17 
9 
8 
8 
1 
1 
3 
13 
2 
11 
4 
20 
25 
23 
22 
29 
32 
57 
58 
52 
58 
20 
13 
34 
45 
46 
27 
6 
31 
39 
31 
29 
12 
2 
9 
10 
7 
10 
10 
16 
15 
7 
7 
3 
7 
3 
9 
0 
15 
23 
35 
43 
20 
10 
5 
10 
11 
4 
15 
15 
7 
7 
9 
17 
28 
32 
23 
4 
5 
1 
11 
1 
4 
4 
1 
31 
36 
27 
13 
14 
18 
12 
9 
1 
3 
1 
0 
8 
20 
16 
7 
7 
22 
36 
36 
30 
33 
27 
21 
5 
7 
15 
8 
26 
19 
4 
6 
13 
28 
24 
0 
25 
29 
22 
31 
21 
21 
23 
14 
10 
16 
22 
30 
26 
21 
18 
3 
3 
1 
22 
23 
8 
29 
20 
22 
31 
7 
12 
18 
28 
31 
17 
8 
6 
0 
12 
24 
17 
15 
17 
57 
56 
49 
35 
16 
0 
18 
39 
47 
32 
14 
5 
23 
21 
22 
39 
53 
46 
25 
19 
23 
22 
6 
5 
2 
4 
0 
10 
22 
15 
5 
33 
37 
37 
46 
50 
44 
32 
13 
0 
9 
14 
23 
24 
4 
11 
33 
24 
15 
23 
43 
47 
24 
11 
6 
4 
1 
1 
5 
2 
10 
25 
24 
12 
18 
17 
11 
11 
10 
6 
11 
4 
13 
17 
2 
28 
37 
26 
18 
12 
15 
36 
53 
36 
22 
20 
14 
3 
1 
9 
5 
5 
1 
1 
6 
7 
19 
23 
20 
22 
26 
37 
20 
5 
14 
33 
40 
22 
25 
4 
9 
30 
31 
22 
21 
0 
22 
40 
44 
48 
47 
30 
4 
10 
10 
6 
1 
6 
2 
4 
9 
22 
14 
10 
16 
44 
49 
54 
29 
2 
13 
33 
29 
34 
10 
6 
12 
11 
14 
11 
27 
43 
29 
20 
26 
27 
24 
16 
17 
9 
8 
12 
13 
17 
2 
1 
6 
1 
1 
2 
1 
10 
3 
8 
7 
17 
25 
4 
2 
1 
10 
33 
61 
42 
22 
6 
15 
6 
22 
8 
2 
4 
5 
3 
13 
2 
6 
32 
79 
82 
41 
0 
32 
35 
57 
63 
57 
38 
0 
14 
10 
20 
23 
42 
59 
44 
38 
36 
40 
32 
48 
57 
26 
11 
35 
41 
32 
25 
6 
0 
3 
15 
31 
32 
34 
44 
32 
19 
10 
3 
2 
3 
0 
0 
4 
24 
31 
27 
28 
14 
4 
1 
14 
13 
3 
16 
30 
30 
17 
6 
1 
4 
10 
2 
2 
21 
39 
31 
23 
22 
31 
28 
21 
19 
4 
57 
44 
33 
1 
34 
49 
56 
53 
51 
44 
0 
32 
54 
57 
47 
33 
45 
39 
25 
19 
19 
10 
35 
52 
44 
39 
37 
15 
24 
42 
49 
45 
49 
46 
31 
3 
34 
25 
30 
23 
30 
34 
40 
45 
49 
94 
97 
39 
3 
27 
39 
35 
11 
0 
8 
0 
17 
12 
17 
24 
35 
26 
6 
1 
25 
42 
52 
53 
74 
36 
8 
7 
14 
29 
21 
46 
66 
30 
5 
28 
20 
49 
65 
59 
6 
28 
30 
42 
48 
44 
8 
28 
21 
33 
33 
37 
23 
3 
10 
16 
12 
9 
3 
13 
17 
10 
3 
0 
42 
104 
65 
22 
4 
28 
50 
45 
1 
30 
51 
17 
34 
38 
26 
49 
10 
3 
15 
39 
28 
3 
56 
34 
12 
9 
36 
27 
21 
9 
22 
11 
17 
2 
26 
0 
25 
60 
3 
24 
13 
15 
13 
32 
68 
93 
81 
8 
30 
90 
162 
156 
139 
102 
28 
31 
33 
1 
39 
3 
3 
13 
61 
86 
58 
49 
56 
57 
102 
141 
119 
3 
200 
304 
333 
280 
224 
83 
63 
123 
84 
63 
72 
77 
29 
3 
56 
190 
183 
88 
55 
95 
92 
88 
70 
6 
58 
83 
88 
137 
127 
84 
17 
32 
38 
12 
9 
18 
11 
6 
25 
69 
82 
46 
17 
22 
52 
54 
0 
108 
228 
218 
142 
92 
74 
32 
19 
30 
73 
81 
61 
63 
125 
158 
135 
95 
115 
89 
64 
54 
79 
41 
90 
41 
45 
132 
186 
163 
125 
83 
10 
4 
3 
55 
57 
55 
81 
75 
59 
39 
73 
196 
139 
26 
3 
53 
97 
122 
193 
197 
71 
19 
52 
62 
120 
228 
222 
94 
59 
111 
128 
120 
69 
18 
73 
161 
94 
114 
54 
16 
52 
133 
65 
76 
132 
164 
117 
50 
87 
184 
158 
121 
121 
105 
43 
9 
85 
48 
11 
19 
3 
6 
15 
68 
75 
71 
66 
9 
39 
63 
60 
165 
228 
112 
71 
156 
147 
129 
62 
18 
84 
39 
87 
109 
100 
106 
75 
48 
34 
32 
59 
90 
104 
77 
81 
76 
90 
52 
198 
320 
323 
166 
16 
186 
289 
286 
224 
166 
108 
5 
64 
70 
200 
256 
171 
86 
63 
96 
130 
101 
12 
71 
107 
164 
172 
57 
444 
316 
60 
208 
374 
384 
259 
101 
19 
37 
72 
122 
161 
238 
282 
305 
351 
215 
25 
114 
215 
227 
171 
182 
207 
218 
156 
37 
60 
20 
183 
258 
166 
167 
157 
32 
57 
44 
39 
140 
6 
50 
58 
75 
4 
175 
264 
132 
49 
231 
285 
246 
120 
113 
105 
29 
17 
1 
1 
71 
193 
195 
104 
6 
29 
70 
21 
11 
125 
26 
37 
109 
152 
65 
38 
67 
46 
64 
151 
148 
2 
60 
62 
94 
154 
241 
279 
131 
154 
76 
105 
238 
323 
356 
264 
147 
109 
46 
86 
109 
125 
255 
297 
300 
198 
15 
14 
110 
164 
186 
183 
110 
43 
101 
50 
10 
17 
60 
102 
151 
183 
103 
5 
155 
60 
282 
393 
142 
94 
288 
318 
334 
194 
132 
110 
66 
64 
129 
105 
120 
130 
129 
84 
33 
123 
322 
257 
108 
44 
26 
59 
138 
71 
164 
324 
395 
419 
94 
122 
202 
100 
15 
4 
59 
0 
59 
216 
350 
458 
369 
40 
233 
371 
354 
139 
63 
94 
54 
24 
43 
29 
85 
76 
21 
45 
44 
71 
119 
133 
195 
172 
147 
121 
13 
58 
41 
49 
97 
17 
15 
87 
104 
28 
48 
43 
16 
6 
35 
88 
13 
19 
34 
107 
101 
30 
18 
17 
60 
271 
234 
261 
275 
11 
275 
276 
277 
284 
358 
172 
100 
124 
166 
197 
88 
60 
133 
194 
313 
307 
251 
207 
172 
92 
18 
40 
9 
41 
94 
72 
19 
111 
90 
114 
124 
25 
69 
86 
32 
58 
48 
61 
123 
233 
238 
152 
73 
149 
195 
210 
209 
228 
260 
267 
65 
221 
339 
234 
198 
127 
15 
109 
311 
335 
192 
51 
93 
172 
290 
269 
229 
213 
125 
4 
61 
118 
226 
443 
312 
54 
112 
117 
232 
191 
117 
127 
198 
59 
206 
313 
283 
191 
70 
4 
84 
120 
116 
70 
64 
5 
33 
12 
33 
18 
4 
6 
3 
8 
2 
110 
231 
190 
114 
58 
2 
84 
68 
112 
85 
55 
124 
169 
143 
120 
50 
130 
30 
2 
115 
151 
7 
133 
185 
115 
110 
44 
153 
100 
93 
120 
143 
106 
54 
137 
71 
25 
118 
179 
157 
68 
185 
274 
319 
132 
64 
252 
378 
354 
227 
227 
305 
251 
10 
335 
362 
353 
242 
85 
71 
135 
283 
398 
302 
174 
30 
197 
368 
447 
307 
293 
150 
36 
108 
196 
187 
209 
141 
123 
33 
48 
121 
32 
33 
118 
133 
84 
69 
91 
64 
73 
13 
86 
171 
151 
303 
234 
102 
65 
22 
71 
147 
105 
36 
60 
174 
235 
295 
273 
192 
207 
204 
43 
137 
211 
147 
103 
23 
99 
149 
165 
205 
208 
34 
63 
77 
108 
191 
226 
214 
114 
50 
54 
101 
196 
155 
56 
50 
49 
52 
116 
205 
146 
57 
187 
250 
148 
65 
37 
109 
9 
72 
161 
156 
221 
211 
82 
3 
17 
50 
19 
17 
6 
94 
199 
158 
235 
341 
323 
156 
64 
68 
65 
46 
26 
123 
175 
294 
351 
196 
195 
146 
21 
119 
166 
131 
3 
31 
50 
22 
79 
72 
138 
27 
159 
189 
236 
319 
283 
266 
179 
71 
56 
52 
344 
403 
370 
274 
157 
58 
40 
41 
90 
34 
109 
185 
133 
60 
31 
87 
233 
217 
165 
216 
269 
239 
173 
64 
15 
145 
379 
397 
283 
164 
177 
104 
295 
191 
124 
21 
41 
125 
113 
30 
10 
21 
140 
251 
287 
261 
124 
10 
73 
175 
185 
233 
205 
222 
147 
86 
76 
257 
403 
542 
376 
156 
36 
276 
535 
540 
552 
493 
69 
270 
493 
397 
314 
304 
305 
105 
18 
173 
544 
513 
148 
131 
216 
198 
260 
255 
157 
29 
5 
137 
131 
137 
75 
67 
88 
3 
129 
95 
112 
48 
52 
184 
90 
39 
88 
179 
251 
255 
204 
200 
11 
131 
235 
156 
170 
307 
260 
250 
79 
144 
334 
326 
256 
188 
108 
30 
30 
38 
130 
147 
140 
135 
9 
26 
6 
118 
116 
193 
61 
77 
213 
179 
90 
112 
68 
192 
356 
323 
267 
225 
89 
249 
46 
271 
122 
98 
100 
167 
161 
77 
174 
263 
339 
165 
266 
348 
324 
176 
79 
46 
198 
70 
40 
142 
24 
28 
59 
44 
124 
184 
132 
16 
33 
49 
69 
112 
166 
177 
30 
170 
145 
287 
236 
56 
41 
234 
165 
4 
47 
60 
44 
3 
56 
146 
119 
173 
192 
156 
64 
85 
229 
252 
231 
235 
126 
130 
251 
331 
238 
146 
113 
10 
75 
129 
165 
42 
66 
290 
260 
221 
465 
575 
497 
203 
112 
524 
515 
469 
285 
103 
186 
446 
272 
93 
15 
60 
3 
91 
98 
12 
71 
18 
89 
170 
243 
302 
210 
87 
148 
102 
163 
456 
482 
289 
137 
178 
310 
249 
75 
297 
370 
89 
176 
311 
306 
176 
25 
49 
30 
49 
3 
20 
36 
39 
41 
14 
51 
77 
50 
24 
145 
122 
167 
123 
90 
49 
3 
90 
194 
336 
453 
289 
168 
146 
372 
415 
103 
61 
75 
193 
263 
183 
77 
260 
390 
315 
278 
230 
68 
310 
505 
457 
295 
123 
165 
371 
309 
207 
227 
143 
131 
271 
267 
228 
256 
175 
151 
105 
10 
142 
226 
3 
121 
66 
22 
8 
80 
173 
218 
118 
0 
1 
4 
39 
41 
285 
200 
75 
118 
30 
58 
127 
167 
65 
162 
210 
65 
77 
74 
98 
72 
103 
171 
180 
77 
366 
486 
286 
107 
89 
311 
350 
441 
357 
136 
43 
291 
390 
498 
258 
103 
123 
406 
571 
652 
400 
42 
595 
833 
641 
323 
167 
33 
370 
600 
521 
476 
416 
183 
58 
261 
353 
468 
238 
264 
332 
385 
362 
179 
95 
359 
923 
980 
590 
97 
379 
621 
662 
588 
435 
118 
244 
402 
569 
481 
213 
29 
170 
384 
432 
313 
297 
313 
278 
7 
194 
371 
605 
559 
363 
109 
212 
453 
521 
368 
98 
46 
128 
38 
250 
284 
119 
193 
589 
702 
550 
262 
30 
258 
410 
434 
383 
374 
269 
9 
176 
271 
220 
115 
98 
343 
332 
42 
175 
554 
684 
400 
154 
76 
393 
631 
550 
276 
180 
243 
296 
104 
119 
87 
362 
464 
560 
471 
369 
101 
300 
510 
483 
277 
80 
343 
397 
156 
99 
164 
343 
304 
188 
187 
195 
28 
179 
154 
79 
100 
177 
3 
129 
159 
310 
229 
18 
12 
100 
27 
122 
373 
469 
367 
143 
305 
392 
84 
502 
714 
659 
568 
419 
251 
111 
405 
706 
679 
565 
199 
11 
172 
411 
640 
590 
537 
480 
332 
199 
295 
358 
384 
632 
711 
462 
153 
100 
352 
524 
418 
283 
273 
228 
151 
101 
39 
44 
166 
220 
173 
137 
126 
252 
226 
130 
296 
275 
55 
39 
91 
50 
154 
278 
54 
277 
337 
313 
208 
71 
67 
201 
170 
31 
12 
77 
72 
371 
282 
220 
185 
43 
175 
109 
166 
174 
134 
123 
259 
525 
497 
293 
69 
371 
583 
863 
870 
562 
194 
259 
458 
508 
504 
540 
420 
200 
277 
46 
109 
215 
538 
630 
478 
276 
166 
51 
212 
399 
377 
387 
455 
413 
131 
154 
520 
393 
252 
103 
19 
103 
241 
427 
440 
335 
436 
663 
469 
150 
568 
664 
690 
873 
701 
493 
30 
495 
574 
414 
335 
268 
143 
84 
48 
111 
50 
213 
411 
135 
179 
382 
409 
293 
140 
73 
156 
225 
249 
383 
223 
14 
115 
221 
569 
662 
537 
212 
167 
750 
798 
427 
45 
455 
364 
351 
349 
292 
217 
137 
81 
8 
19 
13 
70 
187 
124 
51 
317 
208 
76 
112 
21 
128 
66 
42 
106 
448 
706 
504 
220 
113 
384 
559 
546 
400 
364 
104 
57 
104 
241 
512 
657 
594 
393 
33 
492 
741 
382 
98 
240 
86 
161 
60 
186 
134 
124 
90 
97 
201 
257 
51 
11 
25 
52 
43 
25 
213 
284 
201 
182 
130 
5 
259 
382 
318 
507 
695 
337 
106 
424 
581 
522 
406 
232 
158 
186 
176 
28 
211 
563 
395 
278 
412 
585 
86 
431 
732 
779 
403 
230 
468 
377 
328 
444 
24 
346 
385 
243 
187 
203 
141 
123 
88 
117 
12 
1 
169 
203 
178 
101 
27 
103 
214 
338 
215 
30 
337 
414 
348 
226 
20 
6 
176 
358 
220 
82 
82 
42 
57 
200 
92 
262 
490 
37 
107 
134 
30 
74 
147 
132 
136 
196 
152 
14 
175 
142 
178 
44 
143 
83 
22 
186 
20 
74 
29 
49 
6 
218 
100 
62 
7 
105 
253 
132 
75 
46 
20 
19 
235 
8 
217 
98 
128 
184 
31 
17 
87 
61 
42 
163 
233 
212 
77 
29 
26 
14 
197 
197 
214 
145 
265 
179 
22 
141 
320 
589 
589 
342 
26 
493 
454 
185 
135 
134 
169 
316 
370 
316 
44 
330 
627 
805 
695 
353 
174 
953 
1389 
972 
644 
157 
454 
1775 
1516 
1044 
247 
350 
566 
702 
798 
753 
661 
486 
25 
500 
781 
587 
221 
119 
219 
74 
605 
655 
206 
172 
432 
564 
417 
246 
202 
220 
265 
244 
338 
273 
62 
168 
250 
565 
733 
841 
849 
280 
18 
388 
619 
807 
713 
453 
194 
46 
190 
251 
145 
118 
97 
201 
31 
698 
859 
435 
171 
62 
137 
34 
184 
180 
301 
327 
339 
346 
295 
173 
15 
99 
524 
575 
640 
535 
90 
75 
432 
563 
608 
434 
83 
393 
578 
405 
163 
65 
142 
350 
355 
391 
367 
171 
179 
313 
213 
58 
93 
30 
279 
288 
180 
622 
404 
74 
77 
137 
53 
151 
236 
248 
230 
155 
108 
68 
285 
369 
383 
294 
55 
691 
1132 
900 
483 
151 
439 
645 
589 
600 
305 
123 
564 
385 
56 
50 
289 
363 
94 
353 
433 
354 
17 
169 
75 
41 
85 
97 
41 
12 
38 
25 
108 
216 
184 
218 
2 
44 
383 
354 
177 
39 
85 
362 
388 
245 
33 
286 
140 
126 
143 
184 
83 
7 
114 
2 
45 
493 
412 
327 
237 
133 
32 
53 
104 
266 
163 
82 
7 
56 
110 
151 
192 
12 
59 
47 
22 
12 
9 
39 
55 
569 
421 
351 
265 
106 
115 
550 
801 
380 
90 
372 
563 
891 
879 
634 
87 
1101 
1587 
1368 
919 
132 
427 
729 
739 
544 
371 
186 
200 
244 
306 
142 
107 
71 
47 
310 
425 
176 
196 
143 
48 
269 
429 
545 
310 
73 
278 
309 
273 
37 
19 
60 
118 
190 
233 
59 
64 
111 
199 
362 
261 
13 
110 
273 
310 
83 
59 
118 
177 
75 
42 
63 
41 
312 
341 
204 
11 
35 
64 
158 
156 
143 
167 
112 
277 
56 
69 
69 
199 
133 
63 
107 
33 
17 
32 
47 
89 
115 
181 
114 
21 
14 
6 
74 
69 
27 
110 
153 
181 
56 
195 
162 
145 
43 
17 
112 
91 
31 
44 
154 
234 
158 
161 
193 
66 
83 
208 
313 
139 
167 
258 
297 
129 
145 
173 
72 
258 
427 
121 
408 
564 
601 
351 
455 
16 
221 
273 
322 
475 
546 
566 
402 
186 
128 
704 
1076 
1007 
378 
53 
405 
509 
446 
329 
325 
284 
110 
12 
84 
98 
125 
93 
15 
237 
349 
362 
396 
146 
451 
646 
698 
550 
283 
65 
294 
346 
250 
172 
95 
59 
110 
8 
53 
96 
88 
84 
26 
45 
44 
63 
30 
36 
54 
70 
97 
93 
83 
35 
42 
59 
9 
10 
0 
40 
39 
39 
28 
25 
65 
44 
14 
125 
46 
15 
8 
9 
34 
1 
20 
123 
111 
59 
29 
21 
18 
18 
16 
18 
44 
23 
41 
63 
74 
91 
95 
107 
49 
355 
389 
351 
97 
242 
202 
162 
61 
151 
64 
71 
62 
75 
11 
49 
65 
83 
85 
87 
50 
21 
43 
26 
33 
13 
16 
5 
20 
88 
66 
8 
48 
52 
49 
0 
23 
32 
56 
69 
37 
2 
33 
42 
21 
12 
46 
27 
15 
70 
62 
104 
84 
4 
65 
68 
93 
51 
0 
22 
14 
16 
21 
20 
25 
16 
33 
75 
100 
86 
136 
139 
88 
6 
91 
258 
274 
149 
23 
52 
54 
49 
76 
118 
125 
123 
90 
64 
33 
124 
52 
39 
0 
16 
25 
58 
105 
163 
148 
99 
11 
206 
269 
236 
168 
44 
4 
145 
163 
185 
151 
80 
23 
6 
20 
23 
3 
3 
19 
32 
71 
58 
68 
48 
24 
9 
43 
25 
15 
6 
5 
0 
49 
100 
77 
124 
98 
64 
149 
122 
64 
70 
70 
61 
42 
24 
9 
55 
71 
24 
20 
0 
23 
35 
19 
16 
3 
37 
44 
38 
36 
29 
13 
64 
91 
72 
2 
6 
18 
78 
268 
203 
69 
59 
145 
130 
86 
67 
37 
31 
7 
24 
17 
6 
18 
32 
51 
49 
12 
8 
23 
37 
32 
10 
7 
4 
4 
31 
15 
31 
39 
48 
77 
133 
86 
40 
15 
5 
48 
51 
92 
53 
6 
26 
21 
47 
44 
85 
12 
51 
83 
1 
65 
29 
58 
58 
46 
24 
0 
6 
4 
1 
8 
20 
29 
49 
55 
16 
7 
7 
24 
3 
20 
11 
2 
14 
3 
0 
2 
37 
63 
58 
49 
53 
29 
7 
1 
20 
17 
19 
9 
30 
5 
24 
26 
0 
17 
13 
3 
17 
75 
70 
66 
43 
83 
117 
47 
15 
14 
4 
0 
28 
48 
41 
23 
27 
44 
49 
21 
38 
57 
6 
4 
23 
20 
42 
34 
30 
27 
26 
3 
9 
57 
44 
7 
41 
30 
39 
33 
31 
44 
43 
41 
37 
4 
11 
2 
19 
39 
10 
34 
40 
1 
8 
33 
8 
5 
12 
1 
5 
0 
3 
1 
4 
14 
32 
19 
10 
8 
8 
6 
7 
21 
20 
10 
8 
13 
5 
1 
10 
22 
26 
33 
38 
24 
33 
40 
35 
23 
0 
34 
50 
53 
32 
21 
41 
49 
63 
21 
10 
0 
4 
26 
2 
9 
8 
27 
17 
2 
3 
12 
19 
19 
24 
35 
33 
48 
10 
38 
27 
5 
5 
11 
17 
37 
57 
47 
14 
53 
60 
10 
11 
0 
17 
38 
11 
27 
36 
26 
24 
36 
12 
0 
18 
12 
15 
8 
4 
12 
4 
23 
4 
28 
24 
39 
13 
19 
9 
6 
24 
19 
8 
5 
6 
1 
33 
21 
21 
32 
20 
4 
3 
0 
13 
9 
9 
17 
41 
23 
31 
25 
1 
26 
0 
6 
11 
28 
27 
10 
0 
4 
10 
4 
32 
1 
47 
33 
48 
39 
34 
22 
17 
20 
10 
1 
5 
7 
1 
9 
1 
9 
9 
6 
11 
23 
26 
26 
27 
18 
10 
6 
7 
4 
16 
12 
6 
3 
1 
17 
29 
30 
21 
19 
17 
20 
21 
11 
4 
0 
3 
14 
14 
15 
8 
10 
20 
19 
1 
25 
3 
26 
40 
28 
19 
25 
30 
29 
54 
39 
9 
12 
8 
2 
7 
0 
25 
30 
28 
28 
30 
29 
12 
0 
2 
16 
15 
36 
14 
5 
17 
21 
10 
6 
31 
56 
62 
45 
28 
2 
7 
16 
27 
30 
21 
6 
27 
1 
0 
7 
21 
38 
29 
17 
13 
14 
20 
3 
6 
0 
31 
25 
8 
7 
23 
29 
37 
28 
19 
12 
13 
14 
3 
0 
5 
6 
8 
4 
11 
4 
0 
11 
11 
13 
13 
6 
23 
33 
20 
2 
8 
18 
26 
25 
20 
14 
18 
43 
41 
39 
33 
18 
16 
11 
7 
6 
8 
9 
16 
20 
14 
9 
12 
6 
11 
14 
31 
32 
31 
28 
22 
34 
19 
10 
2 
11 
11 
1 
4 
7 
2 
3 
4 
10 
5 
12 
23 
9 
12 
5 
0 
1 
1 
11 
1 
26 
32 
31 
16 
14 
16 
32 
27 
22 
3 
4 
8 
7 
4 
8 
9 
14 
6 
9 
9 
8 
23 
20 
11 
15 
6 
2 
3 
0 
3 
1 
8 
4 
7 
8 
10 
17 
16 
20 
16 
16 
19 
14 
5 
11 
5 
3 
0 
5 
16 
31 
58 
54 
27 
0 
5 
31 
57 
5 
2 
20 
31 
19 
4 
13 
15 
9 
0 
20 
19 
13 
34 
41 
50 
42 
44 
46 
37 
13 
55 
31 
2 
2 
8 
17 
22 
31 
19 
24 
24 
15 
28 
25 
11 
6 
14 
10 
1 
2 
3 
1 
3 
11 
11 
22 
28 
30 
26 
24 
14 
7 
12 
14 
5 
2 
0 
7 
11 
1 
5 
6 
27 
33 
24 
31 
18 
17 
9 
4 
6 
1 
4 
10 
5 
0 
15 
20 
10 
13 
8 
14 
18 
0 
4 
2 
0 
0 
1 
1 
6 
6 
13 
17 
37 
32 
34 
46 
28 
26 
18 
12 
0 
10 
12 
14 
10 
23 
26 
30 
21 
7 
8 
0 
7 
4 
10 
42 
28 
1 
15 
2 
14 
34 
2 
12 
25 
30 
10 
32 
32 
10 
8 
5 
0 
23 
25 
16 
8 
19 
19 
13 
19 
33 
29 
19 
20 
26 
33 
15 
8 
17 
12 
7 
0 
5 
0 
3 
7 
4 
0 
13 
20 
29 
18 
26 
19 
6 
0 
11 
4 
7 
10 
15 
15 
3 
13 
11 
9 
13 
28 
27 
27 
18 
16 
6 
8 
12 
12 
11 
10 
20 
18 
18 
20 
14 
17 
24 
27 
20 
14 
19 
19 
29 
24 
8 
2 
10 
17 
11 
24 
31 
44 
26 
22 
33 
40 
31 
12 
7 
10 
19 
12 
13 
23 
17 
6 
9 
0 
0 
5 
7 
17 
20 
21 
27 
30 
25 
6 
6 
8 
3 
2 
0 
18 
25 
29 
29 
26 
24 
18 
12 
11 
4 
5 
8 
1 
8 
7 
0 
9 
15 
16 
23 
26 
20 
23 
15 
6 
0 
2 
8 
8 
17 
11 
13 
12 
9 
11 
17 
22 
22 
4 
1 
7 
3 
0 
3 
4 
7 
24 
8 
9 
5 
12 
25 
27 
22 
22 
18 
18 
9 
8 
13 
14 
1 
7 
18 
8 
19 
16 
23 
22 
23 
28 
18 
29 
18 
24 
18 
3 
6 
4 
18 
21 
16 
8 
20 
23 
11 
23 
31 
33 
27 
19 
8 
2 
7 
9 
11 
6 
11 
3 
0 
1 
5 
19 
31 
27 
21 
32 
30 
23 
14 
11 
7 
0 
5 
3 
3 
24 
20 
21 
14 
4 
21 
47 
48 
37 
25 
9 
7 
3 
2 
1 
15 
21 
18 
13 
25 
21 
21 
18 
2 
0 
5 
0 
8 
20 
14 
4 
10 
14 
12 
2 
4 
10 
31 
18 
2 
7 
21 
16 
10 
8 
5 
1 
1 
3 
3 
11 
12 
21 
16 
42 
77 
63 
44 
1 
23 
42 
37 
22 
24 
1 
10 
19 
10 
7 
21 
22 
35 
41 
40 
18 
8 
20 
18 
1 
8 
6 
5 
16 
14 
20 
16 
20 
18 
20 
23 
13 
8 
2 
3 
2 
4 
10 
5 
7 
2 
13 
22 
35 
24 
20 
26 
21 
20 
14 
1 
4 
1 
0 
11 
2 
10 
17 
23 
0 
8 
16 
27 
25 
24 
21 
10 
0 
15 
39 
28 
0 
19 
33 
36 
24 
17 
10 
30 
29 
15 
22 
12 
4 
5 
22 
22 
14 
7 
1 
0 
1 
0 
5 
8 
4 
9 
23 
27 
18 
13 
7 
9 
0 
10 
11 
2 
9 
9 
6 
9 
0 
12 
15 
13 
18 
15 
11 
2 
1 
11 
6 
11 
8 
11 
15 
14 
37 
35 
18 
12 
6 
10 
12 
8 
2 
6 
4 
13 
10 
25 
64 
59 
41 
8 
17 
42 
32 
19 
6 
4 
0 
0 
24 
28 
19 
19 
14 
29 
36 
22 
27 
29 
29 
16 
18 
1 
4 
17 
12 
16 
13 
5 
0 
13 
14 
17 
5 
29 
40 
42 
29 
15 
10 
10 
11 
7 
3 
4 
13 
4 
4 
13 
22 
27 
30 
16 
14 
24 
16 
5 
5 
6 
8 
9 
1 
2 
12 
24 
17 
18 
17 
30 
47 
49 
16 
1 
4 
2 
9 
13 
10 
0 
11 
14 
21 
14 
19 
16 
19 
32 
34 
32 
27 
58 
92 
25 
18 
47 
81 
91 
70 
49 
25 
34 
73 
65 
61 
47 
25 
8 
0 
7 
9 
7 
2 
10 
28 
25 
14 
3 
11 
32 
32 
26 
8 
10 
9 
8 
6 
4 
2 
5 
19 
15 
13 
10 
10 
18 
18 
15 
16 
18 
18 
5 
0 
5 
1 
4 
10 
3 
6 
13 
19 
25 
33 
28 
38 
32 
15 
5 
23 
30 
22 
2 
9 
9 
19 
19 
19 
30 
24 
30 
36 
24 
19 
8 
7 
0 
0 
0 
3 
0 
16 
28 
48 
43 
33 
22 
0 
9 
16 
17 
27 
22 
5 
1 
9 
19 
28 
31 
24 
27 
36 
32 
31 
4 
19 
14 
3 
5 
1 
1 
0 
0 
0 
0 
7 
16 
22 
22 
86 
65 
23 
9 
48 
72 
47 
16 
14 
4 
23 
23 
24 
24 
28 
16 
29 
29 
24 
19 
18 
9 
9 
5 
0 
1 
1 
10 
9 
2 
15 
30 
67 
85 
57 
28 
14 
6 
24 
33 
45 
51 
50 
48 
21 
0 
18 
31 
32 
42 
62 
57 
57 
36 
22 
19 
11 
6 
1 
4 
8 
5 
14 
3 
5 
9 
2 
14 
17 
23 
15 
28 
30 
12 
1 
8 
8 
1 
1 
11 
13 
17 
27 
20 
10 
19 
19 
13 
13 
3 
3 
4 
8 
7 
10 
15 
60 
37 
0 
24 
34 
10 
39 
36 
34 
15 
10 
5 
2 
13 
3 
13 
23 
11 
11 
3 
13 
16 
22 
32 
34 
3 
3 
14 
25 
26 
41 
21 
8 
23 
37 
33 
22 
14 
4 
21 
34 
43 
46 
37 
8 
9 
7 
6 
9 
8 
12 
27 
24 
39 
38 
32 
18 
11 
5 
0 
1 
0 
0 
2 
0 
2 
15 
22 
39 
31 
20 
15 
17 
1 
12 
1 
1 
2 
7 
29 
34 
16 
6 
8 
4 
9 
16 
21 
23 
23 
15 
13 
1 
8 
6 
1 
16 
19 
17 
12 
17 
20 
13 
16 
15 
18 
24 
26 
8 
7 
10 
40 
38 
6 
22 
25 
1 
17 
23 
30 
34 
25 
8 
1 
12 
4 
3 
8 
10 
12 
37 
37 
37 
17 
14 
8 
5 
11 
32 
35 
3 
1 
11 
21 
17 
23 
16 
7 
9 
8 
10 
4 
29 
44 
48 
47 
51 
36 
17 
11 
1 
7 
17 
0 
0 
4 
7 
11 
4 
5 
22 
38 
40 
24 
25 
24 
9 
1 
12 
5 
1 
6 
8 
9 
5 
7 
11 
17 
26 
22 
34 
44 
28 
27 
12 
1 
1 
6 
11 
28 
20 
9 
55 
36 
12 
16 
26 
35 
31 
28 
22 
13 
5 
0 
4 
2 
31 
35 
29 
6 
0 
4 
10 
12 
8 
4 
1 
8 
25 
21 
5 
7 
9 
10 
32 
41 
40 
30 
15 
2 
2 
22 
37 
43 
33 
3 
18 
29 
29 
37 
49 
42 
25 
10 
39 
26 
30 
17 
0 
0 
9 
15 
16 
12 
11 
13 
6 
16 
30 
51 
64 
93 
82 
89 
61 
11 
41 
77 
59 
57 
57 
40 
33 
4 
90 
72 
60 
43 
20 
11 
9 
5 
38 
28 
15 
4 
4 
2 
2 
11 
55 
45 
41 
36 
33 
27 
21 
13 
27 
25 
28 
14 
11 
20 
9 
2 
50 
48 
41 
27 
36 
31 
23 
30 
16 
2 
0 
1 
2 
4 
1 
11 
16 
10 
10 
52 
58 
47 
17 
1 
0 
2 
7 
2 
0 
14 
25 
30 
17 
23 
18 
21 
11 
5 
13 
25 
22 
20 
12 
6 
15 
36 
18 
1 
5 
3 
10 
20 
24 
9 
10 
26 
7 
5 
30 
27 
16 
18 
9 
15 
49 
55 
49 
29 
27 
44 
33 
25 
11 
9 
1 
0 
11 
18 
17 
0 
1 
5 
6 
15 
26 
25 
14 
37 
44 
32 
38 
28 
2 
0 
6 
21 
20 
10 
1 
15 
23 
29 
35 
30 
32 
34 
26 
58 
57 
49 
0 
18 
38 
45 
51 
45 
42 
32 
8 
17 
39 
64 
58 
59 
50 
44 
27 
2 
1 
5 
9 
1 
2 
0 
2 
7 
4 
1 
19 
45 
37 
25 
10 
14 
16 
10 
1 
2 
11 
16 
42 
50 
46 
25 
23 
28 
11 
2 
13 
10 
0 
15 
9 
7 
1 
4 
6 
1 
4 
10 
24 
13 
15 
20 
33 
33 
21 
4 
9 
2 
6 
3 
0 
4 
18 
26 
28 
30 
27 
43 
49 
22 
16 
0 
22 
22 
28 
6 
22 
46 
27 
11 
20 
20 
28 
15 
25 
9 
50 
84 
87 
57 
29 
14 
0 
22 
47 
52 
31 
18 
5 
4 
7 
23 
31 
30 
34 
12 
3 
9 
17 
19 
18 
10 
8 
4 
19 
31 
22 
13 
26 
15 
18 
22 
11 
6 
6 
2 
6 
1 
10 
21 
30 
29 
34 
46 
31 
7 
6 
11 
21 
8 
19 
10 
2 
0 
23 
20 
1 
0 
7 
22 
30 
36 
39 
38 
25 
6 
2 
5 
2 
18 
12 
11 
8 
11 
10 
13 
16 
15 
13 
10 
11 
9 
16 
19 
5 
10 
11 
4 
47 
20 
12 
10 
1 
11 
18 
34 
51 
41 
10 
6 
25 
40 
50 
37 
39 
11 
12 
30 
32 
33 
41 
33 
47 
42 
32 
29 
14 
0 
8 
15 
8 
7 
1 
10 
4 
19 
48 
41 
32 
35 
5 
17 
20 
23 
0 
1 
12 
23 
33 
43 
22 
7 
3 
16 
7 
0 
3 
12 
15 
16 
1 
10 
3 
7 
3 
6 
6 
28 
31 
27 
28 
35 
28 
31 
1 
0 
0 
9 
14 
21 
12 
0 
9 
21 
6 
1 
1 
22 
25 
18 
5 
2 
15 
23 
24 
19 
7 
10 
8 
15 
23 
20 
27 
36 
43 
1 
26 
37 
33 
28 
5 
11 
23 
41 
31 
18 
14 
0 
0 
0 
2 
3 
7 
27 
26 
8 
7 
27 
38 
34 
20 
0 
3 
8 
8 
4 
1 
15 
27 
24 
5 
1 
15 
15 
10 
16 
7 
11 
23 
14 
8 
33 
38 
29 
22 
7 
5 
5 
2 
3 
14 
9 
0 
15 
14 
24 
19 
26 
20 
23 
24 
47 
57 
54 
18 
17 
53 
53 
41 
38 
9 
20 
39 
51 
46 
28 
19 
16 
15 
4 
11 
13 
18 
17 
18 
2 
13 
22 
10 
7 
35 
52 
39 
25 
22 
13 
