18 
41 
40 
31 
22 
33 
23 
4 
0 
16 
25 
26 
21 
10 
6 
4 
34 
45 
41 
40 
31 
40 
25 
19 
8 
8 
9 
4 
8 
15 
18 
3 
3 
8 
10 
29 
41 
46 
25 
14 
2 
11 
0 
4 
1 
18 
2 
9 
10 
5 
25 
34 
45 
50 
37 
23 
8 
0 
0 
4 
3 
7 
6 
0 
11 
2 
21 
26 
29 
42 
41 
39 
40 
26 
10 
2 
11 
6 
22 
32 
27 
10 
5 
16 
22 
33 
49 
42 
33 
7 
0 
9 
3 
7 
12 
35 
37 
38 
25 
9 
33 
38 
40 
54 
67 
64 
82 
72 
61 
54 
38 
31 
5 
1 
14 
9 
8 
11 
17 
7 
5 
0 
7 
6 
12 
21 
13 
13 
27 
30 
20 
7 
5 
21 
42 
43 
36 
31 
24 
20 
9 
19 
7 
0 
15 
0 
10 
0 
0 
11 
16 
27 
40 
33 
24 
24 
32 
29 
13 
2 
18 
14 
16 
15 
11 
0 
12 
34 
29 
30 
17 
27 
20 
8 
9 
3 
5 
2 
12 
7 
8 
8 
18 
21 
16 
29 
33 
42 
33 
20 
20 
10 
14 
6 
1 
7 
6 
11 
7 
6 
13 
40 
47 
36 
38 
26 
26 
24 
16 
11 
6 
3 
2 
1 
11 
2 
3 
14 
13 
7 
12 
13 
11 
12 
3 
14 
20 
2 
6 
10 
1 
1 
17 
25 
22 
35 
32 
31 
22 
9 
15 
20 
9 
3 
11 
27 
4 
4 
11 
12 
17 
37 
48 
32 
27 
4 
11 
12 
15 
16 
3 
4 
3 
2 
5 
2 
25 
41 
48 
50 
37 
32 
28 
17 
9 
0 
3 
8 
3 
14 
12 
7 
3 
12 
26 
13 
26 
23 
8 
4 
15 
2 
9 
7 
8 
6 
12 
16 
3 
20 
38 
49 
50 
37 
24 
16 
1 
3 
0 
7 
7 
10 
16 
15 
6 
2 
8 
38 
37 
40 
23 
28 
33 
28 
10 
0 
2 
4 
15 
23 
20 
3 
17 
21 
30 
19 
40 
35 
32 
9 
3 
0 
1 
3 
0 
22 
9 
0 
12 
2 
9 
41 
40 
43 
24 
21 
8 
12 
9 
4 
7 
14 
2 
5 
10 
1 
24 
31 
28 
18 
13 
11 
16 
19 
12 
1 
3 
3 
6 
17 
10 
0 
22 
25 
37 
24 
39 
36 
15 
4 
9 
7 
10 
9 
0 
13 
14 
2 
1 
4 
26 
29 
33 
38 
29 
22 
13 
7 
0 
2 
20 
15 
7 
0 
2 
13 
17 
22 
37 
33 
22 
13 
14 
21 
0 
4 
25 
12 
3 
12 
21 
1 
20 
29 
37 
38 
33 
28 
24 
9 
7 
12 
4 
7 
10 
12 
3 
3 
4 
15 
20 
34 
37 
24 
28 
15 
12 
4 
6 
12 
11 
2 
1 
10 
6 
1 
21 
28 
34 
33 
16 
35 
36 
29 
0 
9 
18 
8 
15 
13 
6 
0 
10 
14 
9 
33 
45 
52 
39 
44 
34 
22 
14 
6 
5 
19 
2 
0 
2 
17 
20 
20 
27 
24 
25 
7 
0 
3 
12 
27 
7 
11 
7 
4 
3 
10 
17 
32 
46 
45 
44 
32 
17 
13 
3 
3 
0 
7 
11 
2 
2 
1 
14 
17 
12 
22 
21 
10 
23 
28 
25 
19 
16 
22 
30 
13 
9 
15 
10 
4 
0 
10 
9 
39 
24 
18 
17 
5 
3 
4 
10 
18 
17 
17 
16 
14 
11 
20 
32 
28 
23 
24 
17 
15 
4 
8 
20 
18 
10 
19 
7 
15 
32 
35 
40 
17 
28 
16 
17 
11 
7 
16 
10 
15 
7 
20 
0 
3 
8 
22 
35 
40 
43 
20 
13 
12 
16 
13 
7 
4 
0 
4 
5 
7 
12 
8 
0 
18 
37 
39 
0 
2 
7 
32 
13 
0 
4 
3 
14 
3 
3 
3 
4 
15 
8 
26 
21 
34 
21 
0 
3 
7 
12 
5 
9 
6 
6 
17 
12 
25 
9 
30 
19 
0 
31 
24 
11 
4 
13 
12 
3 
3 
2 
6 
10 
13 
26 
13 
8 
23 
16 
29 
16 
4 
3 
3 
12 
3 
7 
12 
11 
14 
23 
20 
26 
27 
16 
19 
16 
11 
11 
13 
18 
1 
16 
31 
18 
37 
24 
26 
9 
24 
37 
25 
19 
4 
15 
20 
35 
1 
0 
0 
3 
0 
17 
17 
30 
31 
28 
23 
8 
15 
14 
1 
7 
6 
6 
3 
18 
1 
6 
13 
5 
3 
28 
22 
15 
20 
11 
4 
11 
36 
13 
7 
19 
18 
2 
23 
16 
21 
25 
30 
39 
24 
5 
0 
0 
4 
7 
2 
6 
6 
4 
15 
12 
18 
27 
24 
33 
33 
27 
24 
21 
0 
3 
11 
9 
0 
23 
1 
8 
20 
39 
44 
39 
46 
37 
9 
28 
8 
16 
4 
5 
5 
8 
3 
3 
0 
10 
15 
28 
19 
8 
33 
28 
4 
1 
0 
3 
5 
3 
8 
9 
8 
8 
7 
20 
22 
21 
22 
13 
15 
12 
13 
12 
3 
2 
3 
3 
8 
4 
11 
16 
14 
13 
21 
20 
25 
13 
6 
9 
12 
8 
7 
1 
1 
18 
13 
10 
15 
20 
30 
33 
22 
9 
7 
8 
9 
4 
3 
12 
2 
25 
18 
13 
8 
15 
12 
25 
37 
23 
8 
13 
3 
7 
2 
0 
7 
15 
32 
7 
0 
11 
12 
14 
33 
34 
17 
15 
10 
9 
3 
4 
12 
10 
4 
0 
21 
18 
17 
10 
39 
18 
13 
18 
9 
11 
10 
1 
12 
15 
0 
4 
7 
12 
26 
25 
38 
41 
24 
16 
17 
7 
8 
7 
2 
3 
6 
6 
0 
23 
2 
33 
32 
27 
28 
23 
16 
3 
1 
1 
4 
0 
0 
6 
2 
10 
17 
26 
7 
12 
34 
37 
22 
9 
7 
0 
1 
7 
19 
1 
9 
26 
17 
6 
15 
24 
38 
33 
24 
12 
11 
12 
4 
5 
0 
3 
7 
6 
1 
9 
14 
31 
32 
34 
29 
8 
8 
15 
8 
8 
25 
20 
23 
4 
13 
6 
1 
14 
19 
32 
34 
29 
14 
9 
15 
12 
2 
12 
4 
16 
6 
13 
14 
6 
34 
45 
36 
40 
25 
12 
12 
9 
0 
3 
7 
6 
12 
7 
4 
12 
9 
5 
30 
35 
36 
43 
26 
13 
7 
24 
1 
15 
2 
3 
2 
5 
15 
14 
25 
23 
20 
25 
16 
20 
5 
8 
3 
3 
0 
4 
7 
1 
1 
5 
22 
41 
48 
33 
24 
22 
28 
21 
9 
0 
0 
8 
4 
4 
5 
36 
4 
16 
23 
20 
17 
24 
28 
21 
0 
3 
16 
1 
0 
5 
10 
11 
16 
11 
4 
5 
29 
44 
16 
7 
4 
9 
7 
0 
6 
11 
3 
9 
13 
14 
15 
32 
30 
29 
26 
13 
6 
13 
11 
3 
16 
1 
38 
2 
23 
24 
26 
29 
32 
39 
46 
17 
27 
20 
12 
4 
1 
2 
4 
5 
18 
10 
1 
10 
25 
13 
34 
45 
28 
20 
9 
7 
11 
8 
0 
10 
4 
1 
1 
10 
13 
34 
33 
34 
29 
8 
16 
5 
3 
2 
2 
4 
7 
1 
0 
0 
16 
31 
32 
35 
36 
29 
31 
20 
4 
5 
0 
2 
8 
11 
7 
7 
10 
17 
34 
17 
34 
37 
19 
16 
3 
2 
3 
0 
7 
18 
0 
8 
25 
29 
22 
13 
34 
33 
24 
4 
5 
4 
12 
21 
7 
3 
31 
28 
5 
3 
24 
30 
23 
16 
34 
37 
22 
17 
3 
8 
12 
9 
15 
0 
9 
2 
22 
21 
28 
7 
28 
45 
32 
14 
0 
6 
0 
8 
3 
7 
1 
8 
8 
10 
5 
18 
15 
16 
26 
13 
31 
24 
14 
8 
5 
8 
13 
14 
1 
4 
8 
18 
31 
32 
43 
42 
45 
23 
11 
4 
17 
11 
29 
0 
4 
4 
24 
33 
39 
28 
14 
20 
13 
4 
4 
0 
1 
11 
18 
4 
6 
5 
3 
12 
19 
20 
23 
30 
13 
7 
4 
7 
2 
1 
3 
8 
3 
6 
9 
14 
13 
20 
25 
17 
2 
15 
16 
11 
12 
3 
20 
12 
5 
4 
0 
0 
0 
5 
17 
24 
34 
41 
32 
32 
26 
26 
26 
6 
11 
18 
36 
1 
5 
22 
25 
10 
9 
16 
19 
18 
9 
0 
4 
0 
9 
6 
5 
6 
1 
0 
26 
17 
21 
30 
23 
24 
23 
20 
7 
27 
14 
10 
1 
6 
13 
29 
24 
26 
17 
9 
25 
25 
17 
9 
0 
6 
2 
2 
5 
10 
9 
16 
18 
10 
21 
45 
45 
46 
27 
16 
11 
4 
7 
15 
7 
3 
9 
10 
3 
1 
17 
29 
28 
26 
33 
42 
37 
23 
0 
6 
0 
7 
0 
19 
17 
1 
5 
0 
8 
12 
24 
24 
18 
26 
7 
16 
24 
12 
0 
7 
7 
20 
17 
17 
20 
33 
21 
20 
10 
5 
12 
15 
3 
8 
11 
2 
14 
11 
13 
1 
1 
14 
18 
18 
36 
30 
30 
19 
16 
27 
24 
25 
28 
20 
17 
15 
22 
17 
19 
12 
15 
22 
9 
7 
9 
1 
8 
11 
14 
5 
6 
2 
1 
5 
8 
30 
29 
21 
16 
30 
19 
0 
9 
1 
2 
13 
15 
16 
11 
30 
25 
40 
32 
23 
30 
13 
0 
13 
1 
7 
0 
6 
0 
15 
18 
10 
4 
14 
13 
41 
40 
38 
25 
26 
9 
7 
4 
2 
2 
1 
8 
8 
14 
9 
8 
25 
21 
26 
23 
24 
15 
14 
13 
0 
1 
5 
4 
3 
0 
4 
22 
21 
25 
16 
21 
13 
18 
5 
2 
1 
12 
12 
21 
11 
14 
9 
11 
16 
19 
24 
34 
29 
7 
0 
1 
0 
0 
2 
9 
6 
8 
0 
10 
2 
4 
26 
29 
29 
16 
18 
21 
21 
20 
8 
3 
12 
4 
2 
2 
5 
6 
13 
23 
13 
24 
25 
21 
19 
12 
9 
16 
8 
1 
7 
3 
3 
12 
7 
8 
18 
23 
24 
18 
13 
26 
21 
21 
7 
4 
13 
2 
10 
5 
10 
17 
34 
25 
26 
21 
7 
28 
21 
7 
4 
4 
2 
2 
0 
12 
4 
5 
18 
21 
28 
33 
20 
20 
19 
4 
0 
3 
6 
4 
1 
6 
2 
5 
10 
17 
29 
26 
27 
20 
15 
0 
5 
2 
10 
1 
2 
10 
2 
14 
0 
12 
30 
31 
28 
18 
13 
22 
11 
10 
1 
14 
9 
0 
4 
13 
22 
29 
39 
36 
33 
12 
24 
25 
23 
11 
0 
4 
8 
7 
15 
19 
4 
6 
13 
14 
9 
34 
41 
27 
16 
3 
13 
0 
15 
28 
23 
1 
2 
4 
10 
25 
39 
36 
38 
19 
8 
21 
9 
4 
3 
4 
12 
13 
27 
12 
20 
37 
43 
40 
36 
26 
24 
13 
9 
10 
12 
12 
15 
7 
15 
6 
0 
4 
13 
14 
13 
24 
23 
16 
11 
8 
7 
3 
4 
3 
4 
0 
7 
0 
13 
17 
40 
42 
27 
28 
23 
10 
6 
0 
6 
5 
7 
0 
0 
1 
6 
5 
26 
37 
42 
41 
32 
28 
9 
3 
7 
4 
6 
3 
8 
15 
16 
5 
7 
12 
16 
33 
3 
0 
3 
16 
23 
18 
16 
6 
19 
5 
0 
3 
13 
9 
34 
36 
28 
36 
26 
37 
25 
16 
9 
6 
4 
6 
8 
16 
0 
0 
19 
21 
34 
14 
34 
22 
1 
13 
4 
5 
3 
15 
19 
13 
15 
27 
43 
37 
45 
45 
41 
28 
10 
10 
2 
2 
15 
15 
15 
9 
2 
6 
12 
16 
40 
46 
42 
37 
17 
4 
6 
13 
1 
0 
1 
6 
7 
6 
9 
7 
23 
29 
36 
32 
30 
13 
12 
3 
0 
5 
1 
1 
10 
4 
5 
12 
12 
18 
22 
33 
45 
24 
18 
5 
14 
5 
3 
6 
14 
5 
1 
5 
3 
3 
19 
23 
25 
29 
39 
41 
46 
25 
19 
4 
20 
5 
0 
3 
1 
1 
12 
21 
21 
12 
19 
16 
11 
0 
0 
3 
8 
19 
17 
18 
6 
5 
5 
22 
26 
38 
54 
39 
28 
15 
28 
21 
8 
0 
12 
7 
3 
4 
14 
13 
24 
31 
36 
32 
16 
0 
3 
4 
0 
12 
3 
1 
0 
8 
4 
18 
21 
17 
20 
14 
25 
28 
27 
16 
25 
16 
10 
8 
5 
0 
18 
13 
22 
13 
10 
13 
12 
15 
18 
5 
15 
8 
4 
1 
4 
1 
5 
10 
5 
3 
13 
17 
16 
26 
21 
12 
19 
8 
7 
0 
16 
9 
7 
12 
3 
4 
13 
9 
0 
5 
13 
4 
3 
2 
2 
8 
5 
0 
5 
5 
20 
22 
33 
41 
28 
45 
37 
32 
20 
3 
8 
4 
4 
7 
16 
19 
9 
2 
3 
1 
24 
18 
26 
25 
25 
16 
18 
13 
12 
0 
8 
4 
3 
1 
1 
7 
19 
23 
21 
40 
38 
31 
16 
15 
0 
0 
11 
8 
15 
21 
2 
9 
25 
31 
29 
40 
42 
25 
14 
9 
14 
13 
8 
7 
12 
7 
3 
11 
2 
9 
29 
32 
30 
29 
9 
20 
11 
12 
0 
0 
1 
10 
17 
21 
13 
6 
18 
20 
24 
36 
24 
34 
37 
35 
40 
24 
17 
7 
7 
11 
3 
4 
5 
5 
10 
13 
13 
12 
10 
5 
4 
9 
6 
9 
3 
8 
13 
22 
13 
8 
25 
29 
28 
19 
16 
7 
0 
8 
15 
13 
6 
9 
4 
3 
14 
25 
43 
32 
34 
31 
24 
19 
8 
7 
6 
2 
8 
3 
12 
7 
17 
17 
12 
26 
15 
36 
38 
25 
10 
1 
7 
8 
3 
2 
22 
11 
6 
5 
0 
5 
34 
45 
41 
32 
25 
25 
15 
4 
0 
7 
10 
9 
0 
0 
2 
17 
25 
24 
22 
27 
16 
22 
17 
18 
9 
16 
8 
2 
0 
7 
4 
0 
10 
13 
1 
13 
9 
5 
9 
25 
12 
22 
17 
32 
8 
17 
16 
8 
13 
9 
8 
18 
21 
13 
12 
14 
13 
10 
5 
4 
3 
0 
0 
10 
13 
16 
26 
29 
33 
38 
21 
18 
9 
7 
3 
10 
2 
2 
1 
6 
6 
9 
13 
20 
30 
37 
36 
27 
20 
5 
2 
1 
8 
7 
16 
4 
7 
4 
3 
8 
34 
41 
42 
17 
14 
21 
19 
8 
1 
8 
18 
2 
4 
15 
14 
1 
16 
16 
32 
34 
27 
36 
29 
15 
11 
19 
8 
4 
11 
12 
10 
13 
22 
21 
19 
44 
33 
11 
2 
6 
0 
0 
6 
13 
26 
5 
5 
3 
2 
13 
37 
40 
38 
35 
3 
7 
24 
11 
8 
0 
0 
10 
10 
1 
9 
9 
24 
38 
41 
38 
33 
31 
24 
5 
3 
3 
7 
14 
5 
10 
6 
5 
8 
10 
25 
36 
46 
37 
24 
0 
13 
12 
0 
6 
16 
15 
8 
7 
0 
2 
29 
39 
44 
40 
32 
31 
27 
20 
10 
9 
0 
10 
12 
2 
5 
5 
9 
12 
22 
9 
13 
18 
13 
2 
5 
26 
13 
0 
10 
6 
10 
13 
8 
29 
33 
32 
39 
28 
34 
10 
18 
14 
5 
15 
22 
13 
2 
4 
9 
5 
26 
31 
32 
23 
26 
13 
11 
2 
2 
20 
7 
22 
15 
2 
13 
19 
33 
20 
34 
25 
28 
23 
16 
11 
10 
1 
11 
14 
5 
7 
10 
9 
14 
17 
14 
33 
34 
25 
15 
8 
5 
4 
0 
2 
16 
7 
9 
18 
9 
18 
33 
32 
32 
11 
0 
11 
3 
8 
3 
10 
10 
1 
0 
0 
7 
32 
45 
41 
38 
41 
39 
28 
13 
3 
7 
3 
1 
0 
9 
10 
5 
1 
5 
2 
25 
41 
32 
23 
16 
11 
0 
1 
5 
10 
25 
4 
4 
18 
17 
29 
24 
33 
37 
26 
17 
22 
13 
4 
3 
4 
5 
12 
15 
17 
2 
17 
29 
37 
38 
43 
46 
37 
31 
19 
12 
10 
0 
6 
16 
9 
10 
5 
2 
7 
13 
12 
10 
9 
3 
2 
0 
6 
5 
29 
26 
37 
35 
44 
32 
29 
33 
39 
36 
24 
17 
3 
3 
0 
15 
21 
7 
18 
16 
13 
2 
18 
29 
34 
9 
14 
17 
22 
13 
3 
8 
29 
19 
24 
8 
4 
13 
15 
0 
3 
12 
34 
21 
22 
1 
3 
14 
9 
0 
0 
2 
3 
7 
1 
3 
32 
35 
44 
41 
20 
8 
0 
1 
14 
3 
19 
4 
7 
1 
6 
2 
21 
37 
46 
51 
40 
37 
20 
8 
6 
12 
4 
8 
1 
20 
23 
6 
2 
4 
12 
16 
30 
31 
36 
36 
8 
11 
4 
7 
8 
15 
2 
5 
8 
23 
36 
47 
50 
33 
15 
12 
0 
13 
4 
23 
28 
15 
17 
10 
20 
15 
28 
44 
36 
27 
32 
23 
22 
9 
11 
4 
12 
10 
12 
1 
1 
8 
4 
7 
8 
3 
24 
23 
0 
15 
14 
17 
0 
0 
14 
8 
8 
0 
3 
5 
9 
28 
38 
37 
18 
17 
24 
12 
9 
8 
3 
1 
5 
9 
1 
1 
10 
27 
20 
26 
25 
24 
16 
3 
0 
11 
12 
11 
17 
26 
26 
1 
6 
12 
16 
32 
56 
70 
61 
63 
47 
55 
27 
6 
23 
29 
11 
10 
5 
10 
7 
5 
25 
26 
15 
4 
13 
1 
1 
2 
13 
7 
8 
15 
4 
9 
21 
14 
17 
21 
20 
22 
25 
13 
1 
6 
3 
5 
6 
2 
5 
10 
17 
29 
28 
45 
69 
63 
46 
40 
17 
7 
4 
20 
27 
23 
13 
10 
5 
11 
3 
9 
17 
30 
5 
10 
13 
7 
0 
4 
27 
14 
10 
15 
19 
1 
15 
27 
41 
49 
44 
46 
37 
34 
17 
20 
20 
21 
3 
9 
2 
4 
8 
21 
25 
2 
19 
8 
2 
18 
19 
19 
21 
13 
3 
7 
0 
18 
34 
33 
28 
42 
46 
53 
41 
30 
19 
18 
1 
0 
0 
3 
7 
4 
0 
13 
21 
32 
17 
9 
32 
19 
16 
18 
20 
9 
1 
10 
4 
2 
18 
5 
1 
17 
33 
36 
8 
4 
4 
4 
4 
4 
1 
6 
22 
30 
27 
29 
26 
14 
2 
14 
38 
41 
37 
30 
37 
40 
44 
13 
13 
17 
15 
20 
12 
1 
15 
46 
40 
43 
54 
68 
49 
3 
12 
21 
58 
48 
72 
12 
39 
79 
23 
23 
14 
21 
54 
29 
8 
35 
100 
32 
97 
101 
115 
3 
24 
3 
6 
27 
32 
17 
9 
30 
13 
15 
48 
56 
30 
10 
10 
10 
5 
47 
0 
10 
9 
6 
41 
13 
21 
37 
25 
124 
10 
10 
1 
15 
3 
11 
25 
76 
95 
104 
92 
111 
115 
89 
70 
30 
20 
64 
41 
65 
87 
72 
68 
43 
26 
15 
5 
14 
37 
43 
48 
46 
69 
35 
32 
21 
25 
3 
3 
35 
36 
15 
13 
1 
13 
37 
58 
43 
58 
75 
104 
30 
70 
16 
40 
22 
55 
66 
40 
36 
14 
6 
30 
41 
29 
22 
11 
36 
43 
60 
98 
106 
81 
38 
8 
103 
222 
140 
48 
74 
99 
41 
22 
42 
9 
23 
19 
28 
3 
41 
5 
138 
24 
100 
30 
91 
32 
74 
13 
167 
180 
123 
65 
10 
36 
48 
219 
48 
12 
27 
97 
89 
1 
115 
224 
193 
198 
386 
42 
8 
138 
23 
94 
39 
4 
0 
70 
92 
35 
6 
12 
40 
3 
50 
58 
70 
99 
141 
136 
118 
100 
95 
77 
78 
22 
46 
80 
47 
1 
171 
262 
146 
14 
34 
2 
108 
155 
13 
35 
46 
68 
87 
133 
50 
49 
113 
132 
133 
12 
117 
160 
236 
181 
166 
91 
56 
17 
78 
139 
226 
221 
207 
197 
134 
140 
21 
156 
23 
5 
8 
18 
65 
55 
71 
107 
59 
5 
2 
79 
206 
415 
209 
124 
69 
107 
40 
4 
37 
46 
99 
11 
97 
59 
126 
206 
140 
113 
131 
30 
164 
327 
338 
574 
222 
68 
65 
54 
12 
20 
32 
42 
21 
54 
111 
221 
280 
263 
305 
276 
215 
36 
104 
36 
21 
168 
138 
38 
47 
93 
137 
160 
134 
62 
20 
36 
79 
91 
111 
118 
17 
60 
10 
143 
226 
214 
93 
210 
693 
321 
8 
180 
159 
151 
150 
138 
132 
156 
198 
98 
25 
41 
54 
142 
166 
185 
14 
72 
71 
174 
55 
139 
115 
23 
108 
75 
156 
178 
144 
28 
60 
15 
53 
4 
203 
241 
96 
127 
364 
149 
376 
32 
57 
93 
130 
76 
62 
22 
40 
30 
42 
77 
33 
25 
28 
44 
157 
258 
283 
284 
232 
185 
56 
123 
152 
208 
204 
209 
142 
65 
21 
16 
71 
166 
181 
137 
81 
157 
313 
229 
151 
80 
99 
329 
256 
43 
16 
63 
438 
401 
204 
28 
230 
236 
98 
41 
96 
24 
71 
49 
62 
77 
71 
109 
100 
69 
86 
129 
145 
194 
165 
85 
6 
37 
1 
181 
72 
79 
89 
5 
146 
71 
50 
85 
12 
145 
304 
711 
477 
186 
503 
434 
135 
323 
90 
353 
212 
80 
0 
106 
40 
28 
289 
209 
102 
65 
90 
139 
187 
220 
241 
266 
110 
215 
321 
200 
157 
146 
135 
89 
38 
161 
247 
492 
612 
473 
151 
7 
4 
15 
87 
69 
21 
126 
307 
313 
262 
362 
369 
16 
513 
136 
410 
403 
244 
8 
322 
185 
353 
327 
233 
240 
67 
22 
26 
46 
3 
85 
58 
67 
170 
243 
249 
250 
191 
89 
209 
403 
73 
68 
61 
140 
71 
2 
110 
117 
195 
306 
46 
167 
106 
172 
78 
106 
278 
438 
418 
388 
241 
74 
116 
111 
128 
356 
431 
808 
435 
148 
337 
304 
39 
284 
100 
118 
285 
337 
408 
361 
406 
346 
127 
108 
215 
444 
573 
391 
133 
113 
181 
243 
233 
107 
28 
18 
145 
77 
107 
48 
274 
631 
367 
42 
46 
59 
7 
26 
62 
86 
84 
38 
114 
296 
117 
234 
277 
193 
224 
188 
188 
111 
6 
35 
12 
197 
16 
19 
356 
230 
158 
99 
122 
38 
13 
55 
108 
22 
174 
18 
228 
226 
228 
242 
246 
81 
122 
244 
103 
316 
194 
18 
70 
215 
234 
187 
104 
77 
30 
37 
60 
50 
11 
21 
112 
16 
5 
134 
59 
128 
138 
2 
7 
274 
51 
127 
124 
38 
112 
25 
24 
174 
181 
28 
71 
68 
72 
88 
43 
242 
327 
401 
396 
120 
88 
74 
92 
256 
168 
200 
265 
340 
230 
42 
101 
22 
105 
206 
46 
39 
117 
273 
129 
223 
334 
252 
206 
382 
443 
394 
270 
153 
74 
1 
95 
205 
296 
610 
416 
207 
104 
15 
44 
82 
52 
96 
154 
253 
337 
302 
291 
112 
74 
133 
29 
3 
4 
81 
156 
573 
241 
138 
55 
100 
190 
64 
119 
101 
276 
307 
257 
295 
141 
49 
141 
27 
181 
43 
208 
198 
124 
145 
309 
50 
264 
203 
178 
122 
19 
7 
171 
21 
94 
195 
82 
70 
29 
345 
290 
64 
151 
170 
130 
25 
112 
22 
47 
166 
201 
209 
201 
14 
164 
364 
480 
522 
447 
365 
385 
122 
14 
18 
32 
154 
242 
284 
153 
231 
425 
519 
526 
248 
63 
180 
267 
335 
438 
518 
397 
179 
26 
196 
50 
150 
430 
40 
277 
345 
330 
152 
34 
215 
350 
424 
361 
90 
141 
23 
17 
74 
104 
298 
388 
396 
332 
462 
115 
345 
316 
306 
365 
161 
79 
66 
82 
158 
216 
70 
43 
174 
324 
271 
209 
143 
108 
167 
194 
213 
28 
31 
101 
166 
95 
87 
225 
637 
602 
435 
285 
309 
265 
4 
36 
37 
142 
275 
391 
503 
400 
437 
286 
246 
336 
77 
76 
118 
129 
269 
214 
66 
146 
541 
463 
118 
60 
60 
187 
226 
49 
218 
314 
369 
360 
330 
215 
284 
81 
49 
194 
154 
188 
400 
80 
191 
680 
571 
48 
139 
68 
115 
147 
22 
127 
198 
106 
59 
33 
131 
103 
24 
274 
354 
249 
198 
248 
346 
326 
195 
36 
91 
108 
290 
459 
176 
198 
83 
22 
57 
55 
125 
139 
4 
272 
333 
131 
201 
267 
171 
450 
246 
130 
125 
230 
268 
253 
293 
376 
394 
231 
50 
252 
224 
66 
31 
11 
294 
182 
313 
42 
89 
231 
9 
129 
104 
0 
67 
38 
115 
135 
238 
132 
108 
326 
213 
224 
668 
491 
174 
97 
337 
384 
294 
213 
177 
176 
185 
68 
123 
493 
78 
31 
100 
241 
44 
88 
74 
1 
13 
164 
11 
160 
37 
29 
19 
100 
29 
42 
2 
67 
22 
35 
70 
262 
446 
422 
239 
47 
283 
431 
398 
426 
285 
85 
121 
124 
183 
186 
364 
127 
214 
129 
40 
17 
2 
108 
193 
263 
186 
161 
53 
309 
328 
14 
300 
712 
1061 
308 
127 
67 
17 
29 
113 
167 
156 
61 
224 
210 
213 
249 
209 
207 
179 
182 
623 
423 
54 
33 
25 
67 
2 
76 
31 
54 
193 
115 
110 
134 
5 
195 
316 
317 
288 
235 
239 
347 
292 
4 
333 
222 
105 
335 
546 
221 
173 
106 
42 
359 
349 
282 
243 
24 
29 
21 
155 
20 
116 
139 
49 
2 
31 
168 
341 
285 
164 
64 
1 
53 
187 
209 
160 
167 
234 
256 
79 
263 
395 
238 
51 
13 
31 
40 
73 
189 
345 
491 
463 
352 
252 
69 
42 
207 
8 
135 
147 
46 
158 
423 
742 
435 
130 
47 
12 
10 
112 
89 
95 
60 
50 
115 
237 
198 
81 
58 
177 
135 
39 
123 
173 
399 
381 
19 
37 
70 
87 
96 
429 
452 
243 
152 
25 
20 
18 
107 
123 
170 
325 
198 
167 
60 
52 
24 
214 
217 
20 
84 
39 
93 
167 
289 
494 
280 
358 
277 
116 
46 
74 
114 
422 
652 
542 
468 
113 
78 
37 
106 
69 
198 
213 
189 
3 
232 
399 
602 
655 
582 
506 
281 
3 
116 
378 
407 
196 
117 
129 
165 
126 
173 
130 
34 
0 
69 
100 
135 
127 
98 
25 
12 
10 
13 
29 
19 
19 
66 
184 
212 
422 
245 
188 
153 
289 
284 
289 
379 
390 
385 
385 
326 
256 
101 
89 
69 
345 
650 
154 
104 
82 
244 
335 
168 
56 
60 
60 
85 
34 
68 
197 
263 
216 
272 
289 
202 
2 
66 
43 
113 
498 
358 
60 
59 
82 
150 
249 
368 
329 
93 
105 
319 
114 
70 
74 
168 
84 
113 
223 
224 
235 
254 
196 
152 
105 
60 
139 
370 
740 
187 
29 
48 
247 
174 
35 
18 
103 
228 
205 
209 
154 
208 
293 
287 
314 
323 
363 
350 
178 
84 
213 
170 
33 
227 
145 
75 
115 
210 
165 
97 
14 
111 
37 
27 
199 
33 
69 
53 
33 
86 
192 
210 
217 
191 
79 
98 
9 
12 
19 
148 
34 
38 
210 
385 
276 
134 
149 
127 
72 
22 
181 
224 
317 
339 
264 
364 
248 
216 
50 
30 
110 
92 
405 
481 
11 
252 
184 
158 
57 
82 
6 
80 
39 
84 
64 
56 
54 
42 
185 
82 
105 
111 
54 
31 
115 
116 
71 
8 
10 
140 
283 
320 
256 
119 
83 
0 
13 
75 
131 
14 
33 
16 
185 
207 
223 
50 
181 
19 
143 
28 
90 
102 
497 
155 
156 
289 
404 
477 
361 
283 
213 
74 
50 
19 
14 
61 
153 
187 
136 
129 
251 
286 
170 
25 
219 
303 
243 
45 
269 
297 
119 
189 
176 
45 
67 
2 
45 
113 
238 
320 
322 
199 
234 
259 
227 
112 
6 
27 
136 
198 
362 
247 
139 
47 
37 
26 
81 
103 
53 
115 
172 
21 
87 
75 
12 
59 
41 
61 
226 
37 
78 
4 
86 
255 
174 
18 
115 
25 
66 
64 
32 
195 
190 
107 
84 
49 
44 
137 
129 
147 
202 
297 
332 
232 
193 
64 
97 
242 
177 
1 
6 
58 
10 
45 
18 
9 
1 
153 
329 
700 
313 
42 
83 
61 
170 
333 
485 
593 
539 
271 
1 
26 
56 
271 
214 
140 
392 
215 
203 
94 
69 
5 
20 
41 
55 
25 
93 
159 
222 
296 
240 
145 
23 
42 
106 
80 
49 
43 
62 
13 
58 
32 
160 
136 
130 
63 
7 
67 
244 
190 
200 
620 
564 
142 
230 
384 
525 
430 
320 
239 
234 
97 
0 
61 
74 
165 
347 
229 
28 
99 
161 
144 
174 
128 
1 
294 
288 
224 
204 
202 
89 
49 
25 
21 
62 
215 
201 
103 
103 
192 
184 
140 
59 
368 
517 
542 
559 
495 
368 
189 
63 
64 
274 
499 
777 
850 
678 
190 
86 
222 
332 
300 
245 
179 
210 
225 
192 
227 
201 
157 
70 
150 
129 
146 
149 
196 
270 
170 
134 
57 
163 
184 
118 
128 
139 
64 
32 
47 
46 
19 
49 
9 
53 
177 
192 
28 
158 
85 
25 
184 
250 
41 
116 
81 
219 
228 
75 
86 
376 
389 
341 
457 
367 
23 
132 
45 
20 
198 
335 
369 
409 
247 
68 
89 
19 
250 
348 
338 
305 
296 
180 
65 
26 
25 
42 
33 
36 
47 
122 
120 
128 
192 
83 
108 
270 
184 
34 
30 
25 
78 
157 
154 
143 
122 
98 
24 
32 
68 
86 
148 
278 
197 
72 
63 
237 
457 
774 
280 
84 
24 
51 
205 
155 
6 
158 
313 
409 
592 
612 
535 
411 
291 
243 
140 
69 
240 
425 
543 
470 
541 
364 
70 
79 
17 
7 
79 
115 
43 
202 
174 
70 
77 
31 
41 
200 
68 
400 
398 
202 
77 
244 
285 
189 
93 
228 
59 
249 
452 
471 
403 
296 
103 
97 
270 
379 
384 
378 
245 
33 
72 
82 
230 
270 
1 
53 
75 
67 
62 
76 
111 
149 
135 
146 
142 
101 
61 
33 
15 
3 
12 
5 
1 
10 
19 
48 
34 
39 
2 
166 
262 
241 
123 
51 
158 
265 
373 
479 
455 
410 
370 
190 
12 
115 
252 
400 
347 
249 
299 
155 
223 
238 
266 
164 
108 
161 
107 
232 
283 
66 
110 
246 
167 
105 
224 
257 
285 
231 
67 
131 
329 
410 
341 
368 
311 
241 
11 
203 
316 
385 
470 
532 
483 
296 
66 
227 
191 
250 
213 
79 
38 
127 
179 
135 
34 
54 
50 
156 
153 
0 
77 
133 
35 
112 
197 
67 
23 
84 
181 
66 
9 
14 
74 
38 
9 
22 
81 
183 
164 
154 
71 
90 
172 
287 
301 
355 
345 
220 
42 
85 
182 
223 
272 
232 
158 
193 
174 
64 
40 
20 
53 
41 
22 
36 
76 
239 
335 
254 
176 
135 
104 
111 
354 
257 
93 
160 
195 
75 
44 
80 
331 
228 
57 
43 
164 
86 
74 
46 
69 
208 
243 
263 
366 
355 
278 
177 
79 
7 
145 
442 
643 
455 
271 
34 
119 
150 
44 
71 
174 
239 
137 
79 
155 
226 
221 
94 
207 
185 
197 
224 
212 
124 
157 
81 
43 
192 
283 
333 
297 
241 
134 
116 
38 
82 
197 
200 
185 
159 
69 
53 
9 
118 
153 
68 
5 
101 
187 
173 
190 
167 
97 
11 
51 
46 
174 
138 
102 
178 
18 
206 
226 
95 
176 
190 
82 
52 
15 
49 
41 
6 
127 
200 
220 
258 
232 
171 
167 
119 
54 
63 
201 
232 
237 
291 
288 
226 
242 
327 
257 
74 
11 
118 
474 
660 
649 
642 
582 
376 
129 
7 
88 
172 
282 
412 
348 
161 
184 
104 
13 
26 
53 
101 
138 
120 
72 
191 
128 
109 
171 
298 
261 
212 
162 
148 
3 
54 
52 
146 
110 
63 
23 
44 
233 
243 
120 
113 
92 
43 
28 
100 
125 
83 
76 
71 
141 
16 
56 
27 
6 
7 
12 
37 
101 
75 
75 
23 
32 
42 
127 
102 
48 
4 
86 
198 
264 
237 
146 
85 
252 
336 
364 
336 
276 
243 
271 
200 
40 
138 
326 
383 
350 
372 
305 
288 
162 
23 
109 
206 
275 
282 
267 
260 
274 
201 
103 
36 
35 
127 
180 
204 
153 
159 
5 
35 
10 
0 
83 
154 
234 
197 
23 
0 
34 
39 
16 
22 
62 
117 
111 
188 
112 
49 
62 
26 
121 
35 
65 
166 
159 
244 
148 
9 
10 
4 
65 
144 
115 
97 
70 
73 
176 
61 
84 
56 
71 
56 
49 
77 
19 
28 
47 
83 
152 
186 
157 
80 
42 
6 
17 
19 
31 
66 
102 
95 
69 
54 
18 
0 
13 
13 
66 
111 
97 
76 
20 
125 
168 
224 
126 
24 
79 
216 
252 
274 
274 
70 
233 
477 
602 
528 
389 
225 
124 
9 
171 
228 
269 
484 
277 
160 
149 
29 
44 
24 
104 
85 
94 
40 
169 
274 
241 
195 
108 
26 
25 
30 
39 
44 
67 
20 
7 
29 
13 
54 
115 
56 
101 
108 
90 
33 
45 
60 
208 
168 
30 
98 
37 
37 
29 
46 
111 
65 
40 
18 
32 
1 
53 
101 
63 
5 
113 
68 
8 
71 
36 
54 
76 
29 
16 
34 
29 
25 
132 
93 
56 
99 
112 
79 
36 
26 
3 
43 
88 
92 
75 
28 
0 
11 
51 
41 
13 
29 
22 
34 
25 
3 
7 
2 
8 
5 
5 
33 
91 
130 
145 
132 
93 
11 
27 
57 
53 
13 
8 
8 
4 
3 
3 
26 
6 
7 
23 
9 
6 
28 
61 
127 
106 
121 
73 
30 
76 
141 
170 
159 
153 
144 
124 
123 
31 
94 
138 
86 
120 
132 
49 
64 
41 
51 
26 
26 
55 
76 
71 
42 
5 
37 
30 
43 
91 
77 
64 
34 
22 
39 
93 
116 
81 
23 
43 
76 
76 
60 
28 
27 
2 
14 
3 
6 
18 
18 
7 
51 
51 
32 
3 
9 
16 
3 
6 
4 
23 
37 
39 
42 
40 
4 
40 
89 
120 
98 
54 
66 
78 
51 
66 
81 
68 
55 
30 
6 
15 
1 
47 
32 
40 
71 
14 
42 
23 
15 
43 
29 
62 
73 
40 
12 
19 
22 
29 
38 
1 
8 
47 
31 
36 
37 
23 
64 
56 
22 
33 
44 
49 
45 
52 
32 
2 
43 
44 
35 
42 
62 
65 
20 
40 
20 
11 
31 
29 
50 
46 
6 
46 
96 
91 
76 
68 
45 
11 
9 
42 
33 
22 
22 
11 
1 
23 
44 
36 
39 
28 
23 
16 
17 
26 
3 
19 
28 
39 
3 
32 
37 
18 
45 
42 
14 
21 
53 
81 
99 
82 
68 
29 
14 
22 
16 
15 
47 
83 
67 
38 
12 
4 
61 
46 
25 
34 
55 
32 
15 
35 
36 
39 
29 
38 
58 
49 
29 
69 
72 
78 
69 
69 
53 
42 
33 
16 
7 
19 
14 
17 
38 
25 
8 
8 
7 
36 
51 
52 
28 
31 
24 
0 
42 
30 
14 
21 
38 
29 
13 
35 
49 
56 
66 
14 
12 
29 
34 
81 
92 
64 
63 
38 
25 
16 
9 
26 
24 
12 
51 
63 
15 
5 
20 
3 
28 
37 
49 
35 
15 
11 
32 
52 
48 
69 
100 
60 
79 
101 
94 
66 
58 
33 
6 
27 
42 
26 
15 
1 
9 
37 
56 
66 
57 
32 
23 
38 
25 
15 
4 
5 
3 
14 
25 
22 
9 
9 
13 
22 
27 
16 
45 
55 
47 
51 
31 
7 
11 
7 
15 
11 
8 
2 
8 
9 
3 
0 
18 
13 
52 
39 
38 
33 
35 
8 
23 
19 
82 
20 
14 
1 
6 
37 
50 
29 
12 
1 
5 
10 
0 
26 
45 
31 
44 
48 
15 
28 
8 
32 
28 
33 
43 
8 
7 
6 
4 
8 
19 
16 
0 
42 
16 
0 
12 
31 
6 
6 
11 
74 
74 
29 
21 
18 
5 
6 
1 
19 
38 
18 
20 
21 
13 
0 
8 
19 
0 
12 
4 
19 
12 
8 
11 
2 
9 
20 
16 
20 
42 
20 
2 
9 
37 
33 
22 
27 
20 
0 
7 
5 
3 
19 
0 
0 
0 
1 
2 
38 
65 
64 
52 
39 
21 
5 
10 
22 
16 
28 
16 
11 
23 
19 
22 
44 
11 
31 
64 
37 
15 
24 
20 
25 
35 
24 
0 
38 
44 
12 
29 
36 
24 
13 
27 
12 
0 
1 
4 
11 
20 
11 
50 
77 
5 
43 
35 
20 
36 
21 
38 
46 
54 
73 
72 
36 
15 
16 
10 
7 
4 
6 
12 
3 
17 
11 
22 
29 
43 
36 
8 
5 
8 
4 
4 
4 
2 
16 
29 
22 
2 
13 
15 
41 
64 
13 
29 
20 
10 
10 
11 
13 
22 
30 
1 
5 
6 
10 
13 
1 
12 
44 
44 
30 
6 
9 
32 
30 
33 
49 
36 
10 
1 
5 
22 
25 
27 
1 
3 
13 
35 
58 
14 
36 
17 
5 
6 
1 
14 
8 
20 
16 
22 
18 
34 
33 
25 
0 
2 
21 
18 
1 
9 
28 
7 
14 
8 
9 
16 
32 
32 
30 
27 
36 
51 
28 
23 
8 
16 
5 
4 
0 
0 
1 
23 
24 
48 
49 
53 
57 
39 
22 
18 
4 
11 
5 
48 
50 
30 
12 
16 
40 
47 
31 
32 
36 
12 
16 
16 
15 
11 
22 
40 
55 
13 
17 
28 
33 
34 
33 
30 
31 
4 
9 
9 
1 
1 
16 
30 
2 
22 
35 
25 
2 
14 
18 
5 
45 
69 
50 
61 
46 
46 
11 
29 
26 
32 
28 
30 
2 
17 
4 
8 
18 
61 
60 
5 
22 
22 
27 
16 
22 
37 
54 
45 
8 
23 
31 
16 
0 
9 
10 
25 
15 
16 
17 
6 
2 
17 
14 
0 
31 
17 
18 
24 
36 
52 
50 
34 
41 
34 
29 
7 
4 
12 
1 
16 
13 
14 
5 
5 
12 
15 
20 
31 
44 
51 
36 
22 
34 
22 
8 
10 
18 
18 
0 
9 
2 
28 
40 
19 
40 
42 
22 
26 
26 
26 
20 
0 
4 
2 
14 
10 
6 
17 
15 
23 
28 
18 
24 
9 
19 
14 
2 
12 
8 
4 
40 
64 
6 
41 
38 
81 
32 
54 
42 
20 
11 
16 
8 
1 
7 
52 
34 
2 
7 
10 
13 
14 
15 
16 
21 
25 
27 
8 
2 
19 
4 
23 
26 
5 
1 
10 
2 
9 
22 
33 
32 
40 
7 
12 
16 
19 
31 
0 
19 
3 
8 
0 
6 
1 
12 
25 
37 
34 
5 
2 
29 
28 
8 
5 
0 
7 
0 
15 
1 
1 
10 
7 
24 
35 
40 
27 
24 
19 
28 
17 
3 
7 
14 
15 
23 
17 
0 
17 
24 
26 
31 
32 
34 
29 
23 
8 
17 
8 
11 
8 
3 
7 
12 
7 
8 
13 
25 
48 
56 
59 
23 
3 
4 
4 
4 
92 
63 
55 
29 
25 
17 
21 
53 
62 
54 
41 
49 
44 
31 
4 
6 
32 
7 
17 
9 
18 
9 
6 
14 
0 
20 
32 
50 
38 
31 
16 
2 
21 
46 
5 
41 
2 
6 
1 
3 
10 
1 
25 
36 
30 
13 
8 
7 
8 
7 
0 
1 
9 
10 
9 
17 
12 
14 
33 
29 
22 
29 
40 
28 
11 
8 
7 
3 
2 
10 
8 
7 
5 
13 
18 
9 
16 
22 
17 
25 
26 
9 
24 
12 
4 
9 
22 
9 
2 
2 
8 
2 
25 
45 
53 
34 
15 
4 
39 
56 
31 
43 
47 
50 
63 
21 
22 
46 
46 
57 
49 
35 
40 
20 
9 
28 
51 
44 
11 
8 
74 
54 
27 
16 
5 
5 
24 
31 
28 
19 
8 
11 
2 
4 
2 
26 
25 
2 
0 
10 
34 
45 
53 
29 
14 
0 
16 
31 
24 
3 
3 
12 
15 
22 
14 
15 
6 
30 
41 
33 
36 
18 
31 
24 
5 
6 
2 
9 
6 
5 
10 
5 
5 
5 
5 
28 
58 
43 
32 
1 
2 
13 
22 
13 
20 
19 
9 
21 
9 
36 
34 
41 
42 
9 
28 
28 
25 
19 
12 
0 
9 
0 
10 
12 
11 
12 
11 
13 
45 
54 
41 
7 
0 
4 
8 
9 
3 
24 
12 
1 
17 
54 
11 
22 
42 
61 
65 
44 
8 
6 
19 
11 
11 
0 
0 
11 
40 
7 
6 
13 
25 
32 
58 
63 
20 
7 
0 
5 
6 
1 
12 
19 
10 
10 
7 
6 
25 
37 
32 
26 
11 
12 
22 
21 
10 
3 
12 
50 
41 
34 
25 
3 
3 
6 
15 
0 
11 
28 
16 
18 
26 
20 
9 
13 
0 
8 
0 
13 
38 
21 
12 
9 
17 
22 
22 
25 
26 
37 
23 
12 
11 
5 
27 
20 
16 
0 
13 
27 
36 
28 
18 
20 
21 
31 
30 
1 
3 
8 
4 
8 
16 
23 
3 
2 
11 
7 
12 
39 
40 
29 
13 
15 
11 
11 
0 
11 
1 
9 
35 
20 
0 
2 
5 
11 
12 
9 
11 
12 
9 
7 
8 
16 
4 
6 
3 
4 
3 
0 
12 
50 
41 
32 
4 
0 
22 
21 
0 
25 
14 
16 
4 
7 
16 
14 
24 
55 
58 
41 
3 
11 
11 
4 
13 
0 
0 
15 
22 
21 
6 
0 
14 
10 
26 
33 
35 
16 
32 
40 
37 
19 
16 
2 
9 
8 
35 
22 
2 
12 
30 
39 
32 
34 
17 
11 
0 
8 
1 
13 
4 
0 
8 
31 
1 
13 
16 
24 
38 
47 
48 
36 
16 
4 
3 
10 
11 
19 
18 
9 
30 
35 
20 
18 
17 
30 
25 
20 
20 
27 
10 
1 
16 
35 
34 
23 
13 
17 
41 
61 
69 
68 
35 
23 
9 
3 
15 
4 
20 
19 
30 
32 
28 
14 
1 
26 
44 
52 
50 
55 
44 
31 
12 
4 
12 
0 
3 
10 
17 
46 
17 
7 
18 
10 
24 
54 
49 
16 
2 
15 
0 
3 
3 
36 
7 
10 
17 
9 
3 
15 
35 
41 
20 
14 
15 
12 
10 
4 
11 
1 
5 
2 
11 
1 
17 
33 
41 
57 
60 
55 
32 
17 
8 
3 
5 
7 
15 
20 
23 
8 
28 
1 
22 
41 
64 
52 
37 
15 
4 
11 
6 
19 
27 
40 
19 
9 
10 
6 
1 
29 
37 
45 
53 
48 
43 
40 
24 
13 
0 
0 
15 
19 
22 
2 
29 
26 
21 
40 
27 
70 
45 
5 
20 
3 
15 
8 
7 
19 
31 
16 
3 
5 
9 
8 
14 
21 
13 
26 
13 
30 
41 
24 
4 
27 
30 
13 
4 
11 
26 
14 
18 
23 
16 
5 
22 
17 
23 
36 
1 
0 
7 
19 
10 
6 
10 
21 
17 
28 
33 
37 
46 
25 
7 
6 
9 
0 
11 
15 
24 
3 
6 
23 
28 
30 
37 
33 
30 
13 
14 
2 
4 
0 
2 
7 
0 
2 
6 
25 
42 
59 
52 
36 
25 
21 
13 
5 
8 
12 
23 
19 
16 
19 
4 
7 
7 
20 
43 
48 
35 
36 
40 
28 
17 
29 
17 
9 
10 
14 
18 
16 
12 
19 
10 
12 
51 
44 
21 
0 
4 
27 
12 
4 
9 
18 
4 
3 
4 
19 
22 
17 
32 
44 
50 
39 
56 
31 
11 
12 
17 
10 
2 
45 
12 
20 
4 
4 
4 
37 
49 
43 
32 
13 
0 
4 
4 
2 
8 
15 
32 
31 
2 
21 
27 
33 
44 
42 
33 
20 
8 
23 
20 
12 
2 
11 
0 
8 
11 
9 
4 
13 
20 
34 
31 
20 
31 
32 
25 
7 
3 
4 
5 
3 
11 
14 
2 
8 
24 
46 
23 
44 
41 
27 
3 
12 
16 
4 
2 
16 
25 
18 
13 
9 
33 
50 
55 
34 
25 
11 
0 
4 
25 
15 
4 
15 
11 
10 
11 
11 
13 
33 
50 
57 
39 
24 
2 
7 
21 
11 
15 
19 
24 
35 
42 
8 
19 
73 
48 
36 
45 
41 
24 
20 
6 
2 
0 
4 
11 
15 
10 
7 
1 
3 
2 
20 
28 
24 
24 
10 
13 
13 
8 
0 
8 
15 
24 
16 
21 
14 
21 
46 
33 
34 
41 
34 
9 
0 
3 
14 
27 
39 
56 
31 
5 
9 
37 
41 
58 
49 
56 
44 
33 
29 
27 
23 
0 
4 
16 
9 
16 
23 
11 
2 
2 
1 
10 
57 
39 
20 
12 
8 
15 
0 
21 
11 
12 
8 
4 
8 
15 
42 
41 
35 
16 
12 
1 
8 
3 
0 
10 
15 
15 
8 
11 
4 
4 
45 
49 
38 
25 
34 
21 
2 
2 
13 
1 
27 
8 
2 
0 
8 
19 
20 
11 
12 
21 
26 
13 
19 
20 
12 
9 
4 
11 
11 
0 
0 
0 
0 
18 
17 
24 
42 
31 
16 
15 
12 
1 
1 
2 
6 
1 
2 
6 
7 
12 
23 
24 
34 
25 
26 
17 
10 
3 
0 
0 
2 
1 
3 
11 
12 
3 
5 
2 
29 
63 
56 
39 
30 
21 
0 
9 
6 
2 
2 
6 
1 
5 
23 
36 
22 
25 
34 
2 
0 
11 
2 
14 
37 
52 
20 
0 
19 
31 
24 
0 
10 
23 
40 
42 
17 
19 
16 
13 
4 
16 
39 
28 
2 
19 
7 
4 
12 
11 
18 
29 
27 
28 
36 
9 
7 
7 
3 
6 
8 
5 
14 
10 
9 
2 
25 
25 
28 
30 
23 
8 
11 
0 
0 
11 
1 
17 
22 
16 
10 
8 
28 
44 
54 
41 
42 
25 
55 
56 
34 
12 
6 
14 
20 
21 
10 
5 
2 
22 
37 
46 
37 
23 
8 
1 
4 
5 
10 
1 
6 
21 
30 
11 
16 
28 
46 
50 
43 
28 
29 
21 
11 
8 
5 
7 
7 
3 
3 
11 
0 
16 
25 
21 
14 
39 
36 
25 
8 
3 
12 
7 
10 
26 
27 
14 
29 
11 
5 
4 
22 
41 
45 
22 
5 
10 
17 
27 
16 
1 
13 
1 
10 
1 
9 
14 
17 
25 
20 
18 
9 
38 
61 
36 
16 
4 
14 
33 
38 
47 
33 
1 
21 
31 
52 
56 
80 
61 
49 
17 
1 
4 
7 
19 
18 
13 
2 
1 
3 
4 
10 
27 
32 
26 
21 
10 
13 
2 
5 
29 
30 
11 
9 
9 
37 
48 
47 
48 
47 
38 
25 
7 
1 
2 
4 
11 
10 
8 
4 
1 
6 
11 
0 
0 
14 
21 
37 
24 
23 
4 
1 
2 
4 
11 
21 
26 
8 
3 
3 
15 
39 
55 
37 
28 
18 
15 
16 
17 
5 
2 
3 
11 
21 
9 
1 
5 
18 
34 
46 
43 
64 
59 
42 
28 
5 
8 
15 
27 
38 
46 
37 
3 
15 
31 
45 
32 
50 
43 
34 
13 
0 
8 
3 
3 
16 
11 
13 
21 
46 
37 
46 
37 
39 
27 
20 
4 
20 
22 
1 
21 
17 
3 
14 
13 
18 
11 
19 
24 
0 
12 
39 
20 
1 
5 
12 
13 
1 
27 
33 
21 
2 
21 
23 
37 
56 
62 
43 
50 
29 
43 
44 
24 
12 
0 
25 
17 
7 
9 
7 
28 
24 
37 
29 
17 
11 
3 
8 
8 
7 
7 
23 
26 
24 
29 
31 
40 
49 
61 
71 
56 
30 
34 
12 
8 
0 
4 
16 
28 
32 
25 
34 
1 
9 
20 
33 
37 
30 
25 
20 
12 
3 
24 
20 
8 
9 
0 
19 
10 
0 
1 
3 
26 
25 
12 
17 
25 
23 
16 
11 
14 
14 
0 
22 
25 
35 
32 
19 
8 
0 
29 
16 
32 
47 
24 
15 
10 
5 
12 
31 
46 
17 
17 
29 
34 
31 
52 
43 
40 
28 
25 
4 
0 
14 
13 
26 
33 
30 
18 
3 
29 
48 
83 
76 
57 
41 
33 
19 
14 
1 
3 
19 
19 
15 
14 
4 
0 
25 
29 
26 
21 
14 
13 
8 
3 
0 
1 
10 
20 
23 
17 
10 
17 
27 
39 
41 
36 
38 
21 
14 
21 
23 
24 
22 
20 
1 
6 
3 
2 
5 
18 
21 
11 
40 
55 
14 
6 
5 
16 
13 
10 
23 
11 
8 
0 
15 
24 
46 
61 
62 
29 
39 
35 
39 
35 
11 
6 
1 
14 
36 
31 
23 
16 
8 
29 
17 
8 
14 
9 
14 
11 
22 
17 
12 
7 
24 
27 
10 
9 
36 
32 
26 
34 
31 
32 
26 
13 
28 
12 
2 
3 
19 
4 
15 
21 
10 
10 
2 
14 
2 
3 
17 
38 
49 
49 
30 
29 
35 
28 
18 
20 
9 
27 
20 
21 
30 
1 
14 
29 
12 
11 
64 
25 
1 
14 
17 
6 
10 
14 
17 
13 
8 
26 
22 
1 
23 
17 
3 
13 
13 
18 
10 
16 
26 
21 
36 
43 
60 
63 
64 
68 
34 
32 
16 
3 
12 
24 
32 
37 
26 
13 
30 
19 
2 
22 
33 
41 
40 
34 
9 
10 
6 
28 
32 
26 
14 
33 
22 
11 
33 
28 
