1 
0 
16 
27 
6 
2 
32 
23 
19 
26 
0 
2 
3 
5 
3 
0 
19 
54 
64 
51 
21 
14 
6 
3 
7 
12 
3 
0 
10 
16 
1 
14 
20 
17 
22 
17 
42 
67 
33 
1 
18 
1 
1 
28 
19 
20 
7 
7 
23 
1 
0 
23 
34 
31 
35 
20 
13 
6 
7 
4 
3 
11 
7 
2 
2 
8 
5 
26 
28 
11 
31 
36 
29 
18 
0 
24 
18 
1 
33 
53 
103 
142 
79 
23 
18 
57 
66 
82 
101 
68 
35 
8 
36 
32 
83 
76 
56 
29 
7 
12 
6 
15 
34 
30 
20 
11 
16 
7 
0 
7 
7 
8 
5 
15 
22 
26 
43 
43 
34 
30 
23 
13 
1 
11 
12 
18 
5 
7 
4 
7 
6 
12 
27 
27 
30 
40 
35 
49 
72 
74 
25 
3 
43 
55 
57 
60 
47 
36 
5 
22 
38 
48 
36 
24 
15 
31 
31 
35 
33 
3 
13 
17 
18 
24 
12 
5 
22 
16 
19 
5 
2 
14 
13 
0 
11 
26 
38 
28 
15 
19 
39 
72 
83 
81 
41 
7 
36 
79 
109 
101 
65 
20 
15 
36 
56 
45 
40 
32 
41 
15 
24 
44 
47 
31 
24 
3 
3 
8 
11 
12 
7 
0 
14 
16 
15 
10 
33 
50 
49 
30 
18 
12 
10 
4 
10 
33 
12 
1 
19 
3 
18 
36 
55 
28 
3 
10 
2 
6 
5 
8 
12 
7 
4 
16 
17 
8 
1 
13 
13 
33 
45 
51 
42 
19 
7 
7 
2 
22 
4 
0 
7 
3 
5 
3 
4 
2 
19 
34 
48 
39 
32 
19 
5 
2 
0 
7 
28 
15 
39 
28 
15 
0 
16 
18 
9 
12 
12 
35 
25 
22 
16 
11 
0 
3 
0 
2 
3 
26 
38 
32 
49 
66 
35 
29 
9 
9 
25 
29 
21 
2 
7 
14 
17 
12 
15 
4 
33 
27 
7 
19 
36 
28 
8 
8 
13 
27 
28 
17 
19 
18 
20 
29 
47 
70 
57 
38 
19 
7 
4 
16 
16 
8 
10 
9 
14 
13 
4 
7 
34 
28 
25 
30 
33 
30 
29 
12 
7 
2 
30 
9 
6 
5 
1 
14 
13 
12 
3 
28 
55 
45 
32 
26 
0 
10 
31 
32 
17 
3 
8 
4 
0 
20 
40 
43 
53 
42 
17 
2 
3 
5 
2 
2 
2 
7 
0 
2 
8 
21 
26 
12 
9 
14 
1 
1 
8 
23 
26 
19 
27 
22 
8 
11 
1 
8 
16 
15 
14 
6 
28 
53 
66 
49 
20 
4 
18 
29 
27 
12 
10 
10 
7 
50 
90 
84 
39 
6 
17 
29 
28 
35 
24 
1 
12 
26 
22 
10 
30 
30 
14 
30 
38 
52 
35 
24 
7 
10 
9 
18 
21 
16 
6 
0 
10 
18 
14 
22 
48 
48 
39 
22 
27 
38 
22 
6 
27 
28 
19 
8 
12 
1 
10 
22 
36 
36 
45 
42 
37 
30 
17 
4 
4 
10 
9 
23 
31 
16 
7 
6 
1 
4 
6 
26 
17 
1 
2 
1 
4 
6 
5 
11 
4 
19 
31 
35 
25 
27 
34 
36 
27 
2 
9 
18 
9 
10 
26 
36 
35 
27 
0 
22 
33 
27 
12 
17 
35 
34 
51 
55 
48 
35 
2 
9 
24 
16 
17 
19 
8 
7 
9 
23 
26 
40 
53 
50 
33 
10 
0 
4 
12 
15 
28 
0 
2 
6 
4 
24 
39 
51 
46 
41 
50 
54 
47 
19 
14 
34 
50 
47 
40 
35 
0 
15 
22 
40 
27 
31 
42 
40 
23 
1 
0 
13 
15 
6 
8 
11 
15 
18 
17 
18 
47 
53 
30 
10 
10 
18 
5 
0 
4 
16 
7 
52 
39 
36 
7 
5 
5 
3 
2 
5 
10 
35 
42 
38 
25 
16 
8 
23 
36 
43 
32 
0 
7 
18 
26 
40 
55 
59 
40 
11 
4 
7 
8 
2 
13 
7 
7 
35 
16 
2 
22 
21 
22 
11 
8 
3 
0 
15 
32 
21 
22 
4 
8 
27 
40 
25 
24 
51 
63 
72 
59 
37 
2 
2 
1 
10 
7 
4 
27 
44 
41 
27 
4 
32 
80 
83 
67 
44 
11 
18 
33 
28 
12 
10 
38 
40 
35 
35 
20 
7 
6 
5 
11 
13 
20 
19 
1 
10 
5 
2 
3 
6 
1 
8 
15 
19 
32 
29 
30 
19 
13 
22 
23 
13 
7 
24 
23 
4 
3 
6 
4 
15 
23 
28 
25 
34 
41 
50 
38 
11 
13 
18 
6 
13 
36 
38 
21 
6 
10 
2 
6 
21 
18 
32 
43 
36 
21 
10 
0 
8 
2 
19 
15 
9 
3 
4 
2 
20 
35 
28 
27 
25 
26 
19 
8 
3 
3 
8 
19 
16 
8 
5 
8 
71 
71 
48 
39 
1 
21 
29 
26 
13 
4 
23 
21 
27 
22 
20 
6 
6 
28 
47 
58 
46 
19 
2 
10 
5 
13 
18 
1 
7 
15 
20 
6 
6 
1 
14 
13 
10 
27 
28 
27 
28 
11 
6 
3 
24 
40 
32 
0 
3 
19 
28 
24 
35 
47 
42 
33 
6 
3 
3 
0 
13 
18 
24 
33 
54 
49 
22 
10 
1 
21 
25 
33 
25 
5 
1 
18 
12 
4 
5 
6 
1 
45 
53 
47 
42 
33 
6 
2 
16 
15 
6 
5 
0 
6 
6 
17 
20 
20 
5 
18 
36 
45 
58 
54 
46 
13 
0 
4 
1 
2 
4 
4 
7 
2 
5 
4 
17 
34 
33 
32 
31 
17 
14 
30 
17 
0 
3 
6 
10 
6 
11 
8 
17 
6 
9 
16 
27 
33 
50 
43 
1 
5 
18 
21 
19 
16 
8 
5 
39 
54 
48 
39 
14 
10 
11 
2 
3 
0 
12 
11 
4 
1 
26 
20 
19 
14 
9 
50 
50 
19 
4 
28 
38 
37 
25 
3 
19 
43 
51 
43 
39 
22 
1 
1 
2 
6 
21 
22 
14 
7 
6 
5 
6 
14 
8 
0 
5 
7 
7 
27 
19 
14 
3 
0 
2 
5 
19 
15 
12 
10 
6 
8 
13 
17 
47 
43 
47 
43 
30 
5 
17 
6 
17 
28 
10 
2 
2 
0 
23 
28 
24 
17 
13 
7 
19 
23 
11 
21 
15 
6 
18 
2 
1 
4 
25 
21 
3 
8 
16 
7 
28 
36 
27 
23 
14 
0 
0 
11 
42 
34 
14 
3 
7 
16 
16 
6 
5 
21 
43 
46 
38 
27 
19 
4 
4 
1 
0 
2 
6 
20 
20 
7 
8 
2 
40 
75 
63 
25 
14 
5 
30 
31 
44 
28 
11 
13 
33 
31 
35 
31 
17 
7 
1 
4 
9 
7 
5 
1 
6 
12 
21 
27 
28 
34 
42 
34 
12 
0 
23 
26 
10 
2 
12 
7 
8 
3 
0 
6 
18 
16 
3 
7 
2 
16 
23 
26 
25 
26 
17 
14 
9 
14 
28 
27 
18 
14 
25 
24 
7 
28 
23 
8 
3 
17 
22 
19 
0 
12 
0 
3 
3 
1 
6 
5 
13 
15 
14 
22 
28 
32 
19 
18 
8 
3 
6 
4 
4 
19 
25 
31 
16 
5 
18 
18 
30 
1 
1 
9 
2 
3 
3 
10 
8 
8 
39 
43 
51 
31 
18 
5 
5 
4 
21 
37 
12 
19 
16 
7 
34 
38 
24 
5 
25 
27 
47 
31 
23 
23 
24 
23 
2 
2 
14 
7 
7 
6 
15 
3 
10 
4 
4 
3 
46 
44 
43 
34 
10 
8 
14 
7 
8 
4 
11 
9 
19 
22 
28 
28 
17 
5 
4 
3 
7 
3 
8 
0 
10 
8 
19 
21 
9 
13 
15 
18 
1 
7 
3 
15 
43 
22 
35 
27 
10 
1 
4 
8 
10 
12 
19 
23 
18 
20 
9 
18 
13 
22 
19 
6 
26 
23 
5 
1 
2 
5 
15 
11 
5 
18 
5 
3 
11 
26 
29 
18 
2 
10 
0 
0 
6 
18 
28 
28 
24 
31 
35 
46 
25 
30 
43 
47 
41 
16 
33 
58 
72 
70 
55 
32 
3 
27 
36 
52 
50 
62 
50 
40 
17 
26 
21 
8 
3 
3 
4 
3 
3 
8 
1 
6 
16 
23 
18 
38 
35 
25 
26 
14 
11 
13 
16 
31 
20 
15 
3 
3 
15 
29 
43 
54 
44 
35 
16 
11 
14 
2 
6 
13 
16 
19 
32 
25 
10 
6 
17 
14 
2 
13 
6 
5 
22 
16 
15 
18 
8 
3 
11 
19 
1 
4 
10 
52 
63 
47 
21 
2 
13 
33 
44 
39 
8 
10 
14 
14 
30 
34 
38 
54 
32 
29 
46 
33 
22 
10 
16 
12 
14 
2 
2 
5 
9 
10 
9 
18 
21 
18 
23 
13 
1 
1 
0 
6 
9 
8 
0 
3 
1 
1 
0 
9 
17 
27 
58 
64 
33 
28 
7 
6 
25 
17 
5 
14 
15 
3 
0 
3 
14 
19 
7 
1 
1 
18 
24 
35 
20 
23 
20 
9 
10 
7 
8 
3 
2 
24 
31 
38 
73 
70 
82 
35 
11 
54 
74 
93 
96 
67 
36 
3 
44 
75 
88 
86 
66 
58 
40 
21 
18 
11 
1 
13 
18 
9 
14 
13 
7 
0 
2 
19 
23 
36 
35 
34 
38 
55 
29 
5 
5 
13 
20 
27 
20 
7 
7 
55 
70 
57 
54 
32 
4 
5 
13 
37 
37 
41 
32 
24 
5 
6 
12 
33 
41 
37 
57 
71 
62 
41 
14 
9 
24 
33 
17 
11 
0 
14 
16 
17 
30 
40 
35 
21 
14 
24 
22 
15 
11 
5 
2 
1 
0 
11 
0 
4 
10 
1 
8 
31 
50 
65 
62 
36 
8 
3 
17 
36 
28 
11 
3 
8 
0 
1 
0 
7 
22 
28 
39 
36 
27 
20 
19 
8 
3 
2 
0 
3 
10 
19 
19 
54 
42 
19 
5 
6 
14 
30 
30 
11 
7 
22 
16 
11 
19 
18 
12 
0 
8 
19 
26 
31 
31 
38 
34 
17 
7 
12 
3 
15 
16 
13 
10 
5 
2 
5 
14 
35 
14 
14 
11 
1 
7 
4 
3 
3 
1 
16 
44 
41 
34 
38 
22 
11 
1 
5 
1 
1 
8 
18 
19 
8 
7 
6 
2 
12 
10 
34 
30 
44 
43 
39 
20 
15 
9 
12 
3 
2 
1 
8 
23 
36 
31 
22 
26 
11 
1 
1 
2 
25 
17 
1 
0 
0 
11 
14 
16 
12 
15 
3 
0 
25 
51 
46 
37 
24 
3 
11 
9 
1 
5 
14 
17 
18 
18 
0 
8 
8 
9 
16 
31 
27 
32 
13 
14 
8 
12 
6 
1 
9 
17 
3 
4 
0 
28 
34 
30 
28 
23 
23 
16 
9 
1 
0 
7 
10 
8 
7 
7 
23 
22 
20 
19 
50 
57 
42 
30 
14 
11 
27 
33 
46 
29 
12 
3 
17 
41 
37 
51 
46 
40 
39 
61 
45 
9 
14 
42 
61 
53 
40 
16 
1 
1 
10 
12 
25 
41 
45 
47 
46 
32 
33 
54 
31 
11 
15 
36 
43 
28 
12 
6 
24 
27 
27 
30 
25 
14 
1 
2 
0 
23 
42 
36 
24 
15 
0 
15 
24 
8 
1 
0 
0 
4 
0 
3 
3 
32 
31 
27 
27 
30 
31 
31 
22 
50 
49 
41 
34 
22 
17 
5 
3 
8 
8 
7 
5 
0 
3 
2 
24 
27 
21 
14 
14 
38 
26 
6 
24 
28 
12 
2 
1 
17 
22 
31 
27 
12 
15 
2 
14 
21 
18 
18 
27 
29 
9 
5 
1 
5 
4 
0 
7 
12 
3 
5 
30 
29 
42 
31 
27 
41 
17 
5 
1 
13 
5 
10 
19 
4 
5 
78 
73 
54 
22 
22 
9 
10 
35 
53 
54 
39 
16 
7 
7 
16 
32 
30 
28 
45 
75 
78 
61 
40 
4 
3 
15 
17 
36 
30 
31 
24 
3 
19 
23 
26 
32 
43 
50 
63 
54 
22 
11 
37 
44 
38 
13 
0 
11 
19 
35 
46 
44 
63 
50 
36 
28 
20 
10 
9 
18 
20 
28 
42 
35 
8 
0 
8 
15 
30 
48 
49 
34 
17 
22 
17 
18 
7 
3 
3 
4 
11 
20 
31 
28 
15 
17 
17 
5 
9 
21 
5 
1 
0 
0 
7 
18 
12 
7 
0 
2 
9 
19 
18 
28 
35 
47 
50 
42 
17 
13 
21 
44 
39 
24 
12 
6 
24 
20 
28 
31 
47 
32 
27 
32 
31 
28 
15 
0 
4 
19 
16 
13 
11 
16 
29 
30 
20 
3 
20 
29 
30 
19 
4 
23 
38 
29 
14 
14 
33 
40 
32 
21 
0 
27 
59 
58 
39 
15 
4 
8 
3 
8 
0 
7 
23 
21 
19 
14 
24 
29 
30 
41 
58 
39 
23 
4 
14 
26 
31 
20 
19 
12 
10 
12 
15 
27 
38 
49 
30 
17 
10 
0 
3 
12 
5 
0 
8 
1 
5 
23 
34 
48 
45 
34 
25 
26 
2 
16 
30 
23 
12 
7 
3 
15 
17 
17 
21 
23 
14 
16 
27 
43 
44 
19 
9 
2 
3 
12 
15 
8 
7 
3 
5 
14 
25 
28 
15 
5 
1 
1 
5 
18 
13 
3 
15 
30 
42 
26 
12 
8 
4 
1 
8 
9 
10 
13 
18 
21 
6 
7 
3 
2 
12 
12 
7 
15 
15 
23 
18 
39 
51 
41 
46 
26 
1 
25 
37 
29 
20 
0 
1 
14 
20 
23 
39 
40 
39 
26 
14 
9 
9 
3 
12 
18 
1 
4 
1 
3 
2 
16 
27 
39 
38 
41 
54 
64 
28 
7 
17 
17 
17 
25 
25 
6 
8 
19 
20 
9 
2 
9 
6 
6 
2 
9 
14 
20 
23 
31 
22 
16 
11 
12 
9 
4 
23 
19 
28 
21 
22 
30 
27 
2 
21 
29 
8 
15 
18 
48 
49 
38 
21 
18 
3 
9 
10 
17 
9 
1 
0 
18 
30 
24 
4 
17 
4 
5 
11 
14 
16 
27 
51 
50 
38 
29 
6 
13 
12 
26 
21 
12 
4 
2 
8 
12 
21 
38 
36 
39 
30 
30 
27 
25 
6 
2 
7 
17 
6 
8 
15 
8 
6 
1 
8 
27 
37 
50 
47 
31 
2 
17 
13 
3 
16 
1 
10 
21 
38 
9 
1 
4 
6 
18 
6 
23 
9 
4 
8 
0 
12 
2 
8 
15 
27 
26 
36 
29 
38 
33 
22 
12 
12 
2 
0 
16 
26 
29 
10 
6 
16 
7 
23 
36 
45 
64 
51 
31 
1 
26 
34 
29 
13 
4 
4 
1 
8 
7 
11 
1 
23 
50 
44 
47 
32 
31 
37 
22 
2 
21 
12 
0 
3 
12 
0 
0 
7 
16 
15 
9 
14 
27 
30 
30 
15 
8 
7 
12 
3 
3 
3 
8 
11 
10 
10 
7 
5 
1 
4 
11 
28 
11 
20 
28 
36 
32 
30 
18 
18 
10 
12 
23 
31 
16 
19 
2 
18 
9 
4 
4 
5 
3 
23 
20 
21 
18 
17 
10 
37 
38 
24 
8 
3 
9 
3 
13 
14 
2 
26 
29 
27 
24 
17 
5 
10 
34 
46 
60 
56 
47 
47 
40 
19 
1 
26 
25 
20 
16 
15 
16 
0 
18 
40 
39 
42 
41 
28 
15 
2 
5 
7 
0 
1 
0 
3 
7 
14 
32 
31 
30 
23 
16 
11 
9 
5 
6 
2 
16 
15 
15 
16 
13 
22 
14 
10 
2 
1 
4 
14 
1 
0 
11 
18 
18 
30 
24 
28 
20 
11 
27 
28 
39 
26 
4 
1 
12 
20 
26 
13 
3 
19 
42 
44 
19 
15 
14 
11 
15 
10 
10 
17 
42 
34 
7 
16 
25 
9 
4 
16 
25 
15 
3 
31 
33 
35 
58 
69 
62 
35 
19 
13 
1 
30 
57 
53 
39 
24 
5 
6 
30 
30 
60 
67 
51 
40 
19 
6 
5 
14 
1 
8 
7 
26 
23 
23 
12 
15 
18 
14 
21 
6 
10 
34 
23 
1 
9 
1 
6 
25 
31 
32 
34 
22 
7 
35 
59 
75 
65 
46 
20 
7 
1 
6 
3 
8 
14 
12 
7 
3 
10 
14 
37 
42 
41 
18 
8 
6 
7 
10 
2 
0 
19 
20 
31 
36 
11 
14 
9 
13 
11 
1 
6 
6 
5 
8 
3 
10 
12 
15 
23 
21 
19 
10 
11 
31 
48 
55 
45 
18 
5 
9 
21 
17 
20 
26 
13 
7 
23 
26 
17 
26 
37 
50 
39 
33 
25 
37 
37 
1 
14 
46 
55 
60 
63 
24 
7 
43 
63 
71 
67 
50 
25 
2 
12 
15 
16 
2 
8 
7 
18 
26 
19 
15 
6 
2 
16 
39 
33 
22 
12 
6 
0 
2 
6 
2 
9 
0 
3 
14 
17 
18 
26 
18 
25 
18 
14 
19 
5 
3 
0 
16 
15 
6 
5 
5 
0 
15 
16 
31 
26 
46 
43 
17 
1 
17 
9 
0 
11 
8 
7 
4 
12 
9 
0 
11 
39 
51 
46 
25 
14 
11 
3 
30 
28 
27 
23 
16 
29 
20 
3 
21 
34 
30 
18 
5 
14 
28 
24 
22 
1 
27 
35 
28 
1 
1 
8 
7 
1 
15 
35 
37 
38 
35 
9 
1 
5 
18 
25 
20 
4 
6 
20 
19 
19 
18 
20 
35 
42 
30 
15 
6 
12 
11 
1 
1 
3 
7 
32 
31 
28 
23 
13 
18 
8 
14 
7 
7 
7 
1 
6 
4 
19 
8 
2 
20 
5 
6 
8 
1 
6 
28 
43 
32 
13 
2 
0 
11 
8 
4 
18 
8 
22 
32 
28 
43 
34 
43 
13 
14 
7 
13 
4 
3 
11 
20 
5 
10 
4 
6 
1 
8 
19 
38 
21 
14 
15 
12 
19 
12 
19 
28 
15 
6 
14 
25 
26 
9 
12 
31 
38 
49 
52 
35 
5 
9 
9 
2 
6 
0 
3 
1 
15 
51 
46 
26 
11 
9 
9 
6 
17 
25 
8 
7 
7 
2 
12 
7 
23 
26 
16 
35 
47 
44 
31 
17 
18 
21 
17 
1 
30 
24 
7 
7 
1 
14 
19 
35 
33 
22 
11 
3 
5 
10 
29 
25 
11 
1 
11 
10 
10 
16 
23 
26 
18 
30 
16 
27 
36 
27 
6 
6 
1 
6 
3 
7 
8 
13 
26 
28 
27 
17 
10 
11 
0 
18 
6 
2 
18 
13 
14 
12 
11 
18 
32 
27 
19 
16 
27 
30 
8 
7 
9 
8 
6 
11 
12 
0 
3 
4 
10 
18 
42 
32 
11 
0 
1 
8 
23 
16 
1 
6 
20 
31 
33 
19 
2 
7 
16 
16 
17 
4 
28 
37 
42 
32 
27 
28 
35 
16 
0 
11 
2 
10 
0 
12 
3 
12 
43 
55 
41 
40 
30 
4 
20 
46 
41 
32 
6 
3 
4 
21 
45 
57 
35 
22 
24 
39 
30 
6 
14 
19 
12 
3 
11 
7 
18 
20 
19 
0 
2 
4 
27 
43 
66 
51 
30 
14 
1 
12 
14 
11 
32 
15 
12 
2 
7 
23 
26 
32 
35 
30 
29 
44 
35 
10 
5 
10 
5 
0 
4 
5 
11 
11 
8 
19 
18 
13 
8 
15 
10 
6 
9 
10 
3 
8 
4 
1 
4 
0 
12 
19 
47 
54 
48 
35 
9 
2 
8 
15 
16 
11 
3 
45 
47 
22 
3 
0 
0 
7 
14 
22 
25 
22 
19 
16 
7 
8 
7 
3 
16 
0 
6 
4 
8 
9 
6 
8 
31 
51 
55 
38 
35 
47 
28 
4 
39 
46 
17 
7 
1 
1 
12 
35 
34 
29 
10 
12 
11 
1 
3 
4 
8 
12 
4 
9 
1 
24 
35 
42 
44 
37 
34 
21 
8 
4 
6 
2 
7 
15 
36 
47 
42 
38 
27 
7 
7 
6 
19 
31 
31 
25 
26 
17 
1 
24 
30 
48 
49 
55 
42 
48 
51 
41 
18 
18 
18 
38 
40 
30 
27 
8 
1 
24 
11 
0 
0 
4 
0 
16 
44 
50 
94 
176 
169 
101 
33 
11 
59 
96 
105 
118 
108 
76 
79 
58 
10 
37 
81 
86 
93 
97 
82 
49 
20 
3 
18 
26 
28 
16 
11 
31 
51 
56 
43 
22 
10 
7 
29 
18 
6 
5 
12 
15 
2 
13 
0 
6 
22 
17 
6 
18 
11 
2 
1 
2 
6 
16 
4 
3 
4 
4 
0 
13 
31 
34 
56 
67 
50 
46 
12 
15 
13 
8 
18 
23 
4 
38 
42 
33 
1 
5 
15 
25 
17 
18 
14 
8 
10 
2 
8 
12 
12 
1 
3 
0 
8 
18 
36 
25 
13 
10 
10 
22 
14 
20 
17 
31 
42 
33 
19 
4 
20 
33 
29 
35 
46 
41 
50 
55 
55 
39 
2 
47 
57 
40 
46 
37 
40 
28 
1 
31 
63 
67 
48 
27 
23 
18 
7 
11 
12 
12 
3 
7 
13 
15 
42 
52 
83 
77 
45 
17 
2 
6 
29 
58 
67 
65 
57 
32 
10 
5 
23 
54 
65 
71 
60 
47 
73 
90 
117 
69 
17 
5 
42 
81 
76 
71 
51 
5 
11 
19 
26 
31 
19 
32 
47 
67 
30 
3 
28 
0 
20 
52 
5 
16 
0 
36 
56 
45 
26 
23 
13 
10 
5 
0 
29 
54 
30 
28 
58 
17 
21 
38 
10 
9 
13 
58 
74 
47 
3 
29 
41 
41 
21 
8 
24 
19 
27 
78 
76 
59 
19 
21 
40 
34 
6 
52 
58 
61 
21 
20 
20 
39 
26 
19 
43 
54 
7 
52 
2 
27 
14 
16 
0 
20 
55 
52 
35 
39 
36 
113 
82 
26 
82 
134 
67 
19 
8 
42 
107 
43 
8 
58 
51 
40 
36 
41 
34 
7 
48 
137 
159 
114 
62 
5 
31 
24 
14 
22 
31 
46 
42 
16 
5 
29 
18 
70 
17 
10 
5 
37 
41 
32 
57 
59 
16 
47 
67 
67 
49 
92 
215 
233 
176 
11 
95 
140 
88 
48 
32 
27 
21 
43 
3 
76 
95 
22 
118 
133 
111 
116 
24 
6 
28 
33 
72 
120 
160 
131 
62 
73 
1 
112 
148 
110 
70 
72 
109 
123 
108 
87 
57 
28 
71 
57 
41 
34 
18 
13 
17 
6 
17 
3 
76 
144 
182 
109 
0 
115 
147 
109 
27 
72 
47 
118 
104 
64 
52 
8 
52 
73 
106 
130 
137 
147 
124 
93 
75 
67 
32 
11 
17 
26 
18 
1 
9 
8 
1 
5 
1 
21 
61 
64 
58 
2 
103 
157 
72 
29 
151 
136 
99 
61 
28 
43 
124 
99 
81 
67 
90 
35 
47 
73 
17 
14 
54 
40 
46 
80 
45 
43 
50 
35 
14 
22 
24 
6 
30 
30 
40 
213 
282 
170 
89 
21 
68 
84 
17 
85 
13 
81 
86 
90 
51 
2 
27 
50 
1 
51 
52 
21 
25 
26 
55 
99 
61 
3 
6 
3 
27 
43 
38 
33 
33 
86 
73 
13 
42 
52 
193 
111 
7 
82 
53 
70 
61 
52 
0 
32 
68 
60 
63 
32 
15 
36 
11 
30 
59 
13 
49 
88 
95 
63 
41 
82 
14 
38 
0 
7 
27 
72 
135 
69 
72 
153 
110 
89 
14 
78 
125 
171 
230 
164 
76 
4 
20 
31 
72 
121 
53 
8 
46 
203 
354 
180 
2 
160 
260 
259 
198 
131 
56 
18 
108 
115 
123 
95 
32 
11 
40 
81 
30 
17 
17 
17 
50 
122 
197 
204 
4 
16 
2 
90 
206 
176 
70 
9 
36 
11 
102 
76 
155 
169 
89 
14 
5 
19 
8 
54 
119 
99 
101 
32 
36 
371 
311 
140 
38 
245 
313 
282 
227 
176 
92 
109 
180 
240 
174 
67 
122 
32 
29 
14 
55 
114 
30 
19 
1 
53 
55 
35 
56 
15 
72 
56 
25 
34 
21 
207 
270 
139 
8 
11 
31 
2 
23 
4 
115 
255 
217 
236 
158 
0 
72 
185 
212 
224 
84 
15 
36 
140 
141 
95 
58 
109 
41 
45 
102 
142 
89 
23 
48 
132 
108 
55 
31 
77 
53 
2 
140 
239 
263 
137 
0 
76 
195 
23 
240 
233 
16 
205 
316 
294 
276 
244 
62 
21 
74 
78 
39 
89 
153 
183 
151 
174 
111 
96 
13 
86 
163 
192 
66 
63 
81 
28 
2 
16 
147 
102 
7 
110 
152 
123 
45 
21 
63 
106 
153 
143 
96 
124 
194 
218 
364 
261 
10 
266 
442 
384 
207 
174 
184 
99 
40 
93 
129 
181 
213 
288 
145 
52 
32 
30 
14 
96 
73 
161 
125 
13 
85 
90 
3 
82 
130 
52 
89 
170 
45 
18 
45 
88 
20 
82 
153 
90 
27 
28 
11 
79 
203 
297 
293 
161 
14 
74 
158 
151 
101 
17 
109 
34 
109 
69 
36 
18 
49 
30 
10 
53 
53 
10 
3 
44 
45 
27 
0 
51 
44 
107 
58 
42 
8 
46 
53 
17 
15 
3 
27 
111 
16 
117 
10 
5 
29 
33 
97 
49 
14 
44 
26 
167 
238 
129 
135 
172 
113 
39 
32 
2 
2 
61 
115 
141 
164 
112 
106 
58 
27 
33 
66 
67 
73 
25 
58 
134 
327 
286 
127 
3 
98 
191 
120 
110 
121 
146 
79 
28 
36 
149 
103 
60 
23 
26 
10 
40 
91 
91 
7 
258 
194 
88 
96 
100 
136 
3 
45 
139 
205 
220 
104 
124 
105 
62 
10 
53 
57 
34 
156 
278 
229 
164 
202 
152 
9 
22 
70 
70 
1 
26 
55 
61 
78 
26 
38 
8 
124 
181 
195 
74 
114 
49 
12 
78 
120 
170 
171 
104 
3 
101 
88 
16 
20 
9 
25 
6 
29 
102 
85 
31 
39 
53 
83 
56 
49 
16 
67 
220 
253 
289 
120 
21 
35 
49 
82 
76 
27 
117 
270 
418 
277 
100 
63 
7 
73 
233 
186 
187 
213 
237 
108 
3 
10 
29 
117 
181 
164 
137 
162 
93 
3 
29 
132 
230 
182 
160 
178 
176 
102 
97 
89 
98 
10 
4 
85 
209 
323 
336 
199 
70 
73 
171 
252 
232 
172 
81 
62 
88 
8 
149 
256 
190 
9 
149 
315 
412 
368 
329 
237 
182 
21 
244 
364 
304 
352 
287 
197 
90 
127 
134 
62 
18 
10 
31 
123 
159 
136 
72 
31 
5 
16 
44 
29 
30 
41 
36 
56 
38 
21 
10 
58 
46 
21 
28 
12 
43 
31 
123 
113 
17 
69 
103 
85 
29 
89 
53 
8 
9 
137 
103 
55 
49 
61 
2 
79 
142 
103 
23 
67 
85 
82 
94 
83 
45 
80 
140 
133 
97 
57 
22 
92 
72 
0 
82 
27 
18 
140 
149 
90 
14 
8 
149 
241 
121 
46 
308 
421 
250 
26 
163 
323 
232 
166 
58 
74 
225 
361 
400 
374 
311 
139 
32 
203 
339 
439 
469 
403 
294 
145 
9 
117 
149 
245 
193 
74 
39 
101 
0 
56 
12 
33 
39 
46 
34 
104 
219 
205 
300 
313 
108 
81 
269 
315 
512 
638 
546 
260 
5 
216 
276 
364 
387 
317 
190 
196 
146 
16 
56 
6 
2 
23 
71 
27 
2 
137 
89 
32 
21 
30 
102 
96 
25 
108 
115 
150 
138 
136 
40 
136 
245 
219 
132 
120 
112 
36 
32 
70 
91 
92 
81 
56 
142 
240 
163 
25 
106 
209 
268 
203 
117 
37 
174 
241 
170 
103 
31 
156 
160 
107 
105 
109 
439 
450 
423 
344 
299 
299 
278 
181 
490 
429 
389 
355 
291 
232 
189 
173 
108 
70 
28 
26 
59 
141 
83 
45 
141 
167 
162 
31 
108 
50 
105 
13 
9 
32 
16 
41 
100 
88 
14 
19 
23 
154 
53 
1 
57 
288 
394 
223 
117 
120 
14 
151 
285 
252 
247 
232 
215 
201 
111 
1 
138 
167 
142 
117 
42 
44 
55 
31 
22 
5 
33 
128 
122 
58 
87 
157 
209 
295 
196 
125 
56 
129 
260 
365 
278 
135 
125 
66 
50 
196 
156 
129 
331 
418 
299 
160 
228 
350 
567 
614 
733 
593 
198 
261 
595 
662 
574 
409 
289 
188 
14 
126 
192 
315 
329 
166 
78 
12 
90 
266 
226 
212 
144 
10 
85 
82 
159 
364 
295 
158 
73 
136 
148 
241 
224 
254 
213 
99 
0 
24 
7 
26 
19 
49 
86 
39 
50 
60 
71 
230 
324 
255 
255 
13 
213 
208 
32 
38 
90 
6 
113 
83 
59 
151 
34 
10 
24 
193 
325 
351 
359 
186 
94 
54 
254 
216 
244 
601 
542 
227 
13 
192 
320 
242 
109 
65 
71 
64 
10 
3 
58 
137 
124 
36 
41 
124 
20 
14 
21 
44 
115 
282 
165 
93 
32 
74 
139 
148 
47 
68 
102 
161 
185 
41 
38 
39 
203 
176 
169 
228 
252 
107 
355 
612 
581 
342 
40 
160 
180 
2 
42 
131 
246 
295 
337 
267 
164 
121 
20 
205 
267 
282 
163 
50 
23 
52 
52 
101 
24 
23 
151 
237 
182 
206 
122 
7 
59 
45 
6 
123 
123 
88 
211 
446 
432 
290 
108 
40 
93 
139 
222 
342 
409 
418 
340 
232 
103 
12 
107 
192 
240 
254 
190 
229 
187 
84 
60 
159 
68 
106 
163 
82 
102 
17 
85 
37 
55 
76 
57 
95 
70 
49 
27 
247 
358 
307 
265 
239 
190 
16 
454 
700 
622 
485 
249 
23 
223 
236 
198 
244 
280 
261 
281 
227 
141 
53 
168 
158 
24 
79 
71 
67 
93 
191 
193 
65 
5 
13 
82 
38 
6 
137 
111 
33 
73 
0 
15 
189 
57 
9 
65 
72 
172 
185 
152 
256 
5 
162 
222 
359 
364 
373 
279 
114 
38 
18 
126 
148 
83 
106 
304 
337 
536 
225 
135 
268 
327 
341 
391 
354 
125 
274 
496 
427 
261 
173 
6 
21 
65 
230 
377 
325 
252 
144 
59 
99 
178 
75 
11 
76 
233 
242 
243 
267 
170 
67 
180 
111 
177 
182 
116 
6 
107 
160 
91 
25 
25 
6 
171 
233 
173 
27 
25 
50 
78 
52 
118 
126 
5 
29 
53 
3 
148 
168 
188 
211 
240 
238 
168 
132 
317 
460 
428 
334 
204 
182 
60 
304 
298 
241 
259 
212 
242 
165 
26 
95 
221 
208 
68 
8 
27 
8 
9 
100 
95 
158 
154 
78 
40 
25 
5 
264 
235 
162 
99 
65 
55 
19 
0 
110 
78 
105 
141 
159 
139 
137 
147 
162 
171 
118 
121 
380 
339 
287 
55 
186 
117 
42 
126 
168 
211 
153 
77 
32 
39 
100 
264 
323 
317 
447 
208 
0 
170 
291 
405 
292 
216 
183 
51 
18 
144 
171 
39 
184 
389 
297 
39 
8 
44 
2 
42 
27 
126 
207 
212 
205 
143 
153 
206 
267 
68 
224 
142 
211 
353 
624 
733 
431 
27 
405 
483 
331 
339 
289 
231 
37 
33 
26 
20 
102 
26 
98 
237 
235 
98 
46 
71 
135 
127 
38 
26 
95 
162 
287 
437 
181 
213 
245 
117 
322 
619 
805 
526 
86 
286 
392 
312 
294 
241 
275 
340 
290 
205 
181 
85 
49 
274 
522 
409 
188 
40 
158 
286 
267 
216 
151 
120 
392 
481 
99 
64 
188 
157 
150 
187 
186 
281 
363 
225 
56 
88 
162 
365 
551 
404 
151 
10 
34 
5 
26 
141 
304 
433 
424 
365 
221 
60 
117 
145 
375 
645 
965 
468 
193 
367 
441 
368 
263 
253 
231 
118 
45 
171 
102 
88 
334 
378 
355 
193 
130 
598 
678 
699 
413 
56 
146 
298 
222 
255 
264 
242 
258 
206 
138 
65 
28 
72 
104 
111 
55 
0 
29 
28 
71 
132 
161 
78 
156 
1 
240 
274 
102 
126 
113 
139 
196 
2 
341 
325 
336 
80 
96 
55 
37 
17 
1 
100 
33 
179 
133 
41 
54 
93 
328 
591 
559 
404 
33 
447 
623 
593 
421 
159 
42 
193 
42 
38 
6 
9 
167 
157 
82 
236 
407 
199 
134 
295 
391 
327 
50 
425 
549 
405 
211 
60 
164 
410 
318 
157 
135 
77 
12 
10 
42 
87 
28 
240 
315 
246 
102 
98 
97 
72 
216 
238 
130 
32 
35 
112 
149 
14 
105 
174 
141 
111 
88 
16 
25 
46 
114 
140 
122 
181 
46 
220 
288 
177 
153 
20 
134 
60 
89 
210 
238 
46 
137 
46 
55 
78 
246 
323 
241 
235 
347 
86 
126 
87 
14 
83 
23 
42 
31 
40 
170 
206 
130 
34 
125 
222 
255 
213 
28 
155 
326 
161 
82 
13 
286 
384 
222 
25 
41 
55 
17 
50 
88 
63 
122 
25 
25 
25 
15 
26 
137 
96 
29 
227 
320 
233 
0 
112 
150 
42 
81 
125 
10 
133 
24 
56 
104 
64 
21 
67 
94 
36 
81 
61 
151 
43 
67 
175 
98 
94 
116 
60 
488 
523 
227 
28 
235 
190 
196 
279 
413 
277 
15 
130 
12 
106 
58 
107 
188 
490 
485 
104 
86 
149 
151 
150 
162 
261 
274 
192 
96 
62 
86 
81 
1 
222 
365 
236 
292 
99 
54 
148 
296 
354 
281 
75 
0 
109 
86 
80 
188 
228 
258 
121 
118 
190 
225 
279 
254 
151 
80 
107 
29 
335 
405 
284 
150 
14 
203 
248 
120 
28 
254 
343 
119 
54 
165 
210 
319 
374 
388 
345 
36 
359 
519 
290 
216 
185 
93 
302 
327 
182 
93 
0 
42 
15 
157 
306 
118 
120 
136 
64 
124 
42 
9 
143 
45 
51 
32 
117 
230 
237 
177 
11 
141 
204 
164 
158 
174 
77 
74 
123 
84 
68 
20 
23 
136 
376 
742 
421 
102 
53 
154 
136 
181 
240 
270 
246 
177 
119 
140 
126 
42 
30 
34 
164 
200 
103 
60 
232 
286 
217 
115 
22 
336 
656 
555 
400 
150 
245 
394 
261 
159 
164 
56 
8 
49 
219 
284 
348 
241 
18 
383 
673 
597 
382 
221 
36 
298 
382 
385 
336 
309 
221 
37 
158 
260 
356 
248 
58 
229 
164 
3 
110 
131 
27 
107 
190 
189 
155 
67 
12 
30 
34 
27 
45 
121 
103 
73 
112 
56 
56 
7 
69 
51 
15 
64 
116 
20 
151 
249 
328 
214 
152 
508 
773 
553 
285 
11 
301 
400 
420 
393 
440 
460 
331 
194 
241 
715 
771 
500 
432 
253 
198 
234 
236 
212 
327 
373 
403 
376 
273 
71 
47 
116 
65 
104 
114 
143 
120 
239 
145 
25 
252 
203 
74 
125 
419 
330 
100 
139 
227 
182 
117 
134 
109 
33 
0 
87 
122 
22 
63 
19 
39 
26 
109 
122 
153 
41 
44 
231 
244 
174 
89 
167 
158 
152 
121 
115 
234 
209 
122 
54 
27 
23 
170 
140 
183 
333 
200 
213 
102 
173 
269 
259 
266 
270 
177 
51 
45 
141 
179 
250 
217 
95 
3 
171 
115 
47 
25 
52 
80 
85 
208 
232 
65 
498 
495 
322 
27 
251 
192 
123 
47 
39 
102 
66 
110 
192 
212 
118 
82 
36 
107 
281 
480 
302 
14 
150 
193 
172 
196 
157 
113 
42 
18 
97 
128 
184 
255 
165 
79 
358 
355 
386 
463 
158 
191 
245 
194 
190 
131 
36 
41 
32 
74 
70 
99 
61 
16 
7 
63 
165 
161 
146 
57 
194 
133 
52 
0 
33 
119 
192 
110 
12 
195 
197 
84 
52 
16 
17 
14 
81 
145 
126 
33 
26 
20 
0 
19 
63 
65 
154 
145 
65 
27 
24 
8 
177 
383 
324 
226 
37 
142 
247 
258 
188 
160 
112 
25 
20 
39 
7 
16 
26 
141 
148 
66 
38 
240 
421 
431 
119 
146 
247 
281 
211 
148 
69 
12 
96 
112 
91 
75 
18 
86 
173 
144 
20 
63 
30 
44 
15 
17 
42 
30 
78 
80 
82 
1 
40 
7 
8 
45 
20 
30 
23 
20 
97 
87 
52 
79 
17 
31 
51 
8 
1 
14 
56 
7 
51 
75 
79 
90 
104 
59 
42 
31 
41 
26 
1 
44 
70 
45 
41 
91 
40 
11 
7 
11 
11 
12 
41 
79 
96 
96 
19 
12 
7 
1 
21 
27 
38 
40 
19 
10 
1 
34 
31 
35 
81 
10 
37 
13 
21 
52 
11 
128 
180 
0 
107 
188 
94 
8 
13 
17 
7 
78 
130 
85 
32 
54 
305 
314 
123 
101 
75 
61 
23 
92 
158 
73 
47 
96 
16 
124 
130 
34 
47 
88 
70 
5 
11 
31 
51 
47 
2 
34 
73 
58 
38 
22 
13 
37 
73 
17 
66 
53 
62 
48 
28 
69 
41 
46 
61 
63 
12 
44 
88 
110 
89 
54 
31 
15 
38 
61 
56 
10 
21 
23 
47 
4 
17 
32 
49 
62 
65 
34 
34 
5 
24 
19 
44 
19 
11 
0 
7 
12 
10 
60 
27 
17 
1 
14 
48 
65 
30 
29 
28 
49 
26 
1 
41 
30 
49 
79 
0 
71 
102 
80 
31 
8 
32 
25 
16 
12 
29 
67 
44 
33 
23 
24 
13 
40 
8 
94 
113 
8 
115 
133 
134 
101 
92 
68 
93 
154 
146 
30 
29 
45 
88 
28 
59 
103 
79 
30 
27 
7 
8 
3 
3 
4 
22 
40 
15 
11 
60 
67 
66 
38 
5 
22 
135 
137 
104 
15 
49 
61 
55 
52 
44 
61 
55 
30 
8 
13 
38 
8 
0 
5 
13 
51 
24 
42 
74 
64 
43 
5 
70 
89 
61 
0 
52 
73 
50 
33 
54 
50 
46 
47 
34 
71 
20 
52 
55 
42 
27 
10 
71 
64 
31 
4 
43 
58 
66 
70 
44 
3 
49 
39 
16 
46 
26 
13 
29 
63 
78 
73 
62 
33 
21 
37 
48 
27 
0 
1 
3 
10 
10 
24 
31 
39 
36 
47 
32 
19 
24 
19 
3 
25 
92 
76 
25 
50 
58 
38 
56 
59 
99 
101 
49 
6 
80 
72 
10 
3 
19 
0 
39 
47 
54 
15 
24 
45 
55 
7 
20 
0 
31 
28 
25 
42 
52 
39 
27 
0 
13 
0 
23 
71 
56 
3 
17 
14 
22 
6 
24 
102 
45 
16 
49 
64 
52 
27 
16 
28 
36 
44 
49 
30 
9 
9 
9 
7 
17 
18 
9 
10 
11 
13 
14 
10 
18 
29 
33 
29 
23 
15 
7 
0 
4 
3 
3 
6 
17 
33 
32 
33 
36 
32 
40 
44 
44 
36 
36 
35 
39 
44 
31 
26 
22 
9 
8 
3 
2 
0 
23 
17 
18 
14 
27 
13 
10 
4 
34 
31 
27 
17 
17 
9 
6 
6 
6 
17 
29 
24 
40 
35 
7 
62 
30 
11 
18 
59 
55 
17 
35 
39 
11 
16 
11 
27 
31 
30 
59 
99 
81 
17 
1 
22 
13 
4 
23 
21 
0 
31 
27 
0 
5 
5 
1 
22 
22 
54 
45 
49 
40 
46 
15 
31 
93 
70 
25 
2 
13 
32 
27 
50 
54 
49 
12 
0 
46 
41 
46 
13 
15 
27 
34 
36 
15 
28 
31 
37 
26 
18 
1 
21 
9 
8 
3 
3 
1 
3 
27 
15 
2 
39 
51 
25 
22 
11 
1 
1 
16 
19 
2 
30 
8 
7 
4 
17 
26 
16 
27 
20 
13 
34 
43 
16 
28 
79 
24 
28 
35 
32 
17 
10 
56 
83 
86 
42 
14 
17 
18 
4 
20 
12 
31 
15 
2 
9 
1 
17 
48 
15 
10 
2 
15 
9 
14 
18 
0 
6 
27 
22 
6 
15 
29 
17 
14 
8 
12 
12 
8 
18 
19 
3 
2 
2 
1 
6 
15 
13 
30 
36 
18 
16 
20 
30 
6 
47 
45 
54 
42 
7 
15 
3 
17 
40 
22 
9 
2 
26 
37 
30 
45 
38 
43 
33 
9 
2 
1 
1 
1 
1 
0 
13 
9 
9 
22 
25 
24 
31 
27 
13 
13 
13 
6 
2 
9 
0 
2 
4 
27 
25 
2 
8 
5 
10 
42 
63 
41 
17 
17 
2 
30 
5 
17 
38 
25 
4 
21 
22 
32 
43 
40 
11 
5 
9 
5 
16 
23 
11 
30 
16 
4 
28 
20 
11 
11 
1 
3 
7 
34 
37 
34 
23 
22 
18 
4 
16 
31 
35 
15 
51 
88 
21 
28 
43 
55 
32 
35 
41 
46 
34 
23 
2 
21 
89 
66 
17 
16 
39 
47 
39 
34 
52 
47 
21 
6 
7 
2 
3 
3 
12 
0 
9 
4 
7 
6 
7 
7 
36 
37 
38 
19 
17 
26 
8 
5 
24 
33 
5 
3 
7 
4 
0 
7 
10 
40 
49 
70 
53 
30 
2 
12 
13 
1 
9 
0 
4 
7 
16 
12 
6 
26 
28 
39 
44 
15 
2 
0 
3 
8 
9 
6 
0 
15 
28 
23 
18 
22 
33 
30 
22 
11 
5 
5 
1 
12 
11 
4 
11 
0 
8 
10 
20 
27 
20 
35 
29 
24 
14 
27 
21 
9 
5 
27 
69 
88 
0 
26 
52 
52 
31 
31 
48 
39 
30 
30 
11 
14 
6 
15 
4 
3 
0 
4 
0 
3 
16 
27 
49 
50 
24 
4 
8 
3 
11 
2 
11 
1 
33 
33 
11 
23 
50 
28 
15 
36 
43 
26 
18 
3 
6 
2 
10 
15 
9 
10 
11 
2 
2 
9 
2 
5 
10 
17 
18 
7 
7 
0 
1 
6 
3 
3 
16 
13 
22 
16 
0 
2 
24 
35 
7 
16 
23 
8 
0 
1 
8 
6 
2 
6 
14 
14 
15 
42 
60 
51 
46 
46 
43 
29 
1 
5 
13 
2 
2 
1 
18 
9 
26 
45 
58 
48 
44 
42 
24 
143 
157 
119 
38 
21 
67 
88 
73 
67 
72 
52 
15 
0 
18 
9 
14 
30 
0 
30 
2 
10 
9 
2 
9 
18 
19 
14 
10 
31 
21 
14 
22 
20 
28 
20 
2 
34 
37 
12 
0 
2 
3 
15 
10 
0 
19 
32 
29 
34 
39 
30 
18 
4 
2 
2 
15 
0 
4 
12 
19 
20 
23 
14 
34 
35 
35 
35 
31 
33 
12 
27 
25 
36 
42 
17 
11 
11 
28 
39 
40 
31 
29 
26 
14 
23 
15 
17 
17 
22 
10 
2 
9 
19 
17 
4 
13 
18 
1 
32 
36 
32 
16 
6 
0 
2 
5 
0 
0 
0 
3 
0 
3 
8 
39 
56 
47 
7 
22 
21 
13 
0 
4 
2 
0 
8 
26 
44 
35 
28 
35 
30 
2 
10 
5 
7 
0 
9 
0 
11 
27 
22 
7 
3 
16 
19 
2 
9 
48 
59 
49 
29 
10 
45 
27 
11 
36 
13 
6 
0 
0 
6 
15 
19 
40 
39 
33 
28 
6 
3 
1 
2 
7 
8 
9 
22 
19 
13 
6 
7 
20 
19 
18 
14 
7 
2 
13 
1 
5 
2 
5 
10 
8 
8 
11 
23 
20 
13 
24 
27 
21 
6 
6 
7 
8 
3 
9 
0 
7 
7 
14 
21 
14 
1 
26 
13 
11 
11 
17 
22 
15 
20 
13 
14 
16 
2 
21 
3 
17 
38 
38 
30 
2 
13 
18 
31 
5 
21 
16 
11 
30 
35 
23 
10 
2 
18 
16 
7 
10 
30 
17 
1 
7 
4 
0 
7 
8 
0 
3 
7 
18 
36 
35 
43 
30 
22 
19 
9 
2 
5 
8 
3 
11 
16 
11 
14 
19 
15 
0 
10 
6 
17 
10 
27 
24 
11 
3 
16 
13 
3 
7 
7 
15 
11 
18 
32 
19 
15 
24 
21 
50 
34 
26 
3 
5 
25 
60 
49 
7 
8 
24 
32 
28 
32 
43 
51 
44 
23 
14 
18 
11 
8 
4 
11 
12 
9 
11 
0 
3 
27 
30 
12 
41 
46 
27 
1 
19 
32 
12 
23 
3 
18 
16 
27 
31 
30 
9 
26 
33 
22 
18 
7 
8 
6 
13 
26 
5 
11 
19 
18 
16 
13 
6 
13 
34 
33 
22 
11 
5 
2 
0 
11 
12 
1 
2 
12 
12 
28 
9 
26 
44 
31 
24 
27 
13 
1 
0 
5 
1 
7 
3 
0 
0 
0 
5 
11 
14 
24 
3 
19 
16 
21 
18 
9 
10 
12 
6 
2 
6 
36 
35 
27 
20 
23 
2 
21 
28 
0 
15 
24 
27 
10 
19 
23 
2 
27 
12 
20 
2 
21 
39 
42 
44 
41 
38 
13 
3 
8 
19 
0 
1 
12 
16 
15 
27 
42 
33 
26 
11 
6 
14 
1 
25 
34 
6 
20 
19 
35 
22 
18 
24 
17 
38 
48 
31 
25 
2 
13 
61 
20 
3 
0 
6 
14 
24 
32 
31 
27 
9 
15 
3 
31 
32 
29 
32 
27 
5 
5 
0 
12 
15 
12 
9 
10 
0 
7 
14 
29 
30 
35 
27 
17 
2 
9 
4 
4 
7 
8 
6 
7 
22 
16 
19 
19 
22 
29 
22 
43 
25 
22 
2 
0 
1 
22 
1 
7 
8 
29 
33 
12 
39 
42 
41 
44 
27 
13 
0 
7 
2 
10 
13 
6 
5 
10 
12 
11 
0 
19 
10 
26 
23 
13 
17 
10 
6 
3 
1 
0 
0 
8 
19 
20 
23 
18 
30 
47 
21 
0 
27 
23 
7 
16 
34 
31 
16 
6 
3 
12 
9 
30 
36 
39 
36 
27 
25 
10 
9 
8 
7 
7 
4 
0 
10 
12 
19 
30 
21 
26 
19 
13 
18 
22 
23 
5 
10 
33 
70 
17 
10 
32 
23 
15 
34 
48 
79 
58 
18 
5 
21 
67 
81 
48 
2 
21 
43 
50 
42 
44 
35 
30 
25 
14 
6 
6 
11 
2 
15 
24 
23 
3 
18 
24 
31 
31 
26 
23 
27 
22 
18 
31 
21 
10 
2 
2 
0 
3 
0 
0 
4 
2 
15 
3 
12 
25 
34 
39 
18 
20 
10 
7 
6 
13 
18 
9 
7 
11 
6 
12 
3 
23 
14 
8 
23 
36 
35 
34 
14 
10 
17 
8 
0 
13 
4 
19 
19 
22 
12 
10 
14 
40 
39 
22 
6 
1 
6 
4 
8 
9 
0 
11 
11 
23 
34 
35 
47 
33 
10 
7 
2 
9 
13 
18 
1 
15 
15 
14 
24 
25 
46 
25 
18 
7 
6 
9 
5 
32 
19 
0 
10 
32 
31 
27 
25 
27 
14 
16 
23 
20 
35 
6 
18 
23 
25 
21 
21 
25 
21 
35 
25 
12 
12 
0 
6 
10 
2 
2 
3 
2 
3 
3 
1 
1 
2 
5 
11 
1 
9 
26 
9 
24 
39 
40 
27 
22 
30 
31 
5 
1 
2 
1 
4 
4 
15 
12 
12 
23 
30 
29 
32 
43 
41 
17 
1 
4 
22 
25 
14 
5 
20 
46 
29 
10 
10 
21 
50 
53 
34 
20 
22 
7 
2 
3 
8 
2 
10 
5 
10 
5 
18 
17 
26 
27 
13 
18 
20 
18 
0 
10 
11 
0 
0 
7 
4 
9 
14 
16 
19 
24 
35 
33 
30 
22 
2 
0 
7 
2 
2 
2 
2 
11 
4 
7 
8 
19 
30 
42 
31 
17 
9 
5 
0 
7 
13 
16 
43 
33 
6 
16 
42 
37 
28 
3 
13 
30 
29 
32 
11 
12 
19 
30 
19 
8 
1 
0 
2 
1 
12 
17 
34 
41 
36 
19 
9 
10 
2 
9 
14 
12 
3 
0 
8 
4 
13 
6 
9 
18 
14 
9 
6 
1 
2 
18 
20 
17 
19 
22 
8 
11 
18 
13 
22 
13 
0 
11 
21 
22 
10 
0 
5 
2 
2 
2 
0 
3 
18 
36 
19 
24 
15 
17 
10 
7 
6 
5 
0 
0 
1 
3 
4 
11 
15 
13 
15 
22 
32 
39 
32 
23 
13 
14 
3 
0 
8 
2 
16 
7 
2 
0 
2 
14 
20 
19 
12 
23 
24 
19 
16 
11 
12 
15 
15 
4 
8 
16 
5 
48 
87 
43 
17 
5 
1 
13 
3 
1 
2 
7 
4 
5 
0 
3 
23 
30 
20 
29 
38 
25 
14 
6 
7 
2 
1 
10 
5 
4 
7 
18 
20 
9 
14 
16 
27 
29 
26 
31 
27 
25 
5 
25 
16 
7 
0 
9 
3 
7 
19 
34 
36 
43 
50 
42 
35 
9 
10 
25 
9 
4 
3 
10 
1 
8 
0 
2 
4 
17 
42 
41 
22 
13 
16 
3 
4 
7 
26 
40 
31 
14 
6 
27 
24 
31 
16 
5 
19 
27 
36 
19 
0 
2 
2 
10 
20 
21 
41 
41 
39 
26 
5 
1 
1 
6 
11 
2 
2 
3 
4 
7 
7 
5 
3 
3 
25 
19 
26 
28 
37 
42 
15 
5 
5 
7 
4 
15 
10 
11 
63 
48 
11 
25 
33 
38 
0 
19 
16 
27 
28 
27 
8 
3 
0 
0 
3 
5 
2 
5 
27 
30 
30 
20 
27 
20 
15 
5 
10 
3 
12 
27 
20 
0 
11 
16 
21 
12 
11 
34 
52 
55 
44 
27 
13 
6 
2 
10 
5 
3 
0 
10 
4 
7 
18 
25 
34 
33 
18 
24 
26 
7 
8 
38 
23 
20 
17 
3 
0 
7 
15 
29 
27 
30 
32 
29 
26 
5 
2 
0 
3 
2 
8 
16 
19 
23 
22 
21 
14 
13 
38 
51 
23 
3 
22 
25 
16 
26 
17 
11 
7 
15 
39 
89 
91 
78 
40 
27 
43 
57 
52 
54 
29 
20 
7 
27 
36 
36 
36 
37 
33 
33 
31 
26 
16 
31 
29 
6 
4 
10 
1 
2 
2 
12 
3 
6 
19 
15 
20 
21 
42 
35 
29 
14 
13 
21 
12 
14 
2 
12 
35 
38 
35 
23 
1 
22 
23 
33 
38 
