36 
54 
59 
40 
11 
6 
1 
11 
0 
2 
15 
15 
6 
1 
0 
1 
18 
26 
41 
37 
48 
26 
5 
1 
6 
6 
13 
20 
15 
9 
1 
9 
27 
41 
36 
36 
34 
41 
40 
36 
25 
17 
11 
4 
15 
27 
12 
7 
2 
5 
19 
33 
38 
27 
26 
17 
11 
0 
7 
16 
23 
17 
30 
22 
13 
6 
20 
40 
40 
28 
22 
25 
17 
21 
4 
14 
7 
8 
2 
1 
18 
11 
12 
30 
41 
41 
46 
25 
19 
16 
6 
19 
0 
3 
0 
4 
6 
21 
23 
32 
31 
40 
44 
45 
13 
24 
7 
27 
3 
39 
8 
14 
8 
29 
9 
8 
16 
20 
25 
28 
2 
12 
9 
8 
16 
33 
34 
39 
31 
29 
8 
17 
45 
53 
52 
62 
73 
67 
52 
28 
6 
0 
14 
16 
27 
24 
15 
1 
1 
8 
13 
49 
66 
41 
23 
12 
4 
9 
0 
4 
6 
14 
17 
15 
16 
23 
36 
48 
35 
19 
4 
11 
2 
11 
26 
36 
19 
17 
6 
4 
22 
66 
88 
107 
90 
78 
55 
29 
13 
9 
36 
35 
44 
50 
62 
46 
33 
26 
5 
5 
10 
32 
52 
38 
37 
4 
7 
4 
0 
13 
12 
3 
1 
1 
3 
7 
20 
40 
54 
58 
27 
12 
10 
2 
7 
2 
1 
45 
10 
13 
10 
5 
2 
10 
31 
43 
53 
54 
37 
24 
16 
33 
23 
12 
1 
15 
3 
5 
0 
2 
3 
30 
65 
53 
32 
17 
4 
7 
2 
7 
15 
30 
38 
35 
11 
0 
38 
50 
51 
60 
43 
32 
37 
27 
16 
3 
0 
7 
11 
2 
0 
0 
17 
13 
12 
14 
22 
23 
16 
15 
8 
13 
4 
9 
18 
17 
6 
0 
0 
26 
25 
46 
40 
42 
39 
16 
31 
28 
16 
2 
2 
2 
1 
1 
3 
5 
9 
2 
10 
18 
46 
43 
40 
49 
27 
31 
25 
9 
1 
4 
9 
6 
2 
5 
3 
7 
12 
21 
17 
10 
6 
5 
18 
7 
1 
13 
30 
21 
5 
6 
10 
33 
37 
20 
14 
9 
14 
9 
2 
6 
1 
1 
6 
0 
24 
14 
43 
52 
57 
67 
40 
47 
23 
9 
0 
9 
5 
13 
19 
26 
32 
11 
5 
12 
5 
36 
30 
27 
20 
13 
24 
30 
20 
9 
4 
23 
28 
19 
19 
5 
14 
42 
46 
39 
28 
23 
32 
28 
21 
9 
8 
7 
7 
2 
6 
17 
48 
44 
43 
15 
24 
22 
10 
3 
10 
0 
20 
19 
26 
29 
30 
7 
2 
10 
13 
17 
20 
30 
49 
38 
33 
27 
20 
21 
13 
4 
8 
4 
9 
22 
29 
31 
28 
21 
23 
3 
1 
7 
10 
3 
11 
0 
7 
18 
22 
18 
6 
18 
33 
45 
29 
28 
19 
8 
5 
3 
7 
12 
11 
10 
13 
32 
41 
60 
48 
49 
57 
45 
19 
2 
13 
5 
19 
22 
32 
29 
18 
9 
1 
13 
20 
38 
41 
44 
40 
15 
23 
16 
0 
2 
18 
12 
15 
18 
9 
18 
15 
73 
68 
43 
40 
51 
28 
10 
19 
30 
24 
15 
15 
1 
1 
25 
22 
23 
40 
35 
46 
33 
33 
8 
16 
11 
4 
0 
6 
16 
7 
3 
16 
26 
9 
28 
33 
21 
18 
13 
31 
28 
9 
8 
19 
26 
21 
1 
5 
5 
29 
44 
59 
56 
29 
35 
7 
35 
27 
0 
6 
18 
26 
16 
23 
4 
12 
26 
25 
36 
44 
37 
19 
8 
3 
4 
2 
8 
13 
2 
6 
1 
5 
1 
13 
32 
34 
25 
16 
3 
16 
29 
11 
4 
11 
7 
6 
0 
5 
1 
16 
30 
33 
32 
19 
48 
31 
8 
3 
18 
12 
19 
14 
20 
32 
14 
2 
26 
4 
60 
82 
93 
75 
51 
23 
23 
18 
8 
4 
22 
14 
6 
24 
4 
16 
27 
18 
13 
8 
7 
16 
17 
0 
3 
0 
17 
3 
2 
2 
6 
21 
16 
22 
13 
10 
41 
31 
16 
4 
5 
0 
15 
19 
4 
7 
18 
19 
20 
6 
0 
20 
34 
25 
18 
1 
22 
21 
10 
18 
13 
12 
12 
42 
25 
13 
24 
35 
3 
19 
16 
11 
16 
1 
0 
7 
5 
7 
12 
3 
16 
35 
40 
35 
11 
39 
42 
9 
0 
7 
7 
5 
0 
3 
4 
8 
21 
27 
18 
18 
22 
55 
20 
3 
0 
7 
2 
4 
0 
1 
0 
3 
3 
12 
19 
28 
27 
32 
15 
10 
9 
11 
4 
11 
18 
17 
6 
6 
15 
12 
26 
47 
40 
39 
12 
18 
16 
8 
4 
19 
13 
6 
19 
19 
19 
3 
8 
24 
36 
34 
34 
50 
34 
13 
1 
5 
3 
20 
27 
4 
2 
1 
5 
13 
16 
14 
34 
33 
17 
22 
0 
0 
5 
4 
7 
2 
16 
16 
22 
15 
20 
38 
35 
20 
3 
20 
39 
16 
15 
11 
32 
7 
1 
14 
2 
7 
3 
1 
6 
34 
42 
34 
17 
17 
20 
22 
23 
12 
8 
20 
0 
8 
21 
21 
48 
28 
39 
44 
32 
5 
2 
6 
0 
4 
0 
11 
10 
3 
0 
15 
8 
13 
9 
18 
7 
20 
30 
21 
30 
29 
19 
11 
12 
3 
10 
2 
5 
16 
33 
33 
22 
39 
24 
15 
3 
14 
21 
13 
26 
9 
9 
9 
24 
25 
17 
26 
23 
24 
9 
22 
2 
7 
8 
3 
9 
10 
0 
24 
34 
37 
30 
25 
22 
45 
4 
0 
24 
21 
9 
7 
8 
7 
4 
7 
15 
14 
2 
15 
36 
23 
32 
53 
43 
35 
15 
9 
15 
10 
1 
15 
14 
6 
4 
3 
19 
18 
17 
36 
12 
5 
19 
16 
6 
8 
9 
6 
0 
10 
13 
3 
6 
5 
22 
29 
34 
1 
13 
1 
16 
0 
4 
7 
12 
23 
2 
9 
11 
29 
24 
24 
30 
43 
40 
33 
20 
12 
8 
5 
3 
2 
14 
1 
2 
11 
5 
1 
25 
37 
36 
50 
37 
39 
19 
12 
8 
8 
23 
13 
17 
3 
4 
3 
8 
19 
20 
31 
44 
37 
7 
0 
13 
8 
2 
12 
15 
15 
0 
12 
26 
25 
18 
33 
30 
6 
23 
8 
0 
12 
0 
6 
9 
33 
50 
29 
15 
16 
15 
24 
20 
11 
11 
3 
5 
7 
6 
18 
12 
35 
9 
13 
25 
12 
14 
30 
37 
41 
28 
21 
16 
20 
4 
17 
17 
25 
29 
11 
3 
16 
18 
20 
7 
6 
1 
4 
7 
12 
11 
8 
9 
14 
15 
7 
20 
30 
33 
40 
40 
47 
36 
28 
5 
11 
3 
0 
11 
6 
12 
23 
18 
10 
15 
8 
12 
16 
12 
30 
25 
33 
48 
32 
3 
24 
8 
6 
7 
8 
1 
14 
9 
16 
11 
0 
10 
25 
44 
19 
2 
2 
19 
63 
6 
6 
17 
28 
30 
22 
17 
25 
22 
35 
28 
15 
6 
6 
12 
11 
0 
4 
2 
2 
0 
38 
59 
56 
31 
24 
8 
14 
15 
44 
5 
5 
8 
11 
11 
4 
10 
21 
19 
32 
39 
30 
17 
15 
15 
4 
4 
13 
15 
4 
23 
14 
13 
30 
3 
34 
31 
16 
23 
20 
0 
3 
27 
32 
19 
5 
13 
19 
3 
16 
11 
35 
40 
47 
40 
24 
25 
15 
3 
11 
3 
6 
3 
1 
8 
5 
9 
22 
13 
18 
21 
26 
17 
11 
0 
28 
3 
7 
12 
4 
19 
2 
5 
4 
12 
8 
26 
34 
29 
13 
50 
29 
31 
24 
12 
4 
26 
18 
0 
2 
0 
12 
19 
12 
7 
8 
0 
6 
1 
6 
18 
4 
11 
5 
2 
7 
12 
18 
29 
33 
36 
34 
27 
20 
9 
10 
25 
15 
4 
3 
22 
0 
40 
39 
44 
21 
28 
7 
21 
31 
12 
10 
8 
0 
0 
18 
11 
0 
3 
4 
2 
1 
16 
22 
21 
5 
42 
41 
23 
20 
2 
8 
2 
3 
0 
14 
5 
0 
14 
21 
25 
26 
29 
28 
24 
13 
19 
16 
8 
6 
3 
12 
1 
1 
14 
9 
46 
45 
27 
22 
12 
5 
7 
0 
0 
3 
14 
12 
7 
1 
5 
14 
26 
27 
4 
14 
37 
18 
9 
11 
8 
9 
0 
0 
2 
10 
3 
18 
23 
32 
46 
17 
31 
56 
26 
8 
1 
10 
28 
15 
7 
0 
0 
19 
16 
26 
33 
32 
19 
4 
3 
8 
13 
11 
4 
3 
2 
7 
0 
5 
9 
38 
37 
44 
36 
29 
29 
21 
3 
0 
7 
15 
22 
16 
15 
6 
10 
19 
28 
31 
12 
19 
18 
37 
34 
2 
7 
14 
1 
4 
9 
14 
4 
8 
22 
14 
30 
57 
40 
28 
13 
11 
16 
8 
10 
8 
15 
4 
3 
5 
2 
22 
17 
5 
26 
31 
20 
15 
12 
3 
15 
28 
23 
21 
9 
9 
37 
27 
21 
60 
55 
48 
45 
43 
23 
7 
0 
4 
4 
11 
22 
20 
11 
1 
5 
16 
13 
33 
22 
13 
6 
13 
11 
4 
17 
11 
8 
9 
0 
0 
13 
21 
18 
19 
20 
10 
9 
14 
1 
6 
6 
1 
2 
5 
2 
6 
12 
16 
18 
29 
41 
41 
34 
21 
20 
12 
9 
0 
7 
8 
19 
2 
7 
5 
20 
22 
25 
45 
32 
28 
17 
31 
24 
8 
7 
18 
23 
23 
9 
21 
25 
40 
26 
37 
46 
5 
8 
0 
4 
39 
14 
2 
12 
5 
9 
2 
2 
2 
4 
14 
17 
29 
32 
30 
33 
19 
20 
16 
9 
22 
11 
22 
17 
7 
8 
11 
16 
21 
9 
10 
2 
10 
1 
0 
3 
5 
0 
4 
1 
6 
1 
10 
21 
25 
25 
17 
28 
17 
9 
10 
5 
2 
5 
3 
2 
6 
14 
26 
29 
21 
20 
34 
43 
32 
7 
9 
6 
0 
8 
15 
10 
5 
0 
0 
17 
17 
34 
45 
32 
20 
11 
16 
8 
2 
3 
10 
3 
12 
0 
8 
11 
2 
21 
33 
38 
7 
24 
11 
8 
6 
8 
8 
1 
2 
5 
10 
5 
16 
18 
5 
13 
5 
12 
14 
15 
8 
11 
4 
3 
11 
1 
17 
24 
26 
33 
29 
12 
21 
2 
5 
1 
1 
6 
3 
20 
25 
8 
15 
11 
16 
17 
29 
24 
26 
17 
1 
10 
3 
3 
1 
6 
6 
2 
4 
7 
24 
39 
38 
45 
39 
44 
24 
25 
23 
7 
3 
4 
0 
6 
22 
4 
20 
2 
25 
5 
5 
47 
48 
26 
1 
2 
1 
8 
3 
16 
2 
1 
2 
2 
0 
21 
45 
36 
37 
29 
16 
12 
7 
0 
2 
6 
1 
0 
7 
4 
7 
10 
23 
28 
34 
33 
44 
33 
12 
11 
8 
7 
12 
3 
11 
7 
7 
16 
23 
28 
15 
28 
43 
30 
25 
9 
3 
0 
0 
2 
20 
15 
10 
15 
5 
25 
29 
12 
24 
22 
1 
2 
36 
31 
24 
17 
0 
11 
4 
13 
12 
12 
15 
12 
35 
28 
36 
24 
3 
13 
6 
0 
3 
4 
23 
22 
1 
0 
2 
26 
37 
37 
49 
34 
17 
32 
4 
15 
4 
11 
20 
19 
12 
17 
10 
1 
34 
37 
40 
36 
13 
19 
16 
31 
11 
13 
11 
17 
6 
15 
3 
11 
8 
7 
0 
18 
37 
22 
17 
18 
1 
7 
4 
1 
0 
3 
3 
8 
17 
17 
6 
27 
36 
30 
17 
4 
3 
5 
2 
6 
6 
5 
1 
10 
9 
17 
26 
25 
33 
42 
37 
32 
30 
20 
10 
18 
9 
0 
0 
0 
16 
19 
50 
35 
16 
23 
16 
7 
18 
5 
4 
5 
6 
3 
7 
8 
20 
21 
13 
10 
23 
40 
39 
12 
19 
6 
17 
0 
0 
2 
7 
11 
3 
4 
19 
16 
35 
28 
25 
28 
20 
25 
23 
4 
3 
39 
10 
19 
4 
2 
2 
5 
10 
13 
64 
27 
28 
23 
0 
18 
12 
12 
9 
3 
19 
18 
5 
2 
5 
4 
14 
18 
29 
29 
32 
27 
22 
17 
15 
6 
1 
4 
0 
3 
8 
17 
25 
30 
33 
34 
21 
16 
4 
1 
4 
11 
14 
1 
1 
0 
4 
26 
33 
30 
17 
18 
27 
12 
11 
3 
6 
2 
9 
14 
23 
13 
13 
53 
52 
25 
60 
62 
48 
33 
9 
9 
3 
24 
8 
0 
19 
10 
3 
0 
1 
6 
17 
30 
25 
19 
16 
25 
24 
20 
1 
16 
15 
6 
9 
10 
5 
2 
9 
12 
34 
38 
41 
24 
19 
16 
7 
0 
0 
15 
12 
15 
9 
17 
16 
25 
37 
38 
29 
27 
28 
1 
7 
44 
20 
2 
12 
19 
19 
10 
6 
19 
18 
25 
37 
50 
37 
36 
28 
13 
3 
11 
0 
1 
15 
8 
5 
27 
28 
14 
42 
21 
7 
40 
20 
5 
3 
3 
0 
3 
0 
18 
3 
18 
2 
14 
21 
28 
40 
47 
51 
28 
12 
0 
7 
15 
11 
22 
16 
13 
1 
10 
41 
38 
33 
39 
24 
13 
7 
3 
4 
15 
9 
3 
3 
10 
13 
22 
13 
20 
26 
21 
45 
38 
33 
27 
19 
4 
0 
12 
2 
28 
6 
9 
10 
13 
22 
41 
55 
28 
21 
0 
11 
8 
7 
7 
14 
16 
11 
4 
8 
5 
13 
22 
27 
20 
31 
28 
15 
0 
1 
0 
11 
4 
11 
4 
4 
14 
21 
21 
28 
37 
37 
38 
41 
24 
6 
4 
17 
6 
46 
18 
39 
28 
28 
33 
11 
32 
32 
13 
0 
11 
1 
0 
12 
13 
1 
4 
7 
2 
8 
13 
33 
44 
48 
47 
24 
28 
14 
6 
0 
6 
0 
0 
19 
14 
25 
30 
0 
46 
41 
37 
54 
33 
4 
3 
0 
4 
2 
7 
15 
0 
12 
11 
12 
25 
25 
46 
45 
30 
17 
15 
16 
16 
38 
0 
11 
4 
4 
9 
11 
8 
15 
40 
31 
26 
1 
15 
12 
4 
4 
6 
14 
4 
3 
1 
5 
5 
22 
23 
24 
43 
36 
41 
28 
10 
7 
5 
3 
0 
11 
15 
0 
2 
2 
8 
5 
21 
20 
18 
17 
14 
13 
5 
25 
23 
20 
21 
7 
0 
11 
8 
17 
13 
26 
11 
16 
15 
20 
13 
3 
15 
5 
4 
0 
8 
1 
10 
22 
59 
56 
43 
32 
16 
3 
20 
28 
9 
18 
20 
27 
19 
6 
2 
0 
4 
14 
21 
37 
36 
23 
12 
15 
16 
8 
1 
19 
22 
9 
7 
22 
17 
4 
4 
15 
22 
9 
31 
4 
20 
3 
0 
7 
4 
8 
15 
0 
30 
25 
44 
37 
25 
22 
29 
32 
12 
9 
0 
4 
5 
0 
0 
14 
0 
28 
27 
20 
23 
28 
7 
4 
15 
8 
6 
5 
22 
21 
4 
0 
1 
2 
5 
21 
37 
40 
42 
27 
42 
29 
11 
0 
2 
8 
0 
42 
6 
2 
13 
17 
24 
20 
22 
61 
60 
28 
17 
29 
13 
13 
5 
2 
6 
0 
3 
15 
32 
35 
22 
57 
53 
42 
21 
3 
11 
14 
12 
3 
16 
11 
2 
6 
10 
25 
37 
36 
34 
13 
16 
11 
0 
3 
3 
8 
3 
2 
2 
1 
25 
41 
44 
37 
37 
23 
0 
29 
31 
4 
12 
5 
2 
20 
11 
2 
6 
9 
16 
19 
32 
43 
36 
20 
5 
7 
4 
8 
0 
2 
4 
3 
14 
5 
5 
18 
29 
30 
33 
26 
29 
15 
12 
2 
0 
11 
18 
37 
5 
11 
54 
45 
25 
32 
36 
39 
28 
12 
1 
3 
4 
3 
7 
14 
19 
12 
39 
36 
19 
26 
21 
23 
4 
1 
3 
3 
7 
16 
14 
12 
1 
0 
4 
8 
25 
36 
32 
35 
32 
20 
21 
2 
0 
4 
0 
0 
10 
20 
57 
30 
22 
25 
35 
37 
40 
41 
25 
20 
8 
4 
6 
2 
4 
2 
5 
7 
8 
11 
12 
34 
29 
30 
21 
26 
13 
0 
0 
1 
0 
3 
10 
2 
1 
10 
9 
37 
14 
27 
32 
23 
32 
13 
7 
25 
18 
8 
8 
17 
14 
5 
26 
17 
26 
25 
30 
49 
47 
28 
12 
1 
14 
1 
3 
4 
19 
10 
5 
10 
3 
10 
33 
33 
28 
23 
1 
5 
6 
2 
3 
18 
2 
2 
19 
20 
8 
60 
63 
46 
33 
12 
16 
35 
32 
1 
20 
27 
23 
20 
19 
17 
5 
20 
22 
6 
41 
50 
35 
38 
37 
19 
2 
14 
12 
11 
13 
14 
7 
10 
5 
3 
37 
52 
34 
23 
24 
35 
20 
5 
3 
3 
1 
1 
18 
19 
2 
37 
33 
29 
20 
11 
16 
19 
8 
15 
12 
3 
0 
4 
15 
14 
1 
8 
16 
34 
26 
29 
11 
4 
13 
10 
1 
7 
3 
10 
13 
19 
17 
46 
33 
37 
60 
44 
25 
53 
23 
12 
24 
18 
2 
13 
18 
25 
26 
10 
7 
20 
28 
26 
25 
25 
36 
35 
26 
17 
3 
16 
12 
1 
12 
3 
13 
12 
23 
24 
17 
21 
30 
21 
3 
0 
6 
5 
18 
50 
30 
12 
18 
6 
25 
37 
41 
47 
53 
34 
0 
4 
0 
27 
4 
0 
3 
3 
2 
21 
24 
43 
40 
27 
34 
5 
23 
16 
4 
0 
5 
6 
13 
30 
27 
23 
14 
18 
22 
17 
37 
33 
26 
23 
12 
13 
9 
14 
13 
14 
17 
20 
16 
7 
22 
29 
44 
36 
29 
16 
4 
6 
12 
5 
10 
8 
31 
20 
4 
2 
0 
25 
20 
19 
1 
2 
5 
13 
9 
1 
7 
29 
33 
30 
22 
7 
1 
6 
18 
35 
31 
27 
7 
0 
9 
12 
8 
14 
1 
0 
10 
5 
3 
0 
2 
1 
17 
34 
39 
51 
33 
44 
34 
13 
17 
0 
12 
10 
9 
11 
4 
15 
13 
6 
18 
7 
16 
12 
6 
25 
9 
16 
25 
1 
0 
6 
25 
25 
16 
18 
9 
17 
24 
10 
5 
21 
56 
22 
14 
25 
32 
11 
2 
6 
1 
17 
37 
41 
25 
8 
4 
14 
1 
4 
2 
3 
3 
10 
2 
6 
27 
43 
41 
40 
22 
25 
53 
32 
19 
7 
4 
7 
6 
38 
23 
5 
1 
6 
10 
12 
2 
27 
21 
14 
6 
14 
13 
21 
20 
27 
20 
19 
28 
31 
18 
21 
70 
49 
27 
6 
2 
13 
18 
29 
34 
42 
19 
7 
6 
6 
22 
34 
49 
53 
36 
31 
40 
25 
18 
5 
4 
11 
8 
15 
21 
14 
7 
12 
26 
30 
22 
43 
44 
31 
8 
7 
6 
5 
0 
3 
0 
16 
13 
5 
2 
9 
17 
38 
31 
12 
0 
4 
9 
6 
6 
1 
2 
11 
5 
9 
4 
38 
41 
37 
34 
17 
22 
21 
11 
11 
26 
30 
37 
1 
22 
21 
6 
3 
7 
3 
18 
13 
14 
18 
10 
21 
29 
28 
27 
12 
3 
24 
27 
20 
15 
4 
30 
39 
20 
19 
24 
33 
12 
7 
22 
29 
38 
31 
17 
9 
11 
20 
44 
65 
49 
47 
44 
44 
34 
12 
26 
25 
26 
31 
27 
19 
5 
7 
27 
41 
48 
75 
76 
76 
60 
45 
34 
21 
6 
12 
30 
14 
18 
22 
21 
14 
1 
1 
2 
0 
15 
6 
17 
0 
4 
4 
5 
5 
18 
33 
18 
35 
28 
17 
25 
30 
23 
4 
8 
19 
21 
1 
1 
2 
3 
8 
27 
28 
27 
28 
22 
29 
24 
14 
6 
19 
21 
30 
45 
41 
48 
16 
4 
9 
34 
67 
85 
120 
112 
99 
91 
85 
57 
34 
10 
16 
27 
44 
46 
50 
48 
23 
4 
12 
35 
32 
18 
30 
18 
14 
10 
0 
6 
46 
69 
66 
63 
64 
34 
0 
34 
73 
93 
97 
87 
67 
71 
77 
27 
56 
49 
3 
19 
123 
66 
21 
12 
26 
2 
25 
38 
21 
9 
6 
1 
10 
31 
28 
48 
57 
59 
75 
51 
28 
116 
180 
104 
0 
2 
67 
104 
76 
54 
46 
16 
109 
15 
101 
3 
78 
26 
32 
20 
30 
31 
16 
27 
3 
20 
31 
25 
40 
42 
57 
65 
104 
104 
61 
13 
20 
23 
21 
26 
14 
15 
17 
36 
31 
0 
0 
19 
80 
48 
22 
18 
2 
17 
46 
58 
70 
71 
28 
30 
29 
15 
45 
77 
85 
132 
175 
172 
147 
131 
121 
113 
295 
254 
225 
12 
16 
3 
15 
16 
48 
55 
89 
134 
18 
78 
9 
178 
182 
109 
91 
167 
171 
89 
56 
228 
349 
327 
428 
116 
112 
90 
50 
12 
15 
22 
33 
7 
5 
44 
84 
88 
66 
95 
92 
56 
5 
32 
1 
10 
33 
59 
76 
59 
78 
41 
6 
22 
27 
5 
21 
11 
9 
37 
84 
54 
84 
79 
99 
93 
65 
29 
10 
49 
12 
4 
146 
128 
6 
6 
30 
16 
26 
28 
50 
70 
93 
131 
124 
9 
16 
65 
99 
176 
106 
68 
67 
55 
64 
123 
122 
0 
159 
170 
20 
115 
151 
90 
34 
8 
8 
33 
13 
20 
35 
111 
219 
35 
34 
114 
164 
126 
97 
0 
85 
207 
287 
91 
211 
135 
85 
64 
59 
109 
206 
28 
138 
200 
174 
97 
45 
22 
51 
53 
34 
55 
121 
113 
117 
152 
182 
106 
36 
38 
19 
33 
9 
43 
35 
211 
390 
219 
168 
65 
3 
131 
1 
97 
164 
181 
128 
168 
226 
165 
74 
27 
4 
77 
28 
15 
5 
19 
35 
116 
9 
88 
47 
90 
147 
103 
210 
7 
195 
228 
150 
74 
10 
59 
66 
15 
4 
148 
133 
44 
76 
145 
166 
94 
59 
63 
119 
0 
23 
66 
163 
129 
120 
67 
51 
85 
97 
51 
0 
77 
57 
17 
37 
11 
161 
198 
15 
60 
41 
50 
65 
31 
19 
18 
101 
196 
122 
3 
132 
309 
343 
274 
265 
51 
71 
65 
44 
126 
147 
4 
147 
187 
123 
125 
57 
33 
40 
48 
137 
199 
167 
68 
158 
67 
13 
56 
137 
163 
104 
70 
63 
36 
91 
90 
4 
6 
38 
339 
377 
221 
110 
4 
633 
633 
29 
106 
2 
94 
116 
273 
15 
239 
337 
260 
255 
222 
159 
33 
138 
10 
45 
66 
13 
67 
82 
94 
48 
90 
137 
185 
187 
113 
41 
15 
205 
141 
76 
59 
42 
60 
151 
354 
251 
114 
40 
191 
213 
220 
200 
169 
12 
55 
24 
64 
133 
163 
90 
6 
52 
105 
248 
59 
162 
133 
38 
15 
61 
17 
147 
234 
268 
127 
6 
7 
62 
96 
150 
190 
163 
105 
29 
144 
293 
240 
18 
217 
180 
107 
20 
19 
20 
20 
3 
248 
69 
74 
50 
49 
42 
24 
43 
31 
52 
51 
14 
85 
27 
69 
63 
16 
74 
136 
205 
261 
224 
79 
28 
132 
19 
293 
528 
277 
52 
47 
2 
51 
101 
118 
296 
274 
151 
86 
121 
9 
278 
209 
2 
144 
153 
22 
174 
158 
67 
204 
191 
101 
208 
166 
78 
48 
42 
8 
33 
81 
89 
23 
118 
167 
238 
190 
59 
131 
39 
52 
56 
91 
76 
95 
18 
154 
137 
29 
151 
200 
236 
95 
27 
82 
163 
109 
112 
115 
68 
75 
231 
77 
14 
149 
258 
110 
102 
266 
229 
358 
286 
206 
126 
93 
258 
343 
205 
132 
16 
26 
76 
48 
1 
44 
16 
83 
97 
170 
240 
340 
301 
138 
103 
79 
51 
145 
180 
158 
150 
153 
128 
46 
32 
92 
138 
257 
273 
185 
100 
32 
125 
179 
149 
156 
124 
204 
239 
272 
104 
198 
378 
270 
246 
367 
298 
230 
109 
62 
355 
154 
8 
80 
223 
311 
73 
88 
76 
117 
38 
125 
224 
125 
91 
114 
81 
32 
75 
32 
15 
38 
120 
153 
5 
60 
81 
128 
162 
150 
283 
69 
78 
75 
12 
49 
99 
175 
316 
407 
363 
348 
325 
203 
86 
72 
183 
78 
99 
140 
109 
71 
186 
220 
467 
431 
146 
80 
288 
433 
376 
317 
242 
95 
62 
245 
380 
295 
117 
209 
2 
148 
308 
263 
207 
169 
150 
397 
43 
235 
15 
159 
176 
34 
21 
27 
109 
60 
85 
231 
287 
113 
24 
71 
12 
126 
243 
291 
213 
114 
58 
86 
110 
56 
15 
67 
69 
102 
151 
195 
41 
113 
27 
72 
4 
11 
134 
208 
162 
54 
86 
89 
199 
246 
48 
296 
139 
39 
62 
5 
12 
47 
56 
293 
144 
176 
726 
323 
45 
147 
165 
139 
154 
253 
371 
372 
232 
132 
336 
211 
41 
1 
325 
148 
256 
133 
27 
26 
107 
48 
125 
200 
166 
115 
148 
59 
92 
193 
138 
30 
145 
103 
211 
246 
114 
192 
134 
70 
35 
59 
92 
248 
159 
8 
69 
187 
252 
264 
258 
276 
299 
53 
119 
145 
115 
44 
1 
83 
138 
30 
57 
393 
267 
132 
59 
83 
21 
28 
91 
191 
158 
303 
361 
386 
274 
202 
86 
101 
367 
424 
344 
284 
408 
87 
120 
256 
320 
282 
110 
59 
104 
35 
91 
99 
70 
12 
16 
17 
103 
118 
108 
63 
2 
63 
189 
246 
187 
204 
15 
220 
198 
128 
150 
179 
134 
192 
191 
179 
6 
37 
14 
31 
374 
468 
36 
88 
133 
161 
267 
128 
41 
6 
75 
50 
62 
177 
236 
181 
184 
234 
41 
87 
45 
167 
110 
14 
81 
81 
46 
24 
73 
49 
43 
91 
153 
176 
179 
169 
460 
404 
362 
337 
300 
231 
136 
14 
335 
288 
250 
184 
99 
45 
79 
180 
411 
10 
12 
50 
61 
343 
327 
211 
45 
272 
461 
85 
141 
14 
124 
114 
168 
234 
293 
316 
247 
160 
80 
24 
32 
41 
68 
20 
9 
2 
17 
36 
28 
133 
106 
97 
161 
115 
1 
156 
210 
87 
85 
77 
59 
131 
43 
26 
65 
3 
109 
118 
90 
117 
173 
188 
177 
81 
5 
30 
164 
202 
127 
46 
69 
33 
84 
24 
7 
202 
230 
61 
5 
19 
42 
65 
20 
0 
41 
73 
25 
142 
187 
211 
83 
15 
14 
32 
3 
55 
145 
264 
248 
214 
179 
46 
213 
425 
508 
377 
362 
311 
188 
33 
409 
7 
225 
111 
96 
13 
22 
11 
178 
448 
325 
56 
30 
67 
251 
66 
159 
318 
240 
118 
75 
67 
34 
40 
65 
63 
87 
170 
158 
55 
164 
98 
92 
138 
151 
174 
84 
26 
41 
52 
66 
224 
272 
32 
112 
152 
171 
216 
118 
24 
64 
187 
124 
116 
84 
117 
59 
146 
304 
331 
375 
368 
119 
5 
29 
109 
11 
28 
148 
179 
34 
161 
172 
23 
22 
144 
86 
118 
165 
211 
211 
242 
107 
268 
326 
441 
443 
329 
220 
82 
19 
223 
157 
61 
26 
345 
330 
102 
114 
219 
157 
41 
30 
68 
191 
153 
31 
14 
136 
179 
125 
83 
66 
116 
58 
19 
125 
174 
114 
57 
20 
99 
123 
74 
73 
54 
138 
247 
363 
340 
209 
93 
22 
0 
56 
277 
524 
495 
408 
307 
77 
128 
261 
337 
329 
279 
200 
49 
83 
124 
99 
17 
68 
98 
111 
103 
87 
66 
130 
90 
77 
316 
161 
68 
2 
103 
175 
55 
147 
161 
135 
103 
126 
80 
22 
48 
128 
156 
53 
49 
217 
471 
339 
241 
225 
153 
128 
662 
759 
784 
490 
128 
217 
171 
202 
184 
173 
141 
64 
62 
84 
81 
108 
106 
60 
25 
129 
161 
140 
22 
81 
144 
152 
131 
109 
80 
39 
62 
69 
56 
31 
6 
42 
23 
15 
18 
38 
37 
34 
199 
307 
157 
4 
130 
160 
89 
8 
6 
51 
66 
52 
42 
84 
58 
4 
69 
99 
64 
142 
147 
210 
6 
211 
187 
26 
14 
86 
2 
70 
138 
192 
300 
340 
335 
280 
113 
64 
267 
388 
520 
445 
264 
86 
41 
205 
30 
112 
263 
266 
46 
290 
255 
129 
139 
274 
247 
166 
112 
56 
6 
51 
37 
19 
12 
85 
86 
108 
125 
6 
104 
161 
182 
88 
23 
41 
82 
74 
9 
119 
192 
157 
104 
63 
41 
34 
18 
24 
63 
119 
255 
315 
257 
137 
152 
278 
362 
319 
248 
144 
48 
48 
128 
85 
101 
133 
184 
95 
54 
107 
98 
14 
34 
41 
12 
4 
12 
67 
6 
34 
25 
42 
104 
133 
153 
254 
268 
201 
157 
118 
24 
161 
210 
230 
228 
116 
25 
49 
73 
57 
9 
22 
171 
262 
333 
362 
320 
181 
38 
213 
227 
167 
285 
356 
233 
106 
18 
29 
60 
209 
256 
208 
199 
106 
66 
85 
47 
64 
22 
34 
25 
74 
24 
1 
102 
140 
41 
12 
5 
16 
17 
26 
34 
76 
93 
68 
127 
141 
117 
117 
12 
103 
192 
179 
26 
167 
168 
87 
158 
197 
179 
112 
45 
125 
205 
304 
286 
181 
56 
55 
111 
89 
60 
84 
97 
49 
17 
56 
105 
87 
47 
27 
69 
59 
44 
13 
104 
189 
411 
458 
328 
16 
224 
402 
431 
382 
243 
100 
109 
110 
110 
70 
153 
369 
208 
40 
124 
106 
25 
51 
84 
45 
32 
94 
253 
211 
175 
41 
16 
88 
78 
12 
211 
258 
217 
135 
56 
113 
98 
39 
39 
73 
314 
574 
237 
121 
273 
193 
100 
98 
124 
146 
32 
78 
152 
150 
67 
20 
41 
65 
178 
161 
87 
33 
8 
6 
15 
9 
35 
90 
105 
83 
43 
51 
20 
66 
184 
248 
207 
86 
80 
46 
31 
40 
85 
59 
13 
65 
98 
54 
61 
109 
123 
125 
67 
56 
38 
31 
57 
50 
90 
118 
208 
278 
363 
178 
64 
31 
6 
53 
203 
255 
253 
228 
145 
97 
100 
66 
319 
411 
39 
175 
262 
140 
97 
88 
37 
122 
206 
212 
132 
59 
6 
57 
156 
318 
373 
354 
209 
83 
42 
41 
14 
150 
106 
200 
325 
192 
222 
204 
204 
21 
72 
39 
0 
142 
147 
140 
132 
122 
207 
167 
70 
111 
81 
69 
168 
135 
38 
74 
39 
103 
150 
163 
198 
118 
40 
16 
103 
160 
136 
121 
239 
209 
50 
27 
10 
7 
4 
37 
91 
36 
50 
120 
280 
171 
77 
94 
3 
63 
161 
119 
124 
162 
23 
70 
24 
102 
125 
206 
82 
55 
211 
297 
185 
4 
78 
297 
592 
726 
633 
420 
290 
89 
186 
231 
122 
185 
407 
438 
102 
60 
26 
142 
227 
163 
95 
33 
28 
156 
378 
446 
379 
307 
98 
278 
410 
405 
221 
57 
25 
13 
17 
46 
43 
99 
90 
25 
55 
81 
20 
117 
78 
11 
59 
82 
41 
12 
45 
138 
129 
28 
105 
216 
251 
268 
178 
92 
20 
96 
109 
72 
143 
126 
13 
63 
87 
23 
43 
76 
82 
44 
27 
71 
135 
86 
40 
67 
37 
53 
85 
117 
64 
73 
82 
30 
8 
64 
149 
160 
206 
138 
52 
37 
211 
124 
100 
210 
159 
302 
203 
75 
101 
103 
79 
126 
133 
46 
89 
177 
44 
106 
120 
233 
250 
222 
149 
147 
156 
132 
76 
188 
332 
124 
154 
96 
48 
48 
31 
17 
146 
106 
0 
83 
117 
110 
11 
61 
51 
36 
11 
8 
63 
79 
118 
133 
141 
117 
93 
40 
16 
48 
113 
114 
31 
40 
152 
112 
14 
90 
95 
103 
143 
128 
97 
45 
244 
105 
29 
25 
55 
112 
56 
34 
62 
55 
127 
118 
108 
81 
85 
54 
11 
2 
87 
126 
171 
202 
204 
158 
14 
112 
189 
232 
270 
274 
185 
135 
25 
19 
19 
115 
154 
103 
70 
85 
62 
60 
14 
13 
78 
86 
40 
125 
165 
61 
16 
112 
0 
47 
243 
260 
257 
201 
159 
155 
125 
46 
141 
102 
43 
21 
12 
42 
87 
101 
33 
13 
32 
70 
162 
249 
226 
166 
140 
117 
43 
5 
95 
99 
85 
51 
19 
34 
28 
10 
38 
13 
17 
8 
62 
32 
31 
23 
16 
38 
45 
56 
83 
53 
63 
163 
189 
166 
118 
27 
50 
103 
63 
30 
13 
1 
29 
75 
93 
94 
86 
78 
66 
25 
18 
41 
68 
26 
12 
13 
27 
21 
15 
55 
64 
120 
77 
30 
181 
254 
226 
140 
122 
47 
48 
94 
152 
187 
100 
68 
10 
14 
84 
157 
83 
50 
80 
23 
78 
61 
39 
80 
17 
37 
45 
32 
9 
91 
10 
11 
112 
134 
19 
35 
37 
25 
11 
28 
30 
10 
22 
19 
3 
12 
107 
130 
128 
109 
89 
90 
60 
2 
35 
35 
76 
100 
140 
147 
186 
152 
37 
38 
85 
85 
69 
76 
85 
74 
97 
79 
49 
99 
114 
112 
57 
63 
8 
63 
47 
24 
0 
52 
13 
67 
36 
92 
100 
91 
35 
41 
73 
113 
105 
75 
26 
6 
0 
33 
7 
76 
50 
36 
37 
62 
43 
83 
20 
59 
83 
18 
54 
3 
66 
84 
42 
16 
30 
61 
87 
96 
70 
56 
11 
12 
22 
86 
138 
97 
60 
18 
43 
37 
8 
38 
56 
22 
107 
164 
108 
4 
13 
6 
84 
84 
89 
105 
132 
103 
73 
26 
0 
6 
8 
23 
6 
13 
19 
5 
28 
31 
17 
12 
4 
26 
76 
50 
15 
32 
54 
61 
30 
20 
39 
17 
15 
25 
31 
6 
11 
26 
41 
67 
42 
23 
17 
2 
27 
76 
45 
9 
76 
26 
20 
34 
64 
32 
10 
17 
18 
19 
21 
28 
43 
34 
63 
65 
18 
15 
1 
37 
152 
142 
36 
115 
106 
41 
4 
13 
36 
71 
25 
39 
57 
53 
159 
38 
2 
7 
92 
106 
144 
105 
54 
69 
10 
112 
136 
135 
174 
12 
108 
68 
28 
27 
11 
91 
74 
9 
19 
18 
12 
16 
38 
51 
28 
26 
52 
82 
79 
64 
65 
34 
2 
7 
48 
57 
26 
15 
0 
8 
7 
31 
78 
109 
112 
62 
3 
43 
66 
108 
114 
128 
117 
73 
2 
32 
43 
69 
70 
36 
28 
41 
49 
25 
2 
33 
108 
98 
87 
63 
7 
2 
39 
32 
16 
73 
11 
42 
55 
23 
0 
64 
24 
71 
5 
26 
78 
29 
23 
49 
43 
34 
25 
84 
58 
20 
69 
104 
52 
50 
7 
78 
100 
77 
1 
43 
82 
92 
114 
159 
175 
126 
2 
63 
64 
112 
192 
131 
53 
4 
90 
73 
59 
50 
49 
36 
27 
1 
13 
4 
19 
21 
28 
10 
33 
47 
33 
18 
17 
10 
10 
45 
45 
93 
120 
72 
15 
0 
24 
32 
40 
0 
0 
0 
7 
79 
127 
78 
8 
6 
59 
44 
21 
73 
100 
39 
25 
12 
18 
9 
0 
1 
23 
25 
58 
70 
85 
53 
56 
112 
48 
16 
16 
23 
9 
106 
103 
32 
24 
62 
18 
55 
48 
32 
74 
134 
77 
131 
157 
14 
65 
180 
215 
160 
37 
24 
23 
2 
46 
13 
8 
49 
27 
45 
27 
43 
50 
65 
31 
53 
2 
30 
37 
21 
31 
23 
19 
10 
20 
13 
52 
10 
59 
40 
49 
55 
17 
23 
49 
50 
0 
20 
26 
32 
41 
58 
39 
55 
54 
45 
32 
24 
81 
50 
25 
26 
56 
171 
157 
1 
60 
55 
33 
52 
47 
65 
100 
58 
23 
38 
0 
17 
39 
16 
21 
53 
42 
39 
8 
120 
136 
57 
106 
34 
88 
152 
99 
5 
39 
0 
94 
80 
86 
57 
108 
83 
42 
48 
17 
7 
8 
52 
42 
8 
6 
44 
5 
20 
58 
28 
13 
32 
14 
15 
17 
79 
88 
72 
16 
10 
33 
50 
18 
37 
32 
15 
19 
53 
16 
84 
58 
7 
51 
117 
118 
54 
34 
17 
34 
89 
128 
129 
122 
118 
117 
96 
23 
13 
17 
5 
2 
58 
38 
37 
48 
19 
21 
19 
10 
26 
18 
47 
63 
56 
37 
25 
0 
59 
93 
62 
12 
5 
47 
72 
88 
63 
26 
2 
26 
47 
31 
16 
1 
13 
40 
15 
38 
40 
19 
58 
32 
17 
7 
62 
64 
49 
127 
112 
32 
47 
47 
8 
48 
32 
31 
56 
16 
30 
29 
15 
48 
49 
29 
24 
8 
13 
1 
45 
45 
2 
10 
26 
31 
25 
31 
17 
12 
10 
41 
58 
15 
8 
6 
18 
39 
40 
41 
5 
37 
56 
31 
0 
25 
34 
71 
88 
104 
45 
34 
58 
25 
2 
61 
32 
35 
61 
16 
41 
31 
33 
31 
19 
10 
31 
81 
82 
63 
48 
53 
29 
13 
1 
37 
53 
37 
40 
71 
30 
0 
88 
97 
98 
71 
23 
56 
144 
31 
17 
7 
22 
27 
18 
52 
74 
63 
40 
33 
26 
10 
8 
16 
0 
22 
37 
24 
19 
21 
4 
18 
63 
57 
26 
16 
9 
31 
40 
33 
18 
13 
10 
23 
31 
39 
23 
15 
15 
15 
0 
6 
10 
15 
0 
7 
6 
10 
0 
8 
1 
13 
13 
8 
14 
21 
11 
10 
36 
42 
36 
26 
40 
25 
26 
39 
0 
14 
21 
7 
9 
26 
24 
17 
18 
39 
0 
9 
26 
42 
15 
24 
45 
57 
13 
37 
13 
21 
32 
7 
6 
7 
44 
34 
7 
16 
17 
18 
15 
7 
0 
9 
2 
0 
0 
1 
0 
1 
18 
24 
25 
34 
47 
40 
9 
2 
0 
16 
13 
6 
13 
8 
16 
17 
31 
40 
49 
34 
26 
26 
15 
0 
0 
7 
0 
15 
31 
30 
13 
16 
1 
10 
48 
57 
26 
0 
0 
9 
2 
0 
16 
37 
2 
1 
10 
7 
15 
56 
73 
50 
18 
23 
39 
23 
0 
10 
53 
69 
85 
45 
56 
1 
63 
57 
71 
76 
50 
55 
48 
15 
15 
23 
18 
22 
29 
32 
47 
30 
16 
20 
34 
76 
74 
63 
40 
1 
5 
7 
16 
25 
10 
10 
7 
31 
7 
22 
0 
48 
57 
58 
31 
16 
40 
21 
13 
29 
13 
5 
2 
18 
30 
29 
16 
9 
34 
31 
40 
56 
56 
40 
16 
7 
15 
15 
0 
24 
32 
32 
15 
1 
10 
23 
40 
17 
18 
23 
47 
63 
47 
15 
16 
48 
23 
47 
8 
24 
8 
0 
39 
34 
25 
34 
47 
48 
24 
10 
9 
18 
18 
0 
8 
0 
1 
2 
7 
0 
9 
2 
32 
33 
50 
31 
39 
8 
8 
1 
21 
16 
0 
9 
26 
47 
56 
48 
13 
29 
29 
13 
5 
2 
14 
13 
16 
23 
6 
29 
16 
14 
8 
6 
0 
1 
20 
10 
20 
7 
9 
11 
10 
28 
18 
52 
42 
48 
25 
31 
40 
33 
26 
5 
7 
7 
8 
0 
2 
1 
13 
7 
15 
16 
9 
18 
47 
55 
40 
32 
16 
32 
24 
0 
15 
16 
16 
0 
7 
31 
6 
2 
15 
39 
32 
56 
39 
47 
30 
2 
8 
7 
32 
32 
32 
64 
32 
16 
25 
50 
79 
88 
80 
24 
39 
71 
71 
39 
21 
37 
37 
69 
80 
78 
77 
87 
86 
51 
29 
11 
0 
33 
87 
25 
23 
32 
6 
2 
0 
8 
7 
15 
15 
7 
8 
5 
5 
2 
2 
2 
5 
13 
16 
16 
15 
7 
5 
17 
26 
23 
40 
41 
34 
18 
0 
0 
0 
1 
13 
8 
7 
14 
5 
24 
33 
31 
24 
25 
15 
16 
9 
18 
0 
8 
19 
21 
16 
14 
5 
9 
23 
33 
31 
41 
50 
40 
49 
34 
0 
24 
23 
9 
2 
16 
16 
11 
10 
31 
57 
50 
23 
32 
17 
2 
5 
24 
7 
41 
18 
0 
0 
1 
2 
8 
30 
0 
44 
50 
47 
41 
18 
0 
0 
6 
21 
16 
4 
10 
7 
11 
45 
36 
42 
44 
50 
47 
57 
42 
42 
7 
0 
16 
10 
6 
5 
0 
16 
9 
5 
0 
16 
25 
18 
15 
8 
0 
9 
2 
0 
0 
14 
5 
0 
20 
26 
23 
33 
26 
16 
17 
2 
7 
12 
2 
8 
11 
2 
7 
1 
23 
25 
2 
28 
74 
47 
24 
29 
9 
13 
13 
16 
15 
6 
13 
16 
22 
7 
25 
26 
44 
50 
31 
44 
26 
15 
0 
17 
2 
0 
0 
6 
21 
7 
36 
42 
55 
56 
25 
34 
42 
23 
0 
16 
24 
24 
24 
15 
14 
13 
7 
12 
10 
20 
26 
36 
34 
39 
16 
24 
40 
24 
16 
0 
23 
6 
2 
39 
36 
26 
15 
24 
17 
18 
18 
0 
24 
15 
18 
6 
5 
8 
4 
26 
23 
28 
26 
39 
32 
17 
18 
7 
8 
9 
2 
10 
0 
0 
1 
2 
16 
35 
29 
31 
49 
55 
48 
57 
58 
31 
7 
16 
31 
42 
38 
24 
27 
13 
4 
15 
49 
79 
72 
37 
45 
61 
37 
29 
13 
10 
18 
22 
29 
24 
15 
1 
10 
24 
25 
18 
15 
8 
1 
18 
23 
16 
2 
9 
5 
23 
9 
10 
15 
17 
18 
15 
8 
9 
23 
48 
53 
41 
42 
42 
7 
32 
56 
24 
0 
16 
17 
42 
42 
26 
15 
23 
7 
8 
0 
0 
7 
18 
6 
2 
0 
12 
42 
39 
47 
48 
32 
40 
48 
31 
22 
16 
7 
1 
5 
0 
16 
8 
2 
10 
23 
7 
7 
55 
42 
2 
1 
18 
18 
15 
23 
31 
34 
1 
26 
23 
39 
39 
47 
31 
15 
7 
23 
15 
16 
32 
15 
2 
6 
5 
0 
8 
6 
0 
16 
17 
26 
8 
17 
18 
15 
0 
14 
29 
40 
6 
2 
1 
23 
25 
31 
52 
18 
32 
41 
26 
39 
8 
39 
30 
37 
15 
6 
7 
25 
39 
33 
47 
41 
26 
16 
6 
13 
7 
14 
16 
19 
29 
3 
13 
6 
11 
26 
49 
55 
33 
15 
1 
15 
4 
26 
31 
17 
26 
31 
16 
5 
9 
26 
24 
25 
10 
8 
25 
26 
7 
6 
21 
8 
15 
14 
21 
11 
2 
12 
18 
28 
42 
48 
33 
31 
17 
26 
23 
8 
1 
5 
24 
15 
14 
15 
17 
18 
20 
18 
15 
33 
34 
47 
37 
33 
2 
0 
7 
0 
22 
29 
16 
32 
41 
34 
23 
40 
45 
41 
26 
2 
29 
16 
24 
31 
46 
37 
24 
1 
28 
26 
36 
98 
104 
49 
10 
0 
15 
23 
14 
21 
32 
7 
1 
18 
23 
41 
66 
55 
23 
24 
8 
0 
18 
6 
10 
15 
24 
13 
1 
5 
24 
8 
17 
18 
15 
24 
17 
18 
7 
7 
7 
6 
5 
16 
22 
2 
28 
26 
23 
33 
34 
39 
32 
17 
13 
0 
8 
8 
6 
0 
0 
17 
47 
52 
34 
23 
23 
32 
10 
6 
5 
2 
7 
24 
24 
9 
13 
16 
15 
30 
8 
28 
34 
40 
33 
26 
39 
32 
21 
17 
2 
2 
0 
8 
31 
6 
2 
0 
1 
26 
40 
49 
23 
20 
2 
0 
9 
10 
0 
15 
6 
10 
10 
15 
28 
26 
23 
52 
34 
23 
24 
16 
29 
29 
13 
5 
13 
0 
10 
1 
5 
15 
16 
17 
2 
0 
9 
2 
8 
7 
22 
8 
3 
5 
0 
6 
7 
1 
15 
17 
27 
34 
40 
33 
31 
16 
16 
1 
2 
8 
7 
6 
7 
17 
26 
44 
42 
23 
15 
22 
26 
72 
33 
18 
2 
8 
15 
22 
13 
7 
1 
23 
28 
26 
23 
16 
25 
18 
7 
0 
1 
2 
15 
0 
14 
13 
8 
9 
23 
36 
50 
79 
64 
21 
6 
13 
5 
8 
8 
7 
30 
5 
7 
20 
18 
23 
44 
34 
31 
24 
16 
25 
2 
10 
5 
8 
8 
7 
1 
5 
7 
17 
26 
32 
33 
26 
15 
0 
1 
10 
0 
8 
6 
5 
0 
3 
2 
15 
28 
26 
23 
32 
33 
55 
24 
0 
5 
1 
5 
13 
16 
0 
16 
17 
18 
7 
40 
33 
26 
15 
7 
16 
13 
9 
13 
13 
32 
11 
5 
7 
20 
18 
31 
41 
34 
15 
32 
32 
25 
2 
2 
16 
7 
15 
30 
16 
12 
18 
39 
72 
65 
66 
50 
34 
10 
5 
10 
5 
17 
14 
5 
21 
2 
7 
32 
16 
33 
26 
5 
24 
0 
6 
13 
16 
0 
14 
10 
15 
32 
33 
34 
31 
39 
40 
29 
33 
18 
10 
13 
24 
23 
6 
21 
16 
1 
7 
40 
25 
7 
16 
33 
26 
31 
31 
24 
0 
13 
17 
2 
21 
24 
15 
6 
7 
20 
34 
47 
48 
25 
2 
2 
0 
8 
21 
17 
5 
15 
15 
8 
8 
24 
25 
34 
34 
34 
7 
15 
15 
7 
0 
0 
15 
18 
30 
13 
24 
8 
25 
26 
23 
32 
17 
18 
15 
16 
29 
33 
26 
10 
2 
5 
8 
0 
0 
8 
21 
25 
34 
23 
0 
8 
8 
2 
14 
21 
24 
7 
14 
8 
0 
9 
23 
25 
34 
32 
33 
23 
36 
18 
7 
8 
9 
26 
0 
15 
46 
13 
23 
40 
25 
26 
31 
28 
10 
15 
7 
24 
13 
13 
9 
2 
2 
7 
8 
1 
10 
23 
29 
25 
26 
2 
7 
7 
0 
7 
10 
14 
0 
23 
22 
40 
30 
27 
66 
64 
41 
34 
23 
8 
9 
2 
2 
8 
1 
13 
8 
1 
15 
9 
26 
36 
42 
23 
33 
34 
23 
23 
15 
8 
7 
31 
1 
2 
15 
32 
41 
50 
31 
31 
24 
8 
0 
2 
22 
45 
32 
23 
14 
0 
20 
10 
40 
33 
31 
40 
33 
34 
39 
23 
8 
0 
10 
30 
37 
24 
1 
26 
28 
34 
39 
32 
33 
26 
23 
8 
8 
13 
1 
5 
13 
8 
0 
1 
2 
15 
25 
34 
23 
32 
9 
2 
7 
9 
13 
16 
22 
8 
11 
13 
15 
25 
34 
40 
41 
55 
48 
49 
26 
0 
16 
7 
6 
5 
32 
7 
9 
34 
34 
31 
32 
40 
45 
29 
25 
2 
2 
2 
15 
8 
31 
46 
37 
32 
6 
0 
28 
34 
47 
64 
57 
34 
18 
0 
16 
31 
22 
5 
7 
1 
0 
17 
66 
56 
49 
26 
7 
7 
8 
26 
30 
13 
15 
6 
5 
0 
1 
18 
28 
26 
31 
33 
42 
40 
33 
18 
7 
0 
7 
6 
13 
16 
7 
1 
15 
25 
10 
24 
25 
23 
16 
9 
23 
16 
9 
13 
8 
15 
14 
0 
8 
25 
55 
64 
33 
34 
23 
24 
9 
13 
16 
23 
6 
5 
8 
7 
6 
0 
28 
42 
31 
48 
105 
90 
30 
13 
29 
5 
10 
26 
34 
22 
29 
29 
11 
2 
8 
33 
47 
48 
32 
29 
37 
29 
13 
2 
6 
2 
13 
24 
23 
6 
7 
25 
34 
32 
25 
26 
18 
7 
24 
8 
5 
6 
21 
16 
11 
5 
7 
25 
47 
56 
49 
34 
7 
0 
0 
25 
26 
10 
8 
23 
23 
14 
5 
7 
9 
34 
39 
33 
26 
23 
15 
16 
8 
1 
13 
8 
0 
9 
2 
0 
32 
41 
42 
39 
16 
40 
29 
1 
5 
5 
16 
24 
23 
22 
13 
7 
1 
7 
33 
31 
33 
26 
32 
29 
17 
10 
0 
0 
1 
2 
0 
0 
6 
15 
8 
41 
55 
40 
29 
1 
26 
2 
15 
39 
0 
0 
7 
23 
22 
21 
15 
64 
65 
58 
23 
0 
8 
0 
5 
2 
6 
21 
13 
24 
0 
33 
50 
32 
17 
26 
7 
32 
24 
13 
1 
10 
7 
7 
0 
15 
22 
2 
0 
6 
5 
28 
26 
31 
25 
18 
23 
16 
5 
6 
16 
0 
1 
10 
8 
1 
15 
28 
26 
23 
17 
18 
7 
6 
0 
6 
2 
0 
9 
2 
0 
32 
25 
26 
28 
18 
28 
18 
15 
1 
18 
23 
39 
32 
24 
7 
23 
16 
16 
5 
9 
10 
15 
16 
5 
6 
34 
15 
0 
15 
23 
22 
37 
32 
14 
8 
41 
74 
72 
57 
42 
23 
7 
7 
0 
10 
1 
10 
16 
24 
9 
5 
8 
20 
18 
31 
48 
41 
26 
18 
0 
7 
8 
7 
6 
5 
2 
0 
12 
10 
7 
44 
50 
42 
23 
16 
24 
16 
8 
2 
14 
13 
21 
8 
7 
1 
34 
31 
48 
33 
2 
23 
16 
6 
13 
24 
0 
1 
2 
16 
7 
17 
58 
63 
56 
48 
40 
40 
32 
16 
0 
15 
0 
8 
24 
32 
24 
24 
31 
1 
15 
36 
26 
23 
16 
9 
34 
50 
15 
15 
8 
16 
16 
7 
22 
