16 
12 
26 
39 
32 
17 
42 
31 
23 
8 
8 
16 
8 
18 
22 
29 
8 
12 
2 
16 
17 
34 
40 
49 
58 
47 
32 
16 
7 
34 
22 
45 
64 
12 
18 
16 
49 
31 
33 
0 
4 
26 
39 
21 
9 
2 
7 
8 
8 
6 
2 
16 
33 
39 
40 
25 
18 
18 
15 
15 
8 
8 
0 
0 
0 
7 
17 
18 
18 
23 
56 
32 
13 
1 
2 
2 
8 
8 
15 
10 
1 
5 
7 
0 
25 
18 
39 
40 
33 
26 
23 
15 
7 
8 
7 
10 
22 
21 
16 
11 
5 
31 
33 
50 
47 
48 
45 
37 
21 
2 
5 
13 
2 
10 
18 
30 
2 
23 
24 
17 
26 
31 
40 
21 
14 
21 
0 
7 
24 
10 
6 
18 
0 
8 
1 
2 
31 
56 
49 
34 
10 
15 
23 
7 
8 
0 
0 
0 
0 
0 
1 
10 
23 
24 
17 
2 
23 
24 
41 
18 
21 
24 
23 
38 
21 
15 
9 
23 
44 
50 
31 
48 
40 
37 
33 
26 
2 
2 
8 
16 
31 
6 
5 
0 
28 
10 
31 
40 
25 
26 
8 
8 
0 
1 
18 
0 
7 
3 
21 
0 
9 
2 
36 
26 
20 
10 
16 
9 
7 
8 
6 
2 
0 
8 
9 
0 
32 
25 
23 
40 
41 
42 
31 
32 
21 
9 
2 
5 
24 
24 
27 
21 
8 
1 
7 
1 
39 
49 
42 
39 
32 
33 
34 
18 
0 
24 
7 
15 
14 
7 
16 
9 
31 
44 
34 
23 
23 
16 
5 
14 
13 
16 
7 
14 
5 
7 
1 
15 
36 
34 
39 
33 
34 
31 
32 
25 
18 
2 
10 
10 
18 
18 
18 
18 
18 
26 
23 
31 
23 
7 
7 
15 
2 
5 
13 
33 
18 
9 
2 
5 
10 
31 
40 
40 
29 
21 
29 
13 
2 
2 
30 
5 
2 
0 
16 
39 
22 
8 
12 
18 
20 
26 
23 
33 
34 
23 
23 
16 
16 
13 
6 
5 
8 
3 
5 
12 
26 
44 
42 
42 
31 
39 
31 
23 
10 
5 
16 
24 
15 
1 
5 
15 
32 
48 
33 
34 
26 
23 
15 
7 
24 
0 
7 
7 
15 
1 
2 
0 
8 
17 
10 
31 
32 
17 
18 
7 
7 
32 
21 
6 
13 
24 
16 
6 
18 
8 
17 
47 
64 
57 
10 
18 
0 
8 
8 
15 
6 
5 
0 
8 
6 
8 
12 
18 
28 
18 
15 
36 
26 
15 
7 
8 
21 
17 
10 
10 
15 
24 
17 
18 
15 
20 
2 
8 
6 
13 
8 
1 
5 
8 
6 
2 
15 
33 
34 
39 
64 
69 
61 
45 
37 
40 
15 
0 
13 
21 
13 
29 
29 
24 
23 
9 
18 
23 
24 
17 
34 
31 
16 
8 
2 
1 
21 
13 
8 
15 
9 
15 
28 
34 
31 
48 
25 
10 
15 
7 
0 
2 
6 
5 
8 
7 
1 
10 
15 
28 
34 
47 
48 
21 
1 
5 
16 
15 
22 
24 
15 
6 
2 
16 
17 
39 
56 
53 
57 
42 
58 
46 
37 
21 
8 
15 
8 
29 
37 
37 
13 
8 
8 
8 
1 
18 
23 
24 
24 
13 
1 
2 
2 
16 
15 
22 
24 
11 
2 
36 
42 
48 
41 
39 
31 
24 
21 
9 
5 
10 
39 
8 
15 
38 
13 
15 
36 
42 
31 
8 
24 
9 
2 
7 
7 
0 
10 
22 
29 
0 
33 
42 
24 
17 
18 
23 
25 
26 
10 
15 
15 
16 
8 
7 
0 
1 
2 
2 
15 
25 
26 
23 
24 
17 
10 
0 
0 
2 
6 
5 
0 
0 
1 
2 
0 
28 
26 
31 
32 
25 
34 
23 
16 
0 
10 
6 
13 
24 
0 
6 
0 
20 
18 
0 
41 
50 
23 
49 
18 
2 
0 
0 
6 
13 
24 
0 
1 
10 
16 
25 
34 
40 
41 
26 
7 
16 
5 
9 
2 
7 
7 
0 
0 
9 
13 
15 
36 
26 
23 
24 
29 
25 
26 
18 
5 
7 
0 
8 
15 
7 
1 
7 
16 
33 
18 
39 
40 
32 
24 
13 
13 
2 
2 
14 
21 
21 
16 
6 
2 
20 
26 
31 
33 
18 
0 
8 
9 
2 
0 
4 
2 
15 
20 
10 
0 
17 
2 
23 
33 
26 
39 
40 
17 
2 
5 
7 
16 
7 
6 
21 
0 
16 
17 
15 
24 
33 
34 
23 
8 
8 
17 
2 
5 
16 
15 
1 
2 
0 
17 
18 
32 
33 
31 
40 
21 
9 
10 
0 
7 
0 
14 
13 
16 
1 
5 
24 
33 
39 
44 
26 
31 
16 
17 
2 
2 
8 
0 
2 
14 
8 
8 
9 
23 
32 
25 
47 
31 
32 
13 
13 
9 
10 
10 
13 
16 
24 
15 
9 
7 
12 
34 
23 
17 
18 
24 
1 
2 
0 
7 
6 
2 
7 
12 
10 
15 
48 
57 
50 
42 
26 
23 
7 
8 
7 
8 
0 
2 
14 
21 
5 
0 
8 
9 
23 
24 
25 
26 
15 
48 
33 
2 
8 
16 
15 
26 
6 
0 
16 
25 
34 
31 
48 
33 
26 
7 
23 
16 
8 
23 
26 
6 
2 
8 
0 
6 
15 
24 
41 
47 
24 
32 
17 
2 
2 
0 
7 
0 
2 
6 
5 
7 
16 
33 
18 
31 
48 
29 
25 
10 
5 
2 
8 
8 
15 
0 
1 
2 
15 
16 
1 
15 
24 
17 
23 
24 
33 
18 
10 
0 
0 
15 
6 
13 
0 
16 
25 
31 
40 
33 
42 
18 
7 
7 
8 
8 
5 
6 
13 
24 
7 
9 
18 
16 
17 
15 
32 
17 
10 
15 
24 
2 
17 
10 
10 
0 
7 
16 
16 
25 
18 
10 
0 
4 
2 
7 
16 
25 
23 
16 
17 
10 
26 
31 
24 
8 
8 
13 
13 
25 
18 
2 
2 
7 
0 
0 
7 
1 
29 
24 
11 
2 
20 
18 
16 
25 
39 
52 
34 
42 
15 
31 
24 
8 
8 
7 
13 
17 
2 
7 
8 
9 
10 
7 
9 
2 
0 
8 
1 
21 
8 
8 
9 
15 
16 
17 
26 
39 
41 
26 
7 
24 
17 
10 
2 
0 
0 
1 
13 
24 
8 
1 
18 
24 
17 
31 
40 
33 
18 
0 
7 
6 
2 
0 
3 
21 
8 
22 
7 
57 
42 
56 
57 
50 
50 
31 
15 
0 
7 
15 
7 
14 
21 
16 
0 
1 
23 
33 
18 
16 
9 
15 
16 
1 
0 
0 
1 
2 
0 
12 
10 
23 
28 
18 
15 
33 
34 
31 
24 
9 
2 
15 
8 
1 
13 
13 
8 
9 
10 
15 
25 
23 
32 
25 
10 
15 
24 
25 
18 
2 
8 
8 
1 
2 
8 
3 
10 
28 
34 
31 
9 
26 
31 
23 
16 
8 
13 
9 
5 
13 
8 
8 
1 
15 
16 
25 
50 
31 
24 
0 
1 
5 
16 
23 
14 
5 
0 
9 
18 
24 
33 
39 
40 
33 
2 
8 
31 
16 
1 
5 
8 
15 
14 
5 
4 
13 
7 
17 
24 
17 
15 
9 
15 
12 
10 
0 
20 
2 
8 
1 
10 
20 
26 
24 
17 
23 
25 
15 
20 
10 
7 
12 
10 
0 
0 
6 
26 
24 
17 
26 
23 
25 
26 
23 
24 
17 
2 
7 
7 
8 
16 
2 
6 
21 
16 
14 
15 
36 
42 
39 
32 
37 
37 
25 
22 
1 
10 
10 
13 
13 
8 
8 
9 
18 
23 
16 
25 
10 
7 
8 
8 
9 
5 
2 
0 
15 
0 
6 
26 
32 
33 
42 
63 
16 
8 
2 
9 
10 
0 
0 
7 
15 
14 
5 
0 
4 
10 
23 
25 
42 
32 
33 
18 
10 
0 
7 
9 
2 
8 
0 
9 
18 
23 
24 
17 
18 
39 
32 
25 
18 
7 
0 
0 
7 
10 
22 
10 
0 
12 
10 
15 
28 
26 
23 
16 
9 
10 
15 
7 
0 
5 
9 
10 
0 
8 
1 
26 
15 
24 
33 
10 
23 
16 
1 
5 
24 
15 
6 
13 
0 
9 
18 
24 
25 
23 
28 
50 
39 
40 
32 
32 
24 
15 
7 
7 
8 
8 
8 
0 
5 
25 
18 
23 
16 
8 
1 
2 
2 
5 
0 
8 
7 
2 
6 
2 
0 
41 
42 
31 
40 
24 
21 
9 
2 
24 
24 
8 
1 
13 
0 
4 
2 
15 
25 
26 
39 
48 
33 
18 
7 
0 
16 
13 
5 
1 
5 
2 
0 
8 
17 
18 
15 
32 
17 
10 
0 
0 
8 
9 
2 
8 
16 
7 
1 
10 
16 
17 
26 
8 
9 
18 
8 
1 
10 
16 
33 
2 
15 
24 
21 
33 
26 
18 
23 
0 
0 
0 
0 
0 
2 
6 
13 
23 
33 
34 
39 
31 
24 
29 
29 
29 
29 
29 
29 
16 
16 
23 
14 
5 
18 
7 
23 
23 
15 
0 
6 
10 
18 
7 
32 
5 
33 
18 
10 
2 
0 
15 
7 
7 
0 
1 
10 
7 
16 
17 
18 
16 
17 
10 
0 
0 
13 
9 
10 
0 
0 
17 
18 
7 
16 
25 
26 
31 
24 
17 
5 
18 
23 
23 
0 
16 
8 
5 
17 
5 
24 
16 
49 
34 
26 
31 
7 
8 
8 
5 
10 
1 
2 
5 
16 
15 
9 
2 
8 
1 
23 
33 
34 
23 
24 
13 
37 
41 
26 
10 
13 
2 
0 
7 
8 
9 
10 
15 
16 
1 
2 
15 
8 
8 
2 
6 
2 
2 
15 
16 
1 
10 
24 
17 
18 
15 
24 
33 
18 
10 
2 
7 
0 
0 
6 
5 
7 
16 
17 
18 
16 
25 
18 
16 
1 
10 
7 
7 
0 
2 
14 
2 
15 
16 
25 
26 
31 
32 
25 
10 
0 
16 
1 
13 
24 
7 
14 
2 
8 
1 
10 
24 
41 
39 
48 
29 
33 
18 
18 
0 
16 
8 
7 
6 
5 
8 
0 
1 
15 
28 
18 
47 
32 
33 
5 
5 
15 
8 
9 
13 
13 
0 
17 
18 
15 
17 
26 
23 
17 
10 
23 
32 
21 
9 
2 
8 
8 
7 
1 
2 
0 
17 
15 
20 
10 
8 
25 
23 
24 
9 
10 
18 
15 
0 
8 
1 
18 
16 
25 
10 
7 
40 
17 
18 
0 
0 
9 
2 
0 
8 
8 
1 
0 
16 
1 
15 
25 
26 
24 
17 
18 
7 
0 
6 
5 
7 
14 
8 
12 
18 
16 
17 
39 
48 
61 
33 
42 
18 
0 
0 
7 
1 
2 
8 
8 
0 
9 
10 
23 
16 
25 
34 
15 
8 
5 
6 
10 
0 
0 
0 
1 
2 
7 
8 
9 
10 
32 
41 
50 
15 
8 
16 
9 
5 
5 
16 
7 
6 
2 
0 
1 
7 
9 
26 
44 
2 
23 
9 
0 
16 
9 
18 
0 
0 
17 
15 
24 
25 
34 
23 
9 
26 
15 
8 
1 
5 
0 
0 
6 
8 
23 
6 
2 
8 
17 
31 
33 
34 
32 
49 
18 
7 
8 
1 
5 
8 
8 
1 
5 
7 
9 
10 
24 
25 
23 
16 
25 
15 
8 
9 
5 
7 
8 
1 
2 
0 
1 
18 
24 
25 
23 
56 
25 
26 
15 
8 
16 
0 
14 
13 
24 
14 
5 
4 
2 
1 
15 
17 
31 
25 
15 
33 
18 
7 
8 
1 
5 
8 
17 
15 
8 
17 
23 
28 
26 
23 
20 
10 
7 
0 
14 
2 
0 
27 
21 
7 
9 
15 
17 
26 
36 
50 
39 
33 
26 
7 
7 
8 
9 
2 
8 
0 
9 
10 
7 
12 
2 
15 
36 
34 
15 
24 
17 
10 
0 
0 
7 
9 
10 
7 
0 
17 
26 
23 
40 
33 
26 
15 
7 
8 
0 
8 
2 
14 
13 
8 
4 
2 
7 
33 
34 
39 
40 
33 
18 
10 
10 
0 
8 
23 
30 
13 
7 
9 
18 
24 
33 
50 
39 
24 
24 
21 
21 
9 
5 
13 
13 
8 
8 
1 
2 
15 
24 
17 
10 
15 
25 
26 
15 
15 
0 
9 
10 
5 
8 
7 
14 
13 
36 
34 
23 
25 
10 
16 
9 
10 
7 
0 
1 
10 
0 
8 
9 
10 
16 
1 
15 
24 
25 
15 
16 
1 
5 
8 
6 
13 
0 
1 
7 
20 
18 
23 
41 
42 
48 
33 
42 
10 
7 
15 
8 
0 
8 
10 
14 
13 
7 
16 
25 
26 
31 
32 
24 
9 
18 
0 
0 
0 
7 
1 
5 
8 
0 
9 
2 
16 
25 
34 
40 
17 
10 
7 
8 
8 
6 
13 
0 
0 
6 
8 
4 
10 
36 
26 
39 
33 
34 
31 
24 
8 
9 
10 
5 
8 
8 
14 
10 
16 
17 
18 
24 
25 
26 
15 
8 
6 
2 
8 
7 
1 
2 
7 
24 
1 
26 
24 
33 
34 
39 
24 
13 
9 
13 
5 
7 
7 
0 
14 
2 
15 
28 
18 
23 
24 
33 
10 
23 
16 
5 
1 
5 
16 
0 
7 
1 
2 
23 
33 
26 
23 
24 
41 
18 
23 
15 
0 
2 
1 
2 
0 
16 
16 
24 
29 
9 
26 
31 
31 
40 
24 
16 
2 
2 
14 
21 
16 
16 
7 
1 
5 
7 
25 
26 
23 
17 
10 
15 
17 
10 
15 
8 
24 
17 
2 
2 
7 
16 
1 
15 
20 
10 
23 
16 
9 
0 
0 
9 
2 
0 
0 
22 
0 
16 
17 
23 
36 
26 
39 
48 
33 
18 
18 
7 
0 
10 
14 
13 
8 
0 
17 
2 
23 
36 
34 
31 
24 
8 
9 
13 
8 
15 
16 
13 
6 
2 
16 
0 
17 
15 
17 
10 
32 
25 
26 
23 
16 
16 
13 
5 
9 
5 
7 
15 
16 
9 
18 
15 
24 
37 
17 
18 
18 
15 
8 
15 
23 
14 
5 
0 
8 
9 
26 
31 
32 
41 
26 
34 
15 
7 
0 
0 
5 
6 
13 
16 
7 
1 
10 
16 
9 
23 
40 
25 
18 
7 
0 
9 
10 
0 
7 
14 
2 
0 
14 
8 
6 
23 
33 
42 
40 
41 
18 
23 
23 
8 
8 
9 
2 
2 
0 
4 
10 
23 
28 
18 
15 
24 
25 
18 
2 
8 
7 
1 
13 
0 
8 
9 
18 
24 
25 
26 
23 
9 
2 
7 
1 
2 
7 
16 
9 
5 
0 
17 
10 
15 
9 
15 
36 
34 
31 
16 
9 
10 
7 
15 
6 
10 
0 
0 
1 
2 
32 
41 
23 
32 
25 
26 
23 
15 
0 
2 
9 
2 
13 
16 
7 
1 
10 
16 
9 
7 
40 
25 
18 
0 
1 
2 
8 
1 
10 
0 
16 
9 
15 
16 
25 
39 
40 
33 
18 
7 
15 
0 
5 
14 
13 
0 
8 
1 
13 
0 
17 
26 
28 
10 
15 
9 
10 
8 
1 
13 
0 
1 
10 
0 
9 
18 
24 
17 
18 
32 
41 
34 
23 
8 
1 
2 
0 
0 
6 
45 
8 
6 
7 
1 
23 
33 
47 
17 
10 
16 
25 
26 
8 
6 
2 
0 
0 
1 
7 
16 
17 
31 
36 
34 
23 
24 
17 
5 
0 
0 
1 
2 
8 
7 
6 
7 
20 
18 
31 
17 
50 
31 
32 
9 
10 
7 
8 
8 
9 
13 
2 
0 
16 
9 
23 
32 
41 
34 
15 
0 
8 
16 
13 
1 
2 
2 
0 
0 
0 
14 
18 
31 
32 
17 
18 
15 
24 
5 
1 
13 
0 
7 
7 
6 
5 
7 
17 
18 
31 
33 
34 
23 
20 
10 
2 
0 
8 
1 
2 
0 
0 
1 
2 
15 
36 
26 
39 
40 
25 
2 
18 
15 
8 
7 
14 
21 
16 
7 
6 
16 
9 
31 
25 
31 
40 
33 
34 
39 
8 
8 
1 
13 
16 
15 
1 
10 
16 
17 
31 
24 
57 
42 
26 
15 
15 
16 
8 
16 
2 
18 
14 
2 
7 
0 
9 
18 
23 
24 
17 
5 
0 
16 
17 
2 
2 
0 
8 
9 
10 
8 
24 
25 
23 
24 
33 
18 
15 
7 
8 
6 
2 
2 
8 
7 
6 
10 
16 
25 
26 
15 
41 
26 
15 
16 
17 
10 
10 
15 
8 
15 
9 
10 
18 
15 
24 
25 
26 
23 
16 
2 
1 
2 
0 
7 
6 
5 
8 
7 
1 
5 
8 
17 
23 
25 
26 
32 
25 
18 
15 
16 
24 
29 
5 
9 
10 
26 
15 
23 
16 
13 
17 
10 
7 
0 
7 
6 
13 
5 
16 
7 
9 
18 
15 
24 
33 
15 
24 
17 
0 
0 
6 
2 
0 
1 
13 
0 
20 
10 
0 
20 
42 
47 
40 
41 
34 
39 
23 
0 
7 
15 
18 
6 
13 
16 
6 
2 
15 
17 
26 
24 
33 
15 
8 
17 
0 
8 
9 
2 
7 
0 
24 
25 
26 
15 
24 
25 
26 
23 
8 
9 
2 
7 
8 
15 
22 
8 
8 
9 
10 
15 
40 
57 
50 
42 
23 
32 
24 
2 
22 
13 
8 
8 
7 
14 
16 
12 
5 
23 
41 
34 
39 
32 
25 
10 
0 
8 
0 
6 
5 
8 
0 
9 
7 
8 
25 
15 
16 
41 
42 
31 
31 
24 
16 
0 
7 
10 
1 
2 
10 
7 
8 
17 
18 
15 
24 
17 
18 
0 
7 
18 
1 
10 
0 
16 
16 
9 
18 
23 
24 
9 
34 
23 
31 
16 
24 
5 
5 
2 
6 
21 
8 
8 
9 
10 
32 
37 
25 
26 
0 
7 
6 
13 
8 
7 
6 
5 
0 
4 
10 
7 
33 
34 
36 
42 
23 
32 
37 
25 
18 
18 
10 
10 
2 
5 
2 
7 
15 
16 
13 
30 
2 
15 
24 
9 
5 
0 
0 
7 
6 
5 
8 
8 
9 
0 
17 
18 
36 
34 
15 
9 
34 
58 
23 
7 
7 
7 
8 
8 
5 
6 
10 
15 
16 
9 
18 
15 
16 
8 
9 
13 
2 
0 
7 
19 
13 
8 
9 
18 
36 
18 
39 
36 
18 
7 
7 
9 
18 
7 
16 
1 
2 
15 
24 
25 
18 
39 
39 
32 
21 
25 
2 
13 
5 
16 
16 
7 
2 
1 
18 
7 
25 
18 
23 
24 
17 
18 
15 
16 
9 
5 
5 
16 
15 
14 
8 
12 
18 
32 
33 
31 
44 
26 
31 
24 
17 
2 
2 
7 
7 
0 
7 
1 
10 
7 
8 
17 
15 
24 
17 
18 
23 
15 
8 
10 
14 
2 
0 
0 
6 
10 
31 
33 
34 
31 
24 
33 
26 
7 
0 
8 
8 
2 
22 
21 
16 
16 
17 
18 
7 
1 
15 
12 
2 
4 
10 
31 
32 
24 
5 
2 
33 
26 
26 
0 
9 
26 
15 
33 
10 
7 
0 
8 
9 
13 
5 
7 
16 
17 
10 
0 
32 
25 
34 
15 
24 
21 
17 
2 
2 
8 
8 
0 
7 
6 
2 
15 
28 
10 
7 
1 
18 
0 
1 
7 
16 
9 
10 
7 
8 
1 
18 
15 
28 
18 
31 
44 
26 
7 
8 
1 
10 
15 
8 
7 
1 
2 
2 
8 
9 
2 
23 
25 
18 
24 
17 
18 
8 
9 
13 
24 
1 
2 
15 
14 
8 
17 
23 
52 
58 
71 
79 
55 
31 
15 
7 
16 
0 
0 
15 
31 
0 
13 
17 
10 
10 
23 
31 
24 
0 
2 
1 
2 
5 
16 
23 
14 
13 
8 
1 
10 
23 
33 
34 
40 
17 
26 
23 
16 
1 
5 
15 
16 
0 
6 
5 
7 
16 
17 
15 
24 
33 
26 
7 
4 
21 
16 
6 
21 
15 
14 
0 
17 
34 
40 
49 
74 
63 
63 
40 
0 
8 
15 
46 
52 
69 
51 
36 
13 
1 
15 
33 
63 
64 
81 
90 
102 
85 
56 
15 
14 
5 
26 
66 
86 
80 
54 
28 
13 
16 
49 
71 
71 
72 
56 
31 
23 
7 
24 
40 
54 
37 
27 
16 
1 
15 
64 
81 
90 
78 
61 
72 
39 
1 
42 
2 
2 
38 
69 
72 
78 
51 
21 
17 
55 
33 
58 
103 
7 
24 
136 
69 
23 
15 
16 
64 
88 
23 
7 
16 
0 
119 
111 
46 
29 
128 
49 
21 
15 
6 
10 
12 
21 
8 
1 
3 
26 
68 
34 
47 
25 
34 
32 
24 
25 
18 
24 
59 
5 
68 
69 
51 
19 
51 
66 
52 
47 
17 
20 
2 
27 
69 
22 
4 
11 
26 
92 
98 
128 
56 
21 
77 
10 
38 
194 
86 
173 
0 
128 
233 
142 
221 
99 
51 
34 
6 
76 
115 
106 
100 
82 
52 
117 
176 
6 
52 
42 
41 
11 
2 
3 
148 
105 
12 
34 
43 
69 
22 
11 
43 
43 
58 
76 
82 
100 
74 
71 
81 
42 
27 
69 
54 
82 
121 
148 
59 
3 
12 
52 
66 
79 
120 
129 
138 
138 
130 
110 
109 
88 
87 
62 
7 
96 
169 
138 
334 
200 
14 
60 
68 
9 
94 
86 
30 
6 
25 
6 
5 
81 
68 
42 
64 
97 
42 
20 
13 
54 
75 
100 
51 
26 
70 
27 
20 
33 
73 
41 
36 
50 
88 
70 
69 
115 
59 
78 
66 
57 
89 
59 
74 
95 
104 
96 
87 
0 
57 
14 
45 
100 
45 
94 
46 
4 
10 
17 
66 
119 
104 
88 
96 
72 
184 
176 
115 
18 
41 
67 
20 
76 
28 
59 
114 
60 
42 
72 
40 
14 
85 
131 
36 
4 
20 
73 
129 
143 
133 
125 
104 
88 
46 
106 
64 
82 
74 
55 
43 
117 
126 
100 
141 
110 
91 
99 
50 
31 
24 
70 
132 
148 
119 
105 
130 
158 
213 
163 
137 
97 
57 
110 
35 
74 
225 
57 
170 
57 
147 
275 
331 
266 
57 
75 
2 
91 
97 
177 
209 
223 
144 
235 
308 
260 
119 
23 
318 
75 
63 
225 
242 
62 
34 
104 
97 
74 
87 
87 
55 
141 
117 
65 
2 
39 
38 
36 
45 
123 
83 
77 
83 
104 
102 
124 
121 
41 
6 
35 
27 
20 
14 
22 
41 
3 
60 
244 
247 
168 
127 
22 
182 
240 
166 
110 
41 
57 
46 
226 
341 
277 
42 
47 
103 
115 
196 
48 
38 
58 
103 
188 
226 
95 
11 
2 
24 
70 
52 
314 
385 
102 
218 
287 
312 
120 
80 
239 
190 
29 
66 
34 
50 
194 
218 
71 
128 
15 
26 
78 
144 
166 
166 
162 
176 
173 
165 
192 
158 
34 
73 
68 
14 
70 
44 
45 
15 
121 
190 
2 
111 
57 
42 
86 
92 
100 
85 
376 
14 
257 
157 
78 
45 
8 
54 
13 
304 
493 
125 
31 
161 
207 
12 
74 
111 
31 
17 
21 
32 
112 
336 
142 
149 
94 
235 
202 
60 
61 
194 
137 
284 
242 
106 
38 
13 
34 
59 
13 
67 
149 
118 
56 
18 
165 
331 
212 
59 
36 
229 
99 
5 
60 
79 
100 
210 
110 
5 
360 
299 
118 
323 
443 
274 
219 
165 
114 
102 
547 
471 
317 
192 
34 
174 
243 
133 
43 
10 
87 
159 
11 
2 
18 
41 
55 
14 
83 
156 
140 
2 
12 
98 
304 
336 
135 
73 
111 
127 
203 
244 
272 
229 
147 
125 
103 
61 
146 
191 
27 
100 
161 
284 
386 
175 
143 
191 
116 
157 
291 
220 
292 
259 
58 
22 
34 
40 
113 
202 
57 
210 
231 
193 
39 
70 
75 
92 
332 
546 
255 
38 
44 
4 
61 
78 
43 
10 
24 
135 
32 
51 
173 
192 
142 
80 
46 
47 
7 
64 
137 
37 
88 
59 
5 
39 
13 
93 
139 
235 
238 
141 
8 
72 
159 
336 
192 
48 
113 
83 
279 
421 
256 
86 
35 
200 
278 
99 
218 
486 
476 
324 
183 
9 
13 
38 
188 
92 
159 
117 
61 
4 
13 
20 
47 
29 
94 
165 
245 
60 
22 
41 
1 
12 
4 
77 
130 
145 
159 
294 
291 
155 
83 
12 
56 
70 
50 
176 
265 
306 
154 
24 
96 
30 
100 
204 
122 
16 
25 
29 
131 
223 
380 
457 
224 
33 
159 
129 
68 
99 
183 
280 
179 
132 
159 
353 
434 
154 
77 
267 
298 
318 
396 
319 
260 
181 
410 
437 
44 
28 
19 
69 
3 
0 
55 
70 
37 
144 
193 
39 
46 
91 
154 
191 
183 
111 
47 
40 
9 
0 
7 
83 
189 
138 
105 
148 
146 
1 
203 
146 
344 
355 
207 
64 
57 
0 
110 
143 
237 
348 
169 
60 
218 
41 
92 
34 
280 
328 
250 
17 
43 
154 
103 
32 
72 
137 
45 
211 
207 
253 
300 
265 
121 
106 
121 
263 
263 
49 
125 
40 
281 
322 
311 
223 
134 
21 
191 
456 
224 
95 
318 
32 
22 
83 
44 
84 
93 
102 
166 
266 
207 
118 
27 
18 
128 
189 
115 
228 
186 
143 
34 
85 
75 
59 
184 
405 
216 
17 
116 
26 
269 
325 
221 
75 
35 
81 
27 
227 
234 
264 
91 
20 
116 
98 
127 
87 
38 
116 
200 
269 
339 
370 
296 
56 
158 
172 
272 
452 
273 
138 
102 
10 
102 
137 
169 
287 
291 
244 
132 
139 
279 
131 
269 
282 
25 
37 
53 
155 
147 
154 
127 
80 
14 
117 
15 
139 
18 
52 
91 
138 
41 
44 
29 
55 
17 
39 
200 
88 
7 
79 
107 
21 
11 
21 
70 
140 
92 
54 
142 
178 
19 
3 
73 
84 
50 
79 
88 
33 
8 
50 
177 
240 
152 
118 
213 
168 
0 
17 
45 
76 
85 
54 
39 
72 
56 
31 
23 
103 
72 
49 
66 
16 
128 
191 
142 
37 
70 
165 
142 
67 
55 
133 
148 
153 
108 
91 
303 
285 
20 
195 
147 
114 
87 
67 
92 
9 
210 
145 
47 
67 
106 
100 
74 
116 
130 
127 
23 
193 
322 
131 
90 
100 
27 
76 
116 
75 
2 
25 
3 
66 
119 
176 
192 
175 
94 
29 
0 
79 
103 
94 
77 
51 
100 
212 
130 
95 
55 
36 
225 
395 
425 
400 
233 
130 
119 
105 
58 
163 
283 
79 
36 
114 
183 
119 
171 
389 
386 
216 
88 
9 
63 
107 
53 
154 
425 
406 
352 
238 
164 
117 
62 
46 
36 
107 
130 
223 
304 
155 
84 
44 
28 
45 
23 
62 
181 
192 
87 
42 
63 
41 
140 
117 
6 
79 
123 
92 
52 
21 
38 
86 
229 
195 
84 
116 
43 
59 
12 
32 
94 
83 
87 
129 
162 
190 
220 
180 
178 
192 
13 
150 
189 
82 
57 
88 
189 
285 
139 
59 
139 
191 
129 
50 
33 
10 
0 
128 
229 
85 
71 
177 
111 
129 
55 
30 
72 
182 
388 
252 
88 
150 
116 
133 
102 
1 
54 
12 
58 
29 
17 
111 
200 
283 
284 
187 
82 
6 
50 
108 
154 
190 
208 
194 
193 
191 
128 
19 
117 
74 
145 
270 
236 
124 
131 
211 
168 
63 
7 
48 
63 
0 
12 
114 
177 
111 
104 
38 
11 
38 
5 
62 
168 
46 
66 
236 
147 
121 
185 
159 
140 
14 
136 
181 
192 
144 
31 
54 
220 
231 
57 
115 
133 
40 
111 
95 
174 
56 
31 
8 
71 
102 
101 
79 
1 
79 
96 
72 
24 
56 
165 
157 
160 
174 
20 
85 
62 
30 
46 
58 
57 
44 
36 
28 
28 
113 
193 
183 
151 
102 
43 
18 
120 
216 
323 
273 
204 
107 
50 
51 
169 
320 
388 
349 
314 
249 
132 
7 
1 
63 
184 
224 
231 
166 
37 
85 
249 
234 
105 
218 
153 
49 
58 
57 
35 
90 
48 
53 
96 
144 
144 
112 
120 
70 
50 
52 
267 
354 
83 
29 
44 
28 
12 
37 
19 
2 
43 
60 
68 
214 
285 
195 
52 
100 
211 
162 
206 
101 
13 
6 
103 
112 
120 
88 
116 
52 
204 
226 
278 
285 
235 
181 
176 
155 
53 
137 
167 
179 
220 
116 
75 
50 
41 
2 
63 
95 
31 
24 
200 
259 
261 
222 
120 
30 
15 
25 
15 
15 
9 
34 
122 
166 
224 
150 
83 
35 
52 
65 
37 
17 
60 
35 
12 
100 
162 
227 
257 
205 
162 
9 
155 
91 
2 
47 
142 
227 
236 
135 
73 
4 
37 
38 
138 
192 
224 
235 
227 
182 
158 
110 
33 
112 
173 
277 
283 
187 
32 
89 
190 
229 
179 
116 
85 
70 
27 
26 
96 
229 
284 
241 
145 
4 
105 
184 
240 
190 
123 
115 
84 
141 
78 
111 
145 
142 
61 
16 
32 
15 
83 
173 
323 
135 
8 
107 
156 
116 
135 
193 
202 
143 
118 
136 
102 
20 
10 
4 
5 
3 
34 
36 
34 
55 
88 
109 
109 
64 
47 
46 
40 
30 
63 
101 
144 
136 
71 
16 
59 
64 
9 
44 
42 
71 
88 
55 
7 
21 
24 
56 
152 
103 
9 
87 
103 
86 
197 
227 
164 
125 
118 
17 
113 
156 
202 
159 
127 
62 
10 
12 
125 
190 
139 
0 
38 
12 
100 
247 
229 
117 
109 
45 
56 
115 
93 
3 
2 
71 
112 
23 
55 
18 
25 
130 
222 
189 
46 
43 
107 
66 
16 
134 
108 
97 
105 
135 
184 
198 
163 
76 
57 
50 
81 
80 
33 
5 
13 
33 
2 
40 
6 
8 
86 
208 
134 
20 
79 
120 
88 
117 
65 
29 
80 
46 
35 
44 
109 
126 
78 
41 
167 
216 
255 
238 
131 
77 
70 
16 
17 
90 
111 
103 
95 
87 
70 
117 
123 
36 
119 
161 
170 
151 
118 
101 
96 
102 
29 
3 
87 
145 
263 
176 
128 
63 
134 
60 
110 
90 
81 
81 
89 
44 
3 
26 
44 
18 
60 
90 
15 
32 
73 
82 
119 
5 
9 
58 
87 
135 
94 
21 
76 
26 
3 
29 
43 
23 
49 
71 
76 
50 
23 
16 
49 
82 
54 
13 
22 
69 
104 
51 
109 
62 
3 
51 
138 
119 
95 
119 
114 
114 
134 
45 
80 
105 
90 
70 
77 
48 
39 
55 
63 
15 
31 
8 
8 
0 
0 
24 
24 
7 
46 
68 
41 
1 
13 
9 
52 
47 
46 
128 
22 
100 
90 
104 
153 
146 
94 
101 
72 
23 
89 
98 
118 
133 
164 
169 
81 
54 
74 
1 
36 
98 
105 
104 
89 
90 
79 
64 
37 
1 
45 
112 
118 
3 
2 
6 
3 
20 
21 
22 
12 
27 
2 
9 
12 
27 
18 
25 
23 
17 
20 
26 
17 
12 
21 
51 
52 
9 
82 
49 
6 
62 
42 
9 
3 
4 
36 
65 
57 
33 
60 
47 
49 
71 
80 
37 
1 
18 
39 
20 
21 
76 
101 
59 
23 
65 
60 
50 
44 
7 
22 
67 
140 
84 
4 
43 
51 
67 
99 
19 
26 
33 
33 
33 
12 
27 
52 
60 
36 
7 
57 
87 
73 
74 
41 
19 
22 
10 
9 
22 
27 
28 
17 
21 
14 
1 
4 
11 
12 
28 
13 
44 
106 
152 
105 
47 
64 
6 
8 
22 
16 
30 
8 
11 
61 
83 
49 
34 
25 
30 
1 
73 
140 
130 
87 
47 
23 
31 
47 
0 
31 
30 
29 
0 
46 
53 
19 
21 
12 
50 
44 
26 
7 
6 
8 
1 
3 
2 
1 
3 
10 
28 
82 
79 
64 
64 
48 
40 
29 
2 
6 
21 
8 
40 
83 
53 
11 
5 
11 
21 
41 
63 
65 
50 
32 
41 
42 
63 
71 
39 
8 
39 
86 
69 
35 
2 
36 
42 
55 
16 
6 
0 
0 
17 
2 
40 
22 
2 
44 
26 
36 
50 
68 
58 
31 
28 
18 
0 
15 
7 
14 
29 
47 
30 
13 
12 
2 
12 
10 
30 
12 
39 
49 
63 
57 
70 
69 
64 
79 
38 
2 
26 
34 
10 
30 
21 
8 
23 
22 
29 
48 
46 
28 
61 
19 
27 
42 
89 
87 
81 
71 
40 
33 
31 
24 
9 
13 
16 
15 
3 
5 
7 
8 
1 
13 
16 
54 
56 
38 
16 
65 
119 
120 
97 
66 
47 
15 
0 
1 
29 
61 
64 
46 
2 
7 
65 
42 
0 
0 
17 
42 
23 
3 
5 
23 
14 
40 
54 
15 
33 
50 
47 
48 
73 
66 
66 
38 
29 
72 
47 
6 
2 
87 
135 
23 
1 
31 
9 
10 
16 
33 
66 
47 
0 
23 
103 
18 
6 
2 
7 
22 
53 
19 
35 
42 
25 
14 
19 
3 
12 
35 
74 
119 
111 
102 
61 
31 
6 
5 
9 
13 
29 
48 
27 
21 
8 
1 
18 
23 
0 
42 
38 
13 
8 
9 
2 
12 
18 
36 
42 
56 
57 
42 
23 
4 
29 
32 
6 
2 
7 
32 
25 
26 
15 
16 
33 
66 
34 
15 
31 
31 
23 
15 
7 
16 
40 
56 
71 
54 
0 
33 
39 
41 
55 
64 
49 
10 
16 
6 
13 
31 
38 
16 
7 
1 
16 
56 
97 
98 
98 
82 
26 
9 
10 
22 
21 
29 
48 
71 
54 
5 
28 
34 
47 
49 
34 
31 
16 
17 
26 
23 
39 
31 
17 
18 
15 
8 
14 
24 
19 
29 
30 
15 
49 
74 
71 
55 
24 
32 
37 
29 
1 
37 
56 
43 
32 
1 
47 
56 
64 
57 
18 
18 
55 
63 
47 
14 
18 
18 
42 
62 
61 
40 
19 
10 
39 
25 
47 
48 
25 
23 
40 
9 
2 
15 
54 
37 
15 
40 
25 
23 
28 
18 
31 
36 
2 
2 
31 
40 
6 
21 
10 
0 
15 
1 
5 
19 
5 
28 
21 
43 
5 
33 
79 
112 
117 
85 
64 
40 
15 
16 
72 
47 
19 
21 
24 
20 
10 
15 
0 
25 
50 
34 
15 
23 
8 
7 
6 
26 
42 
15 
8 
23 
5 
25 
2 
34 
34 
18 
2 
37 
56 
31 
33 
7 
12 
26 
52 
10 
7 
48 
69 
37 
10 
21 
37 
2 
13 
21 
17 
5 
21 
32 
0 
1 
18 
15 
24 
6 
0 
16 
17 
18 
23 
8 
0 
22 
29 
19 
13 
28 
42 
8 
33 
66 
78 
77 
37 
37 
32 
0 
24 
32 
23 
1 
18 
2 
5 
6 
10 
26 
5 
72 
88 
31 
5 
25 
34 
55 
40 
21 
14 
29 
24 
8 
17 
50 
56 
53 
49 
42 
21 
16 
7 
0 
8 
14 
53 
48 
31 
6 
47 
65 
74 
47 
1 
24 
4 
50 
31 
48 
48 
39 
8 
21 
13 
10 
10 
23 
7 
15 
16 
33 
37 
24 
24 
17 
0 
27 
2 
0 
6 
15 
33 
2 
3 
10 
16 
17 
66 
55 
40 
17 
0 
8 
1 
32 
23 
14 
16 
4 
5 
47 
80 
65 
66 
47 
32 
56 
64 
8 
16 
24 
8 
15 
15 
14 
2 
0 
22 
8 
0 
7 
13 
101 
112 
79 
39 
45 
85 
45 
32 
15 
33 
5 
55 
7 
65 
82 
42 
10 
34 
72 
32 
31 
14 
10 
0 
20 
18 
23 
20 
2 
15 
48 
49 
10 
0 
15 
31 
38 
8 
0 
25 
15 
8 
1 
34 
72 
89 
74 
42 
0 
15 
30 
37 
16 
5 
37 
37 
16 
0 
7 
39 
90 
118 
77 
13 
8 
24 
24 
7 
23 
17 
90 
55 
56 
112 
112 
131 
101 
52 
111 
129 
55 
105 
114 
58 
15 
39 
47 
31 
23 
54 
13 
44 
26 
12 
34 
36 
10 
16 
0 
40 
37 
17 
10 
7 
16 
0 
15 
16 
7 
32 
37 
25 
18 
7 
8 
1 
13 
8 
24 
45 
21 
45 
37 
7 
47 
15 
25 
34 
23 
16 
9 
2 
8 
8 
24 
5 
5 
29 
5 
21 
1 
5 
32 
20 
58 
39 
36 
10 
16 
7 
14 
21 
47 
46 
2 
2 
8 
23 
48 
49 
98 
95 
56 
21 
41 
62 
61 
29 
55 
31 
0 
39 
62 
85 
51 
53 
15 
9 
31 
33 
15 
49 
74 
23 
32 
32 
25 
2 
0 
12 
18 
7 
23 
30 
0 
33 
23 
12 
18 
18 
15 
24 
48 
29 
53 
61 
29 
2 
2 
2 
21 
18 
9 
10 
34 
42 
8 
16 
16 
8 
24 
39 
22 
29 
4 
5 
4 
34 
52 
34 
33 
55 
40 
25 
10 
15 
55 
63 
38 
29 
58 
95 
55 
30 
8 
6 
26 
60 
50 
39 
32 
17 
2 
8 
4 
2 
16 
11 
13 
7 
25 
23 
32 
17 
23 
37 
33 
18 
26 
26 
7 
0 
7 
7 
1 
5 
8 
25 
26 
16 
9 
18 
16 
2 
1 
18 
23 
8 
1 
2 
8 
3 
21 
0 
17 
26 
40 
25 
18 
24 
17 
2 
8 
14 
2 
16 
29 
1 
29 
15 
52 
50 
55 
47 
40 
29 
25 
5 
37 
29 
40 
40 
0 
46 
24 
9 
63 
73 
63 
48 
33 
26 
23 
8 
8 
6 
13 
16 
31 
30 
13 
8 
1 
15 
40 
49 
42 
23 
24 
16 
25 
18 
7 
39 
30 
0 
28 
10 
7 
17 
8 
12 
26 
16 
25 
31 
32 
18 
30 
8 
28 
2 
0 
4 
18 
16 
25 
50 
39 
56 
33 
26 
0 
7 
6 
21 
16 
3 
29 
8 
9 
18 
20 
26 
44 
26 
31 
17 
10 
15 
14 
5 
8 
0 
9 
7 
12 
2 
0 
17 
39 
44 
34 
16 
9 
10 
31 
25 
45 
32 
6 
10 
12 
2 
8 
9 
23 
9 
15 
17 
23 
36 
18 
24 
25 
23 
0 
6 
21 
8 
12 
10 
7 
1 
31 
41 
26 
16 
33 
26 
23 
31 
6 
2 
0 
24 
1 
2 
7 
1 
23 
25 
34 
40 
33 
31 
8 
9 
2 
8 
7 
14 
21 
8 
6 
18 
44 
42 
15 
33 
39 
40 
17 
2 
15 
7 
16 
24 
16 
5 
25 
34 
34 
2 
10 
26 
18 
22 
29 
29 
32 
8 
8 
2 
1 
13 
13 
13 
13 
37 
48 
40 
31 
6 
13 
8 
0 
21 
17 
18 
26 
26 
2 
6 
5 
10 
31 
39 
39 
40 
40 
24 
8 
0 
0 
7 
7 
10 
6 
21 
13 
0 
16 
9 
26 
23 
40 
32 
29 
13 
37 
13 
10 
9 
29 
29 
8 
0 
33 
18 
39 
40 
33 
34 
0 
7 
8 
7 
13 
6 
2 
2 
7 
0 
16 
32 
57 
10 
10 
50 
42 
23 
7 
0 
7 
15 
15 
37 
24 
0 
15 
8 
7 
5 
25 
58 
18 
24 
15 
7 
7 
0 
0 
2 
1 
2 
8 
7 
6 
23 
32 
41 
42 
31 
39 
32 
24 
8 
0 
0 
7 
10 
10 
14 
2 
7 
8 
1 
26 
39 
40 
21 
9 
10 
7 
8 
0 
0 
6 
5 
0 
0 
1 
10 
39 
47 
48 
45 
29 
29 
21 
5 
10 
18 
6 
5 
5 
0 
0 
17 
18 
23 
40 
49 
58 
42 
34 
22 
29 
5 
0 
7 
24 
21 
13 
13 
5 
2 
7 
31 
31 
32 
16 
8 
5 
5 
2 
6 
5 
18 
10 
0 
7 
6 
2 
31 
41 
34 
23 
47 
55 
42 
14 
5 
10 
71 
23 
16 
1 
18 
5 
24 
4 
42 
42 
15 
15 
32 
16 
24 
24 
16 
10 
14 
21 
2 
7 
8 
9 
26 
39 
32 
13 
1 
18 
2 
16 
0 
0 
6 
5 
0 
0 
1 
18 
31 
40 
25 
42 
47 
32 
24 
16 
0 
15 
15 
18 
14 
21 
15 
32 
41 
50 
39 
39 
31 
31 
18 
14 
21 
40 
16 
16 
9 
2 
5 
5 
5 
24 
24 
24 
24 
0 
7 
15 
23 
15 
10 
10 
5 
13 
5 
5 
29 
32 
7 
32 
40 
29 
21 
13 
5 
2 
2 
9 
5 
16 
16 
9 
5 
8 
17 
5 
16 
41 
58 
48 
49 
10 
10 
0 
0 
15 
14 
5 
0 
17 
26 
24 
49 
42 
23 
7 
15 
1 
2 
0 
0 
22 
16 
3 
13 
11 
0 
9 
44 
50 
40 
17 
34 
32 
25 
10 
23 
24 
8 
1 
21 
32 
4 
10 
20 
34 
28 
18 
32 
17 
15 
4 
13 
16 
22 
29 
19 
13 
6 
23 
25 
52 
82 
68 
26 
15 
20 
18 
15 
0 
1 
5 
0 
22 
21 
19 
21 
6 
35 
50 
68 
50 
80 
57 
34 
18 
18 
0 
40 
48 
15 
22 
29 
28 
42 
39 
33 
18 
8 
6 
2 
7 
30 
5 
12 
18 
7 
9 
7 
17 
23 
28 
34 
23 
25 
2 
0 
14 
8 
11 
5 
4 
2 
4 
10 
4 
15 
49 
47 
44 
42 
31 
40 
25 
18 
0 
14 
13 
8 
3 
13 
0 
28 
26 
23 
17 
18 
24 
1 
13 
3 
2 
23 
25 
39 
40 
9 
5 
15 
28 
10 
15 
9 
5 
24 
6 
26 
32 
49 
82 
8 
31 
31 
54 
64 
27 
2 
33 
31 
33 
31 
17 
19 
10 
12 
10 
43 
37 
30 
12 
2 
1 
6 
36 
60 
59 
50 
33 
43 
26 
4 
13 
3 
0 
14 
12 
13 
14 
4 
11 
18 
17 
41 
36 
43 
34 
33 
19 
18 
15 
14 
0 
3 
2 
20 
2 
9 
27 
10 
4 
8 
6 
4 
11 
34 
25 
12 
23 
25 
7 
1 
11 
13 
11 
3 
10 
4 
27 
18 
20 
31 
41 
60 
26 
3 
2 
20 
5 
6 
7 
1 
7 
25 
31 
25 
31 
36 
26 
7 
4 
21 
31 
14 
20 
18 
12 
10 
52 
66 
60 
34 
7 
8 
9 
2 
16 
3 
5 
16 
38 
8 
1 
23 
17 
15 
41 
82 
96 
53 
9 
13 
32 
7 
4 
2 
8 
8 
1 
0 
12 
10 
8 
33 
15 
3 
21 
24 
22 
8 
9 
15 
1 
43 
34 
52 
42 
8 
25 
31 
24 
25 
26 
16 
1 
5 
15 
30 
24 
22 
8 
20 
34 
31 
49 
50 
47 
32 
29 
17 
18 
15 
16 
1 
5 
16 
23 
30 
21 
0 
9 
23 
17 
26 
24 
25 
7 
0 
9 
0 
7 
6 
0 
28 
34 
31 
17 
0 
28 
26 
23 
24 
9 
23 
7 
8 
6 
5 
15 
7 
38 
32 
4 
34 
68 
50 
24 
17 
42 
23 
16 
1 
18 
39 
24 
5 
9 
26 
5 
5 
32 
23 
8 
25 
50 
39 
24 
13 
17 
2 
2 
0 
8 
15 
6 
5 
15 
12 
10 
31 
33 
18 
16 
9 
7 
8 
5 
6 
10 
0 
0 
9 
18 
23 
23 
32 
33 
34 
47 
32 
24 
9 
2 
2 
24 
32 
0 
16 
13 
5 
1 
18 
18 
47 
32 
29 
33 
2 
10 
0 
8 
8 
23 
7 
6 
2 
8 
4 
26 
31 
40 
41 
18 
23 
23 
8 
0 
5 
21 
9 
5 
5 
8 
8 
17 
18 
15 
24 
37 
33 
10 
10 
10 
7 
8 
16 
23 
14 
18 
23 
24 
9 
10 
48 
53 
33 
2 
18 
23 
23 
0 
24 
16 
16 
7 
1 
2 
0 
32 
17 
18 
23 
16 
29 
17 
26 
10 
7 
15 
0 
7 
6 
13 
0 
12 
18 
15 
9 
10 
8 
6 
7 
4 
10 
15 
8 
22 
0 
40 
25 
34 
31 
40 
57 
42 
31 
0 
16 
16 
5 
18 
14 
21 
21 
40 
6 
7 
17 
47 
57 
34 
23 
23 
31 
23 
15 
7 
7 
2 
29 
32 
16 
8 
9 
7 
20 
18 
24 
33 
23 
8 
9 
10 
0 
8 
15 
22 
32 
14 
5 
1 
15 
25 
31 
25 
15 
1 
0 
76 
82 
71 
24 
14 
21 
13 
16 
7 
22 
7 
24 
17 
26 
16 
25 
26 
23 
0 
9 
42 
31 
8 
6 
37 
0 
16 
25 
26 
31 
32 
33 
18 
0 
0 
16 
2 
2 
14 
5 
10 
15 
24 
32 
25 
42 
42 
23 
0 
7 
0 
5 
9 
5 
21 
5 
0 
8 
17 
18 
23 
32 
25 
18 
15 
32 
24 
5 
14 
29 
13 
8 
0 
9 
2 
23 
36 
10 
8 
20 
42 
23 
20 
2 
16 
15 
22 
8 
22 
0 
9 
23 
28 
18 
31 
57 
58 
63 
48 
40 
13 
18 
22 
21 
24 
15 
9 
10 
7 
1 
18 
39 
88 
49 
10 
10 
2 
15 
15 
16 
0 
15 
26 
22 
29 
0 
17 
26 
15 
25 
26 
23 
16 
9 
2 
7 
16 
5 
6 
5 
0 
1 
10 
12 
26 
31 
52 
34 
47 
23 
16 
0 
10 
6 
21 
13 
0 
8 
32 
25 
26 
31 
32 
25 
2 
18 
7 
16 
0 
0 
2 
1 
5 
13 
0 
17 
26 
31 
40 
25 
42 
7 
8 
0 
8 
9 
2 
0 
7 
30 
21 
16 
1 
23 
33 
47 
41 
58 
71 
47 
23 
7 
8 
16 
24 
15 
14 
21 
7 
0 
17 
74 
87 
48 
24 
2 
5 
17 
2 
37 
32 
7 
30 
37 
8 
1 
31 
40 
33 
42 
55 
48 
32 
24 
2 
1 
2 
2 
8 
15 
6 
2 
23 
24 
17 
34 
23 
24 
24 
13 
1 
5 
2 
0 
15 
1 
5 
0 
16 
25 
50 
55 
55 
39 
7 
23 
39 
7 
24 
8 
7 
24 
23 
39 
46 
5 
24 
33 
50 
40 
45 
33 
18 
2 
8 
15 
8 
7 
10 
22 
5 
0 
4 
10 
23 
49 
34 
31 
31 
32 
2 
22 
32 
23 
38 
8 
0 
9 
7 
12 
34 
55 
52 
66 
63 
48 
24 
5 
1 
13 
13 
24 
16 
15 
6 
13 
15 
32 
33 
34 
39 
39 
32 
32 
16 
8 
10 
6 
13 
29 
8 
7 
6 
18 
32 
48 
6 
10 
15 
24 
16 
13 
17 
26 
18 
26 
26 
10 
23 
23 
47 
47 
31 
15 
15 
8 
24 
16 
16 
24 
16 
15 
7 
1 
2 
15 
16 
33 
34 
31 
16 
16 
22 
21 
16 
15 
30 
24 
14 
0 
25 
35 
34 
28 
26 
32 
41 
39 
56 
53 
41 
42 
42 
50 
30 
21 
29 
16 
7 
6 
2 
0 
0 
1 
26 
15 
16 
8 
5 
2 
5 
10 
18 
10 
15 
15 
23 
24 
32 
21 
37 
37 
21 
13 
16 
23 
18 
1 
10 
31 
0 
0 
5 
21 
5 
33 
30 
21 
13 
29 
5 
2 
2 
18 
18 
30 
5 
15 
7 
8 
32 
37 
49 
42 
34 
50 
34 
26 
17 
42 
26 
18 
10 
2 
14 
2 
39 
40 
21 
17 
10 
0 
8 
0 
8 
21 
29 
21 
13 
2 
13 
17 
10 
18 
23 
24 
7 
21 
57 
18 
18 
13 
24 
16 
40 
32 
7 
9 
10 
23 
52 
50 
42 
39 
24 
16 
5 
2 
6 
13 
2 
8 
16 
7 
1 
10 
23 
24 
25 
23 
40 
24 
17 
2 
16 
0 
1 
5 
0 
7 
6 
10 
16 
17 
26 
56 
45 
33 
10 
7 
7 
8 
0 
0 
14 
21 
8 
12 
5 
15 
49 
42 
39 
40 
24 
13 
5 
2 
1 
5 
10 
0 
0 
0 
2 
17 
18 
7 
16 
17 
26 
15 
24 
2 
9 
10 
2 
8 
15 
23 
1 
7 
8 
17 
34 
48 
37 
57 
34 
0 
7 
7 
7 
7 
34 
22 
13 
8 
9 
5 
23 
36 
34 
39 
24 
40 
37 
9 
21 
24 
8 
19 
21 
0 
1 
31 
44 
58 
39 
29 
17 
2 
2 
0 
16 
7 
6 
21 
40 
38 
24 
6 
12 
26 
44 
74 
80 
73 
50 
42 
42 
18 
2 
5 
21 
13 
8 
0 
7 
13 
25 
34 
23 
24 
5 
9 
2 
16 
7 
23 
6 
8 
7 
30 
16 
1 
7 
25 
39 
33 
58 
47 
64 
32 
16 
5 
10 
22 
5 
32 
7 
17 
15 
28 
26 
31 
16 
9 
2 
8 
2 
1 
10 
7 
0 
9 
10 
15 
8 
37 
57 
50 
47 
39 
8 
16 
40 
13 
18 
34 
18 
6 
5 
5 
16 
0 
1 
23 
24 
25 
34 
31 
8 
16 
9 
10 
2 
0 
8 
7 
9 
2 
7 
16 
25 
50 
55 
40 
48 
16 
8 
16 
24 
8 
34 
30 
21 
16 
23 
1 
34 
63 
64 
56 
24 
32 
31 
15 
13 
21 
13 
32 
32 
15 
17 
34 
15 
25 
10 
7 
12 
10 
7 
16 
8 
9 
10 
18 
2 
7 
23 
24 
32 
37 
45 
41 
34 
34 
6 
10 
26 
18 
6 
5 
21 
16 
15 
14 
13 
0 
17 
23 
17 
10 
16 
25 
15 
16 
1 
2 
7 
12 
5 
0 
4 
26 
47 
48 
33 
42 
47 
39 
24 
7 
26 
14 
13 
24 
23 
14 
2 
23 
36 
18 
31 
56 
41 
26 
15 
7 
16 
8 
0 
18 
6 
2 
0 
0 
6 
10 
16 
25 
31 
24 
17 
26 
2 
0 
24 
9 
10 
48 
24 
17 
26 
23 
12 
26 
39 
48 
49 
18 
2 
16 
16 
7 
7 
14 
24 
11 
5 
12 
26 
24 
33 
55 
56 
49 
34 
26 
7 
7 
8 
7 
30 
37 
44 
45 
43 
4 
18 
41 
60 
50 
55 
80 
80 
72 
55 
30 
29 
8 
8 
32 
